data/levels/bonus2/level15.stl
1 0 0.009991071186959743 0 0
2 0 0.009991071186959743 0 0
3 0 0.009991071186959743 0 0
4 0 0.009991071186959743 0 0
5 0 0.009991071186959743 0 0
6 0 0.009991071186959743 0 0
7 0 0.009991071186959743 0 0
8 0 0.009991071186959743 0 0
9 0 0.009991071186959743 0 0
10 0 0.009991071186959743 0 0
11 0 0.009991071186959743 0 0
12 0 0.009991071186959743 0 0
13 0 0.009991071186959743 0 0
14 0 0.009991071186959743 0 0
15 0 0.009991071186959743 0 0
16 0 0.009991071186959743 0 0
17 0 0.009991071186959743 0 0
18 2 0.009991071186959743 0 0
19 2 0.010137120261788368 0 0
20 2 0.010289708152413368 0 0
21 2 0.010448834858834743 0 0
22 2 0.010614502243697643 0 0
23 2 0.010786708444356918 0 0
24 2 0.010965454392135143 0 0
25 2 0.011150739155709743 0 0
26 2 0.011342564597725868 0 0
27 2 0.011540927924215794 0 0
28 2 0.011745831929147243 0 0
29 2 0.011957274749875069 0 0
30 2 0.012175257317721844 0 0
31 2 0.012399779632687569 0 0
32 2 0.012630841694772243 0 0
33 2 0.012868442572653294 0 0
34 2 0.013112583197653294 0 0
35 2 0.013363263569772243 0 0
36 2 0.013620482757687569 0 0
37 2 0.013884241692721844 0 0
38 2 0.014154540374875069 0 0
39 18 0.014431378804147243 0 0
40 18 0.014714756049215794 0 0
41 18 0.015004673041403294 0 0
42 18 0.015301129780709743 0 0
43 18 0.015604125335812569 0 0
44 18 0.01591366156935692 0 0
45 18 0.01622973568737507 0 0
46 18 0.01655234955251217 0 0
47 18 0.01698189787566662 0 0
48 18 0.017321951687335968 0 0
49 18 0.017670724540948868 0 0
50 18 0.018028216436505318 0 0
51 18 0.018394427374005318 0 0
52 2 0.018769357353448868 0 0
53 2 0.019153006374835968 0 0
54 2 0.01954537443816662 0 0
55 2 0.019946463406085968 0 0
56 2 0.020356271415948868 0 0
57 2 0.020774798467755318 0 0
58 2 0.021202044561505318 0 0
59 2 0.021638009697198868 0 0
60 2 0.022082693874835968 0 0
61 2 0.02253609709441662 0 0
62 2 0.022982526570558548 0 0
63 2 0.02342895418405533 0 0
64 2 0.023875383660197258 0 0
65 2 0.024321813136339188 0 0
66 2 0.024768240749835968 0 0
67 2 0.025214670225977898 0 0
68 0 0.025661097839474678 0 0
69 0 0.026097716763615608 0 0
70 0 0.026524526998400688 0 0
71 0 0.026941528543829918 0 0
72 0 0.027348719537258148 0 0
73 0 0.027746101841330528 0 0
74 0 0.028133675456047058 0 0
75 0 0.028511440381407738 0 0
76 0 0.028879394754767418 0 0
77 0 0.029237540438771248 0 0
78 0 0.02958587557077408 0 0
79 0 0.029924403876066208 0 0
80 0 0.030253121629357338 0 0
81 0 0.030572030693292618 0 0
82 0 0.03078291565179825 0 0
83 0 0.03108220547437668 0 0
84 16 0.03137168660759926 0 0
85 16 0.03165135905146599 0 0
86 16 0.03192121908068657 0 0
87 16 0.0321812741458416 0 0
88 18 0.03243151679635048 0 0
89 18 0.03268830105662346 0 0
90 18 0.03295162320137024 0 0
91 18 0.03322148695588112 0 0
92 18 0.0334978885948658 0 0
93 18 0.03378083184361458 0 0
94 18 0.03407031297683716 0 0
95 18 0.03436633199453354 0 0
96 18 0.03466889262199402 0 0
97 18 0.0349779911339283 0 0
98 18 0.03529363125562668 0 0
99 18 0.03561580926179886 0 0
100 18 0.03604492172598839 0 0
101 18 0.03638453781604767 0 0
102 18 0.03673287481069565 0 0
103 18 0.03708993270993233 0 0
104 18 0.03745570406317711 0 0
105 18 0.03783020004630089 0 0
106 18 0.03821341320872307 0 0
107 18 0.03860534727573395 0 0
108 18 0.03900599852204323 0 0
109 18 0.03941537067294121 0 0
110 18 0.03983346000313759 0 0
111 2 0.04026027023792267 0 0
112 2 0.04069580137729645 0 0
113 2 0.04114004969596863 0 0
114 2 0.04159301891922951 0 0
115 2 0.04203944653272629 0 0
116 2 0.04248587414622307 0 0
117 2 0.04293230175971985 0 0
118 2 0.04337873309850693 0 0
119 2 0.04382516071200371 0 0
120 2 0.04427158832550049 0 0
121 2 0.04471801593899727 0 0
122 2 0.04516444727778435 0 0
123 2 0.04561087489128113 0 0
124 2 0.04605730250477791 0 0
125 2 0.04650373011827469 0 0
126 2 0.04695016145706177 0 0
127 2 0.04739658907055855 0 0
128 2 0.04784301668405533 0 0
129 2 0.04828944429755211 0 0
130 2 0.04873587563633919 0 0
131 2 0.04918230324983597 0 0
132 0 0.04962873086333275 0 0
133 0 0.0499105341732502 0 0
134 0 0.04981231689453125 0 0
135 0 0.04981231689453125 0 0
136 0 0.04981231689453125 0 0
137 0 0.04981231689453125 0 0
138 0 0.04981231689453125 0 0
139 0 0.04981231689453125 0 0
140 0 0.04981231689453125 0 0
141 0 0.04981231689453125 0 0
142 0 0.04981231689453125 0 0
143 0 0.04981231689453125 0 0
144 0 0.04981231689453125 0 0
145 0 0.04981231689453125 0 0
146 0 0.04981231689453125 0 0
147 0 0.04981231689453125 0 0
148 0 0.04981231689453125 0 0
149 0 0.04981231689453125 0 0
150 0 0.04981231689453125 0 0
151 0 0.04981231689453125 0 0
152 0 0.04981231689453125 0 0
153 0 0.04981231689453125 0 0
154 0 0.04981231689453125 0 0
155 0 0.04981231689453125 0 0
156 0 0.04981231689453125 0 0
157 2 0.04981231689453125 0 0
158 2 0.04995836690068245 0 0
159 2 0.05000875145196915 0 0
160 0 0.05000875145196915 0 0
161 0 0.05000875145196915 0 0
162 0 0.05000875145196915 0 0
163 0 0.05000875145196915 0 0
164 0 0.05000875145196915 0 0
165 0 0.05000875145196915 0 0
166 0 0.05000875145196915 0 0
167 0 0.05000875145196915 0 0
168 0 0.05000875145196915 0 0
169 0 0.05000875145196915 0 0
170 0 0.05000875145196915 0 0
171 0 0.05000875145196915 0 0
172 0 0.05000875145196915 0 0
173 0 0.05000875145196915 0 0
174 0 0.05000875145196915 0 0
175 0 0.05000875145196915 0 0
176 2 0.05000875145196915 0 0
177 2 0.05000875145196915 0 0
178 2 0.05000875145196915 0 0
179 2 0.05000875145196915 0 0
180 18 0.05000875145196915 0 0
181 18 0.05000875145196915 0 0
182 18 0.05000875145196915 0 0
183 18 0.05000875145196915 0 0
184 18 0.05000875145196915 0 0
185 18 0.05018095672130585 0 0
186 18 0.05035970360040665 0 0
187 18 0.05054498836398125 0 0
188 2 0.050736814737319946 0 0
189 2 0.050935178995132446 0 0
190 0 0.05114008113741875 0 0
191 0 0.051335178315639496 0 0
192 0 0.051520463079214096 0 0
193 0 0.051695939153432846 0 0
194 0 0.051861606538295746 0 0
195 0 0.0520174615085125 0 0
196 0 0.052163511514663696 0 0
197 0 0.05229974910616875 0 0
198 0 0.052426181733608246 0 0
199 0 0.052542801946401596 0 0
200 0 0.052649613469839096 0 0
201 0 0.052746616303920746 0 0
202 0 0.05283380672335625 0 0
203 0 0.052911192178726196 0 0
204 0 0.05297876521945 0 0
205 0 0.053036533296108246 0 0
206 0 0.053084488958120346 0 0
207 0 0.0528658963739872 0 0
208 0 0.0528658963739872 0 0
209 0 0.0528658963739872 0 0
210 0 0.0528658963739872 0 0
211 0 0.05286480486392975 0 0
212 0 0.0528658963739872 0 0
213 0 0.05286480486392975 0 0
214 0 0.0528658963739872 0 0
215 16 0.05286480486392975 0 0
216 18 0.05286480486392975 0 0
217 18 0.0528658963739872 0 0
218 18 0.0528658963739872 0 0
219 18 0.0528658963739872 0 0
220 18 0.0530315600335598 0 0
221 18 0.0532037690281868 0 0
222 18 0.0533825121819973 0 0
223 18 0.0535678006708622 0 0
224 18 0.0537596233189106 0 0
225 18 0.0539579875767231 0 0
226 18 0.0541628934442997 0 0
227 18 0.0543743334710598 0 0
228 18 0.0545923188328743 0 0
229 18 0.0548168383538723 0 0
230 18 0.0550479032099247 0 0
231 18 0.0552855022251606 0 0
232 18 0.0555296428501606 0 0
233 18 0.0557803250849247 0 0
234 2 0.0560375414788723 0 0
235 0 0.0563013032078743 0 0
236 0 0.05655525252223015 0 0
237 0 0.05679939314723015 0 0
238 0 0.0570337250828743 0 0
239 0 0.0572582446038723 0 0
240 0 0.05747295916080475 0 0
241 0 0.05767786130309105 0 0
242 0 0.0578729584813118 0 0
243 0 0.0580582432448864 0 0
244 0 0.05823371931910515 0 0
245 0 0.05839938670396805 0 0
246 0 0.0585552416741848 0 0
247 0 0.058701291680336 0 0
248 0 0.05883752927184105 0 0
249 0 0.05896396189928055 0 0
250 0 0.0590805821120739 0 0
251 0 0.0591873936355114 0 0
252 0 0.05928439646959305 0 0
253 0 0.05937158688902855 0 0
254 0 0.0594489723443985 0 0
255 0 0.0595165453851223 0 0
256 0 0.05957431346178055 0 0
257 2 0.05962226912379265 0 0
258 2 0.05976831540465355 0 0
259 2 0.05992090329527855 0 0
260 2 0.06008003279566765 0 0
261 2 0.06024570018053055 0 0
262 2 0.06041790544986725 0 0
263 2 0.06059665232896805 0 0
264 2 0.06078193709254265 0 0
265 2 0.06097375974059105 0 0
266 2 0.06117212399840355 0 0
267 2 0.06137702986598015 0 0
268 2 0.06158847361803055 0 0
269 2 0.06180645525455475 0 0
270 2 0.06203097850084305 0 0
271 2 0.06226203963160515 0 0
272 18 0.06249963864684105 0 0
273 18 0.06274378299713135 0 0
274 18 0.06299445778131485 0 0
275 18 0.06325168162584305 0 0
276 18 0.06351543962955475 0 0
277 18 0.06378573924303055 0 0
278 18 0.06406257301568985 0 0
279 18 0.06434595584869385 0 0
280 18 0.06463587284088135 0 0
281 18 0.06493232399225235 0 0
282 18 0.06523532420396805 0 0
283 18 0.06554485857486725 0 0
284 18 0.06586093455553055 0 0
285 18 0.06618354469537735 0 0
286 18 0.0666130930185318 0 0
287 18 0.066953144967556 0 0
288 18 0.0673019215464592 0 0
289 18 0.0676594078540802 0 0
290 18 0.0680256187915802 0 0
291 18 0.0684005543589592 0 0
292 2 0.068784199655056 0 0
293 2 0.0691765695810318 0 0
294 2 0.069577656686306 0 0
295 2 0.0699874684214592 0 0
296 2 0.0704059898853302 0 0
297 2 0.0708332359790802 0 0
298 2 0.0712692067027092 0 0
299 2 0.071713887155056 0 0
300 2 0.0721672922372818 0 0
301 2 0.07261372357606888 0 0
302 2 0.07306014746427536 0 0
303 2 0.07350657880306244 0 0
304 2 0.07395301014184952 0 0
305 2 0.074399434030056 0 0
306 2 0.07484586536884308 0 0
307 2 0.07529229670763016 0 0
308 2 0.07573872059583664 0 0
309 2 0.07618515193462372 0 0
310 2 0.0766315758228302 0 0
311 2 0.07707800716161728 0 0
312 2 0.07752443850040436 0 0
313 2 0.07797086238861084 0 0
314 2 0.07841729372739792 0 0
315 2 0.078863725066185 0 0
316 0 0.07931014895439148 0 0
317 0 0.07974676787853241 0 0
318 0 0.08017358183860779 0 0
319 0 0.08059058338403702 0 0
320 0 0.0809977725148201 0 0
321 0 0.08139515668153763 0 0
322 0 0.08178272843360901 0 0
323 0 0.08216049522161484 0 0
324 0 0.08252844959497452 0 0
325 0 0.08288659155368805 0 0
326 0 0.08323492854833603 0 0
327 1 0.08357345312833786 0 0
328 1 0.08389890193939209 0 0
329 1 0.08421127498149872 0 0
330 1 0.0844123512506485 0 0
331 1 0.08469856530427933 0 0
332 1 0.08497169613838196 0 0
333 1 0.08523175120353699 0 0
334 1 0.08547872304916382 0 0
335 1 0.08571261912584305 0 0
336 1 0.08593343198299408 0 0
337 1 0.08614116907119751 0 0
338 1 0.08633583039045334 0 0
339 1 0.08651740849018097 0 0
340 1 0.086685910820961 0 0
341 1 0.08684132993221283 0 0
342 1 0.08713410794734955 0 0
343 1 0.08726336807012558 0 0
344 1 0.08713410794734955 0 0
345 1 0.08713410794734955 0 0
346 1 0.08713410794734955 0 0
347 1 0.08713410794734955 0 0
348 1 0.08713410794734955 0 0
349 1 0.08713410794734955 0 0
350 1 0.08713410794734955 0 0
351 17 0.08713410794734955 0 0
352 17 0.08713410794734955 0 0
353 17 0.08713410794734955 0 0
354 17 0.08713410794734955 0 0
355 17 0.08713410794734955 0 0
356 17 0.08696189522743225 0 0
357 17 0.08678315579891205 0 0
358 17 0.08659786731004715 0 0
359 1 0.08640604466199875 0 0
360 1 0.08620768040418625 0 0
361 1 0.08600277453660965 0 0
362 1 0.08579133450984955 0 0
363 1 0.08557334542274475 0 0
364 1 0.08534882962703705 0 0
365 1 0.08511776477098465 0 0
366 1 0.08488016575574875 0 0
367 1 0.08463602513074875 0 0
368 1 0.08438534289598465 0 0
369 1 0.08412812650203705 0 0
370 0 0.08386436104774475 0 0
371 0 0.0836104154586792 0 0
372 0 0.0833662748336792 0 0
373 0 0.08313193917274475 0 0
374 0 0.08290742337703705 0 0
375 0 0.0826927050948143 0 0
376 0 0.0824878066778183 0 0
377 0 0.08229270577430725 0 0
378 0 0.08210742473602295 0 0
379 0 0.0819319486618042 0 0
380 0 0.081766277551651 0 0
381 0 0.08161042630672455 0 0
382 0 0.08146437257528305 0 0
383 0 0.0813281387090683 0 0
384 0 0.0813281387090683 0 0
385 0 0.0813281387090683 0 0
386 0 0.0813281387090683 0 0
387 0 0.0813281387090683 0 0
388 0 0.0813281387090683 0 0
389 0 0.0813281387090683 0 0
390 0 0.0813281387090683 0 0
391 0 0.0813281387090683 0 0
392 0 0.0813281387090683 0 0
393 0 0.0813281387090683 0 0
394 0 0.0813281387090683 0 0
395 0 0.0813281387090683 0 0
396 0 0.0813281387090683 0 0
397 0 0.0813281387090683 0 0
398 0 0.0813281387090683 0 0
399 0 0.0813281387090683 0 0
400 16 0.0813281387090683 0 0
401 16 0.0813281387090683 0 0
402 18 0.0813281387090683 0 0
403 18 0.0814741849899292 0 0
404 18 0.0816267728805542 0 0
405 18 0.0817859023809433 0 0
406 18 0.0819515660405159 0 0
407 18 0.0821237713098526 0 0
408 18 0.0823025181889534 0 0
409 18 0.0824878066778183 0 0
410 18 0.0826796293258667 0 0
411 18 0.0828779935836792 0 0
412 18 0.0830828994512558 0 0
413 18 0.0832943394780159 0 0
414 18 0.0835123211145401 0 0
415 18 0.0837368443608284 0 0
416 18 0.0839679092168808 0 0
417 18 0.0842055082321167 0 0
418 18 0.08429446816444397 0 0
419 18 0.08429446816444397 0 0
420 18 0.08429446816444397 0 0
421 18 0.08429446816444397 0 0
422 18 0.08429446816444397 0 0
423 18 0.08429446816444397 0 0
424 18 0.08429446816444397 0 0
425 18 0.08429446816444397 0 0
426 18 0.08448629081249237 0 0
427 18 0.08468465507030487 0 0
428 18 0.08429446816444397 0 0
429 18 0.08429446816444397 0 0
430 2 0.08429446816444397 0 0
431 2 0.08429446816444397 0 0
432 2 0.08429446816444397 0 0
433 2 0.08429446816444397 0 0
434 0 0.08429446816444397 0 0
435 0 0.08429446816444397 0 0
436 0 0.08429446816444397 0 0
437 0 0.08429446816444397 0 0
438 1 0.08429446816444397 0 0
439 1 0.08414841443300247 0 0
440 1 0.08399582654237747 0 0
441 1 0.08383670449256897 0 0
442 1 0.08367103338241577 0 0
443 1 0.08349882811307907 0 0
444 1 0.08332008123397827 0 0
445 1 0.08313480019569397 0 0
446 1 0.08294297009706497 0 0
447 1 0.08274460583925247 0 0
448 1 0.08253970742225647 0 0
449 1 0.08232825994491577 0 0
450 1 0.08211027830839157 0 0
451 1 0.08188575506210327 0 0
452 1 0.08165469765663147 0 0
453 1 0.08141709119081497 0 0
454 0 0.08117295056581497 0 0
455 0 0.08093862235546112 0 0
456 0 0.08071409910917282 0 0
457 0 0.08049938827753067 0 0
458 0 0.08029448240995407 0 0
459 0 0.08009938895702362 0 0
460 2 0.07991410046815872 0 0
461 2 0.07974189519882202 0 0
462 2 0.07958277314901352 0 0
463 2 0.07943671941757202 0 0
464 2 0.07930374890565872 0 0
465 2 0.07944980263710022 0 0
466 0 0.07960239052772522 0 0
467 0 0.07974516600370407 0 0
468 0 0.07987813651561737 0 0
469 0 0.07987813651561737 0 0
470 0 0.07987813651561737 0 0
471 0 0.07987813651561737 0 0
472 0 0.07987813651561737 0 0
473 0 0.07987813651561737 0 0
474 2 0.07987813651561737 0 0
475 2 0.08002418279647827 0 0
476 2 0.08017677068710327 0 0
477 2 0.08033590018749237 0 0
478 0 0.08050156384706497 0 0
479 0 0.08065742254257202 0 0
480 0 0.08080347627401352 0 0
481 0 0.08093971014022827 0 0
482 0 0.08093971014022827 0 0
483 0 0.08093971014022827 0 0
484 0 0.08093971014022827 0 0
485 0 0.08093971014022827 0 0
486 0 0.08093971014022827 0 0
487 0 0.08093971014022827 0 0
488 0 0.08093971014022827 0 0
489 0 0.08093971014022827 0 0
490 0 0.08093971014022827 0 0
491 0 0.08093971014022827 0 0
492 0 0.08093971014022827 0 0
493 0 0.08093971014022827 0 0
494 0 0.08093971014022827 0 0
495 0 0.08093971014022827 0 0
496 0 0.08093971014022827 0 0
497 0 0.08093971014022827 0 0
498 0 0.08093971014022827 0 0
499 2 0.08093971014022827 0 0
500 2 0.08108576387166977 0 0
501 2 0.08123835176229477 0 0
502 0 0.08139747381210327 0 0
503 0 0.08154679089784622 0 0
504 0 0.08168630301952362 0 0
505 0 0.08181600272655487 0 0
506 0 0.08181600272655487 0 0
507 0 0.08181600272655487 0 0
508 2 0.08181600272655487 0 0
509 2 0.08196204900741577 0 0
510 2 0.08211463689804077 0 0
511 2 0.08227376639842987 0 0
512 0 0.08243943005800247 0 0
513 0 0.08259528875350952 0 0
514 0 0.08274134248495102 0 0
515 0 0.08287757635116577 0 0
516 0 0.08287757635116577 0 0
517 2 0.08287757635116577 0 0
518 2 0.08302363008260727 0 0
519 2 0.08317621797323227 0 0
520 2 0.08333534002304077 0 0
521 2 0.08350101113319397 0 0
522 0 0.08367321640253067 0 0
523 0 0.08383560925722122 0 0
524 0 0.08398819714784622 0 0
525 0 0.08413098007440567 0 0
526 0 0.08426395058631897 0 0
527 0 0.08438710868358612 0 0
528 0 0.08450046181678772 0 0
529 0 0.08460400253534317 0 0
530 0 0.08469773083925247 0 0
531 2 0.08478165417909622 0 0
532 2 0.08492770791053772 0 0
533 0 0.08508029580116272 0 0
534 0 0.08522307127714157 0 0
535 0 0.08535604178905487 0 0
536 0 0.08547919988632202 0 0
537 0 0.08559255301952362 0 0
538 0 0.08559255301952362 0 0
539 0 0.08559255301952362 0 0
540 0 0.08559255301952362 0 0
541 0 0.08559255301952362 0 0
542 0 0.08559255301952362 0 0
543 0 0.08559255301952362 0 0
544 0 0.08559255301952362 0 0
545 0 0.08559255301952362 0 0
546 0 0.08559255301952362 0 0
547 0 0.08559255301952362 0 0
548 2 0.08559255301952362 0 0
549 2 0.08573859930038452 0 0
550 0 0.08589118719100952 0 0
551 0 0.08603397011756897 0 0
552 0 0.08616694062948227 0 0
553 0 0.08616694062948227 0 0
554 0 0.08616694062948227 0 0
555 0 0.08616694062948227 0 0
556 0 0.08616694062948227 0 0
557 0 0.08616694062948227 0 0
558 0 0.08616694062948227 0 0
559 0 0.08616694062948227 0 0
560 0 0.08616694062948227 0 0
561 0 0.08616694062948227 0 0
562 0 0.08616694062948227 0 0
563 0 0.08616694062948227 0 0
564 0 0.08616694062948227 0 0
565 0 0.08616694062948227 0 0
566 2 0.08616694062948227 0 0
567 2 0.08631298691034317 0 0
568 2 0.08646557480096817 0 0
569 0 0.08662470430135727 0 0
570 0 0.08677402138710022 0 0
571 0 0.08691352605819702 0 0
572 0 0.08704322576522827 0 0
573 0 0.08716312050819397 0 0
574 0 0.08727320283651352 0 0
575 0 0.08737347275018692 0 0
576 0 0.08746393769979477 0 0
577 0 0.08754459023475647 0 0
578 0 0.08761543035507202 0 0
579 0 0.08767646551132202 0 0
580 0 0.08772769570350647 0 0
581 0 0.08776911348104477 0 0
582 0 0.08780071884393692 0 0
583 0 0.08782251924276352 0 0
584 0 0.08783450722694397 0 0
585 0 0.08783450722694397 0 0
586 0 0.08783450722694397 0 0
587 0 0.08783450722694397 0 0
588 0 0.08783450722694397 0 0
589 0 0.08783450722694397 0 0
590 2 0.08783450722694397 0 0
591 2 0.08798055350780487 0 0
592 18 0.08813314139842987 0 0
593 18 0.08829227089881897 0 0
594 18 0.08845793455839157 0 0
595 18 0.08863013982772827 0 0
596 18 0.08880888670682907 0 0
597 18 0.08899417519569397 0 0
598 18 0.08918599784374237 0 0
599 18 0.08938436210155487 0 0
600 18 0.08958926796913147 0 0
601 18 0.08980070799589157 0 0
602 18 0.09001868963241577 0 0
603 18 0.09024321287870407 0 0
604 18 0.09047427773475647 0 0
605 18 0.09071187674999237 0 0
606 18 0.09095601737499237 0 0
607 18 0.09120669960975647 0 0
608 2 0.09146391600370407 0 0
609 2 0.09172767400741577 0 0
610 2 0.09199797362089157 0 0
611 2 0.09227481484413147 0 0
612 2 0.09255819022655487 0 0
613 2 0.09284810721874237 0 0
614 2 0.09314456582069397 0 0
615 2 0.09344755858182907 0 0
616 2 0.09375709295272827 0 0
617 2 0.09407316893339157 0 0
618 2 0.09439578652381897 0 0
619 2 0.09482532739639282 0 0
620 2 0.09516538679599762 0 0
621 2 0.09551415592432022 0 0
622 2 0.09587164968252182 0 0
623 2 0.09623786062002182 0 0
624 2 0.09661278873682022 0 0
625 2 0.09699644148349762 0 0
626 2 0.09738880395889282 0 0
627 2 0.09778989851474762 0 0
628 2 0.09819970279932022 0 0
629 2 0.09861823171377182 0 0
630 2 0.09904547780752182 0 0
631 2 0.09948144108057022 0 0
632 2 0.09992612898349762 0 0
633 2 0.10037952661514282 0 0
634 2 0.1008259579539299 0 0
635 0 0.10127238929271698 0 0
636 0 0.10170900821685791 0 0
637 0 0.10213581472635269 0 0
638 2 0.10255281627178192 0 0
639 2 0.10297853499650955 0 0
640 2 0.10341297835111618 0 0
641 2 0.10385613888502121 0 0
642 0 0.10430801659822464 0 0
643 0 0.10475008189678192 0 0
644 0 0.10518234223127365 0 0
645 0 0.10560479015111923 0 0
646 0 0.10601743310689926 0 0
647 0 0.10642026364803314 0 0
648 0 0.10681328922510147 0 0
649 0 0.10719650238752365 0 0
650 0 0.10756991058588028 0 0
651 0 0.10793349891901016 0 0
652 0 0.10828728973865509 0 0
653 2 0.10863126814365387 0 0
654 2 0.10898396372795105 0 0
655 2 0.10934537649154663 0 0
656 2 0.10971551388502121 0 0
657 2 0.11009436100721359 0 0
658 2 0.11048194020986557 0 0
659 2 0.11087822914123535 0 0
660 0 0.11128324270248413 0 0
661 0 0.11167844384908676 0 0
662 0 0.11206384003162384 0 0
663 0 0.11243942379951477 0 0
664 0 0.11280519515275955 0 0
665 0 0.11316116154193878 0 0
666 0 0.11350732296705246 0 0
667 0 0.11384366452693939 0 0
668 0 0.11417020857334137 0 0
669 0 0.1144869327545166 0 0
670 0 0.11469563841819763 0 0
671 0 0.11499275267124176 0 0
672 18 0.11528005450963974 0 0
673 18 0.11557389050722122 0 0
674 18 0.1158742755651474 0 0
675 18 0.11618119478225708 0 0
676 18 0.11649465560913086 0 0
677 18 0.11681465059518814 0 0
678 18 0.11713284254074097 0 1
0 0 0.11713284254074097 0 1
1 0 0.009991071186959743 0 0
2 0 0.009991071186959743 0 0
3 0 0.009991071186959743 0 0
4 0 0.009991071186959743 0 0
5 0 0.009991071186959743 0 0
6 0 0.009991071186959743 0 0
7 16 0.009991071186959743 0 0
8 16 0.009991071186959743 0 0
9 0 0.009991071186959743 0 0
10 0 0.009991071186959743 0 0
11 0 0.009991071186959743 0 0
12 0 0.009991071186959743 0 0
13 0 0.009991071186959743 0 0
14 0 0.009991071186959743 0 0
15 0 0.009991071186959743 0 0
16 0 0.009991071186959743 0 0
17 0 0.009991071186959743 0 0
18 0 0.009991071186959743 0 0
19 0 0.009991071186959743 0 0
20 0 0.009991071186959743 0 0
21 0 0.009991071186959743 0 0
22 0 0.009991071186959743 0 0
23 0 0.009991071186959743 0 0
24 0 0.009991071186959743 0 0
25 0 0.009991071186959743 0 0
26 0 0.009991071186959743 0 0
27 0 0.009991071186959743 0 0
28 0 0.009991071186959743 0 0
29 0 0.009991071186959743 0 0
30 0 0.009991071186959743 0 0
31 0 0.009991071186959743 0 0
32 0 0.009991071186959743 0 0
33 0 0.009991071186959743 0 0
34 0 0.009991071186959743 0 0
35 0 0.009991071186959743 0 0
36 0 0.009991071186959743 0 0
37 0 0.009991071186959743 0 0
38 0 0.009991071186959743 0 0
39 0 0.009991071186959743 0 0
40 0 0.009991071186959743 0 0
41 0 0.009991071186959743 0 0
42 0 0.009991071186959743 0 0
43 0 0.009991071186959743 0 0
44 0 0.009991071186959743 0 0
45 0 0.009991071186959743 0 0
46 0 0.009991071186959743 0 0
47 0 0.009991071186959743 0 0
48 0 0.009991071186959743 0 0
49 0 0.009991071186959743 0 0
50 0 0.009991071186959743 0 0
51 0 0.009991071186959743 0 0
52 0 0.009991071186959743 0 0
53 0 0.009991071186959743 0 0
54 0 0.009991071186959743 0 0
55 0 0.009991071186959743 0 0
56 0 0.009991071186959743 0 0
57 0 0.009991071186959743 0 0
58 0 0.009991071186959743 0 0
59 0 0.009991071186959743 0 0
60 0 0.009991071186959743 0 0
61 0 0.009991071186959743 0 0
62 0 0.009991071186959743 0 0
63 0 0.009991071186959743 0 0
64 0 0.009991071186959743 0 0
65 0 0.009991071186959743 0 0
66 0 0.009991071186959743 0 0
67 0 0.009991071186959743 0 0
68 0 0.009991071186959743 0 0
69 0 0.009991071186959743 0 0
70 0 0.009991071186959743 0 0
71 0 0.009991071186959743 0 0
72 0 0.009991071186959743 0 0
73 0 0.009991071186959743 0 0
74 0 0.009991071186959743 0 0
75 0 0.009991071186959743 0 0
76 0 0.009991071186959743 0 0
77 0 0.009991071186959743 0 0
78 0 0.009991071186959743 0 0
79 0 0.009991071186959743 0 0
80 0 0.009991071186959743 0 0
81 0 0.009991071186959743 0 0
82 0 0.009991071186959743 0 0
83 0 0.009991071186959743 0 0
84 0 0.009991071186959743 0 0
85 0 0.009991071186959743 0 0
86 0 0.009991071186959743 0 0
87 0 0.009991071186959743 0 0
88 0 0.009991071186959743 0 0
89 0 0.009991071186959743 0 0
90 0 0.009991071186959743 0 0
91 0 0.009991071186959743 0 0
92 0 0.009991071186959743 0 0
93 0 0.009991071186959743 0 0
94 0 0.009991071186959743 0 0
95 0 0.009991071186959743 0 0
96 0 0.009991071186959743 0 0
97 0 0.009991071186959743 0 0
98 0 0.009991071186959743 0 0
99 0 0.009991071186959743 0 0
100 0 0.009991071186959743 0 0
101 0 0.009991071186959743 0 0
102 0 0.009991071186959743 0 0
103 0 0.009991071186959743 0 0
104 0 0.009991071186959743 0 0
105 0 0.009991071186959743 0 0
106 0 0.009991071186959743 0 0
107 0 0.009991071186959743 0 0
108 0 0.009991071186959743 0 0
109 0 0.009991071186959743 0 0
110 0 0.009991071186959743 0 0
111 0 0.009991071186959743 0 0
112 0 0.009991071186959743 0 0
113 0 0.009991071186959743 0 0
114 0 0.009991071186959743 0 0
115 0 0.009991071186959743 0 0
116 0 0.009991071186959743 0 0
117 0 0.009991071186959743 0 0
118 0 0.009991071186959743 0 0
119 2 0.009991071186959743 0 0
120 2 0.010137120261788368 0 0
121 2 0.010289708152413368 0 0
122 2 0.010448834858834743 0 0
123 2 0.010614502243697643 0 0
124 2 0.010786708444356918 0 0
125 18 0.010965454392135143 0 0
126 18 0.011150739155709743 0 0
127 18 0.011342564597725868 0 0
128 18 0.011540927924215794 0 0
129 18 0.011745831929147243 0 0
130 18 0.011957274749875069 0 0
131 18 0.012175257317721844 0 0
132 18 0.012399779632687569 0 0
133 18 0.012630841694772243 0 0
134 18 0.012868442572653294 0 0
135 18 0.013112583197653294 0 0
136 18 0.013363263569772243 0 0
137 18 0.013620482757687569 0 0
138 18 0.013884241692721844 0 0
139 2 0.014154540374875069 0 0
140 2 0.014431378804147243 0 0
141 2 0.014714756049215794 0 0
142 2 0.015004673041403294 0 0
143 0 0.015301129780709743 0 0
144 0 0.015587776899337769 0 0
145 0 0.01586461439728737 0 0
146 0 0.01613164320588112 0 0
147 0 0.01638886332511902 0 0
148 0 0.01663627289235592 0 0
149 0 0.01687387377023697 0 0
150 0 0.01710166595876217 0 0
151 0 0.01731964945793152 0 0
152 0 0.01752782240509987 0 0
153 0 0.01772618666291237 0 0
154 0 0.01791474223136902 0 0
155 0 0.01809348724782467 0 0
156 0 0.01826242357492447 0 0
157 0 0.01842155121266842 0 0
158 0 0.01857087016105652 0 0
159 0 0.01871037855744362 0 0
160 0 0.01884007826447487 0 0
161 0 0.01895996928215027 0 0
162 0 0.01907004974782467 0 0
163 0 0.01917032152414322 0 0
164 0 0.01926078461110592 0 0
165 0 0.01934143900871277 0 0
166 0 0.01941228285431862 0 0
167 0 0.01947331801056862 0 0
168 0 0.01952454447746277 0 0
169 0 0.01956596039235592 0 0
170 0 0.01959756761789322 0 0
171 0 0.01961936615407467 0 0
172 0 0.01963135600090027 0 0
173 0 0.01963353529572487 0 0
174 0 0.01962590590119362 0 0
175 0 0.01962808519601822 0 0
176 0 0.01962045580148697 0 0
177 0 0.01962263695895672 0 0
178 0 0.01961500756442547 0 0
179 0 0.01961718685925007 0 0
180 0 0.01960955746471882 0 0
181 0 0.01961173675954342 0 0
182 0 0.01960410736501217 0 0
183 0 0.01960628852248192 0 0
184 0 0.01959865912795067 0 0
185 0 0.01960083842277527 0 0
186 0 0.01959320902824402 0 0
187 0 0.01959538832306862 0 0
188 0 0.01958775892853737 0 0
189 0 0.01958993822336197 0 0
190 0 0.01958230882883072 0 0
191 0 0.01958448998630047 0 0
192 0 0.01957686059176922 0 0
193 0 0.01957903988659382 0 0
194 0 0.01957141049206257 0 0
195 0 0.01957358978688717 0 0
196 0 0.01956596039235592 0 0
197 0 0.01956814154982567 0 0
198 0 0.01956051215529442 0 0
199 0 0.01956269145011902 0 0
200 0 0.01955506205558777 0 0
201 0 0.01955724135041237 0 0
202 0 0.01954961195588112 0 0
203 0 0.01955179125070572 0 0
204 0 0.01954416185617447 0 0
205 0 0.01954634301364422 0 0
206 0 0.01953871361911297 0 0
207 0 0.01954089291393757 0 0
208 0 0.01953326351940632 0 0
209 0 0.01953544281423092 0 0
210 0 0.01953544281423092 0 0
211 0 0.01953544281423092 0 0
212 0 0.01953544281423092 0 0
213 0 0.01953544281423092 0 0
214 0 0.01953544281423092 0 0
215 0 0.01953544281423092 0 0
216 0 0.01953544281423092 0 0
217 0 0.01953544281423092 0 0
218 0 0.01953544281423092 0 0
219 0 0.01953544281423092 0 0
220 0 0.01953544281423092 0 0
221 0 0.01953544281423092 0 0
222 0 0.01953544281423092 0 0
223 0 0.01953544281423092 0 0
224 0 0.01953544281423092 0 0
225 0 0.01953544281423092 0 0
226 0 0.01953544281423092 0 0
227 0 0.01953544281423092 0 0
228 0 0.01953544281423092 0 0
229 0 0.01953544281423092 0 0
230 0 0.01953544281423092 0 0
231 0 0.01953544281423092 0 0
232 0 0.01953544281423092 0 0
233 0 0.01953544281423092 0 0
234 0 0.01953544281423092 0 0
235 0 0.01953544281423092 0 0
236 0 0.01953544281423092 0 0
237 0 0.01953544281423092 0 0
238 0 0.01953544281423092 0 0
239 0 0.01953544281423092 0 0
240 0 0.01953544281423092 0 0
241 0 0.01953544281423092 0 0
242 0 0.01953544281423092 0 0
243 0 0.01953544281423092 0 0
244 0 0.01953544281423092 0 0
245 0 0.01953544281423092 0 0
246 0 0.01953544281423092 0 0
247 0 0.01953544281423092 0 0
248 0 0.01953544281423092 0 0
249 0 0.01953544281423092 0 0
250 0 0.01953544281423092 0 0
251 0 0.01953544281423092 0 0
252 0 0.01953544281423092 0 0
253 0 0.01953544281423092 0 0
254 0 0.01953544281423092 0 0
255 0 0.01953544281423092 0 0
256 0 0.01945054531097412 0 1
256 0 0.01945054531097412 0 1
