data/levels/bonus2/level15.stl
1 0 0.009991071186959743 0 0
2 0 0.009991071186959743 0 0
3 0 0.009991071186959743 0 0
4 0 0.009991071186959743 0 0
5 0 0.009991071186959743 0 0
6 0 0.009991071186959743 0 0
7 0 0.009991071186959743 0 0
8 0 0.009991071186959743 0 0
9 0 0.009991071186959743 0 0
10 0 0.009991071186959743 0 0
11 0 0.009991071186959743 0 0
12 0 0.009991071186959743 0 0
13 0 0.009991071186959743 0 0
14 0 0.009991071186959743 0 0
15 0 0.009991071186959743 0 0
16 0 0.009991071186959743 0 0
17 0 0.009991071186959743 0 0
18 0 0.009991071186959743 0 0
19 0 0.009991071186959743 0 0
20 0 0.009991071186959743 0 0
21 0 0.009991071186959743 0 0
22 0 0.009991071186959743 0 0
23 0 0.009991071186959743 0 0
24 0 0.009991071186959743 0 0
25 0 0.009991071186959743 0 0
26 0 0.009991071186959743 0 0
27 0 0.009991071186959743 0 0
28 0 0.009991071186959743 0 0
29 0 0.009991071186959743 0 0
30 0 0.009991071186959743 0 0
31 0 0.009991071186959743 0 0
32 0 0.009991071186959743 0 0
33 0 0.009991071186959743 0 0
34 0 0.009991071186959743 0 0
35 0 0.009991071186959743 0 0
36 0 0.009991071186959743 0 0
37 0 0.009991071186959743 0 0
38 0 0.009991071186959743 0 0
39 0 0.009991071186959743 0 0
40 0 0.009991071186959743 0 0
41 0 0.009991071186959743 0 0
42 2 0.009991071186959743 0 0
43 2 0.010137120261788368 0 0
44 2 0.010289708152413368 0 0
45 2 0.010448834858834743 0 0
46 2 0.010614502243697643 0 0
47 2 0.010786708444356918 0 0
48 2 0.010965454392135143 0 0
49 2 0.011150739155709743 0 0
50 2 0.011342564597725868 0 0
51 2 0.011540927924215794 0 0
52 2 0.011745831929147243 0 0
53 2 0.011957274749875069 0 0
54 2 0.012175257317721844 0 0
55 2 0.012399779632687569 0 0
56 2 0.012630841694772243 0 0
57 2 0.012868442572653294 0 0
58 2 0.013112583197653294 0 0
59 2 0.013363263569772243 0 0
60 2 0.013620482757687569 0 0
61 2 0.013884241692721844 0 0
62 2 0.014154540374875069 0 0
63 2 0.014431378804147243 0 0
64 2 0.014714756049215794 0 0
65 2 0.015004673041403294 0 0
66 2 0.015301129780709743 0 0
67 2 0.015604125335812569 0 0
68 2 0.01591366156935692 0 0
69 2 0.01622973568737507 0 0
70 2 0.01655234955251217 0 0
71 2 0.01698189787566662 0 0
72 18 0.017321951687335968 0 0
73 18 0.017670724540948868 0 0
74 18 0.018028216436505318 0 0
75 18 0.018394427374005318 0 0
76 18 0.018769357353448868 0 0
77 18 0.019153006374835968 0 0
78 18 0.01954537443816662 0 0
79 2 0.019946463406085968 0 0
80 2 0.020356271415948868 0 0
81 2 0.020774798467755318 0 0
82 2 0.021202044561505318 0 0
83 2 0.021638009697198868 0 0
84 2 0.022082693874835968 0 0
85 2 0.02253609709441662 0 0
86 0 0.022982526570558548 0 0
87 0 0.023419145494699478 0 0
88 1 0.023845955729484558 0 0
89 1 0.02425968647003174 0 0
90 1 0.024660339578986168 0 0
91 1 0.025047913193702698 0 0
92 1 0.025422407314181328 0 0
93 1 0.025783821940422058 0 0
94 0 0.026132158935070038 0 0
95 0 0.026470685377717018 0 0
96 1 0.026799403131008148 0 0
97 1 0.027115043252706528 0 0
98 1 0.02731938846409321 0 0
99 1 0.02760886959731579 0 0
100 1 0.02788527123630047 0 0
101 1 0.02814859338104725 0 0
102 1 0.02839883789420128 0 0
103 1 0.02863600291311741 0 0
104 1 0.02886009030044079 0 0
105 1 0.02907109633088112 0 0
106 1 0.0292690247297287 0 0
107 1 0.02945387363433838 0 0
108 0 0.02962564490735531 0 0
109 0 0.02978760562837124 0 0
110 0 0.02993975766003132 0 0
111 0 0.03008210100233555 0 0
112 0 0.03021463379263878 0 0
113 0 0.03033735789358616 0 0
114 0 0.03045027330517769 0 0
115 0 0.03045027330517769 0 0
116 2 0.03045027330517769 0 0
117 2 0.03059632144868374 0 0
118 2 0.03074890933930874 0 0
119 2 0.03090803697705269 0 0
120 18 0.03107370436191559 0 0
121 18 0.03124590963125229 0 0
122 18 0.03142465651035309 0 0
123 18 0.03160994127392769 0 0
124 18 0.03180176764726639 0 0
125 18 0.03200013190507889 0 0
126 2 0.03220503404736519 0 0
127 2 0.03241647779941559 0 0
128 2 0.03263445943593979 0 0
129 2 0.03285898268222809 0 0
130 2 0.03309004381299019 0 0
131 2 0.03332764655351639 0 0
132 2 0.03357178717851639 0 0
133 2 0.03382246568799019 0 0
134 2 0.03407968580722809 0 0
135 2 0.03434344381093979 0 0
136 2 0.03461374342441559 0 0
137 0 0.03489058092236519 0 0
138 3 0.03515760973095894 0 0
139 3 0.03541482985019684 0 0
140 1 0.03566224128007889 0 0
141 1 0.03589656949043274 0 0
142 1 0.03611782193183899 0 0
143 1 0.03632599860429764 0 0
144 1 0.03652109205722809 0 0
145 1 0.03670310601592064 0 0
146 1 0.03687204420566559 0 0
147 1 0.03702790290117264 0 0
148 1 0.03717067837715149 0 0
149 1 0.03730037808418274 0 0
150 1 0.03715433180332184 0 0
151 1 0.03700174391269684 0 0
152 1 0.03686593845486641 0 0
153 1 0.03670027107000351 0 0
154 1 0.03652806580066681 0 0
155 1 0.03634931892156601 0 0
156 0 0.03616403415799141 0 0
157 0 0.03598855808377266 0 0
158 2 0.03582289069890976 0 0
159 2 0.03567030280828476 0 0
160 2 0.03553079441189766 0 0
161 2 0.03540436178445816 0 0
162 2 0.03555041179060936 0 0
163 2 0.03570299968123436 0 0
164 2 0.03586212545633316 0 0
165 2 0.03602779284119606 0 0
166 0 0.03620000183582306 0 0
167 2 0.03636239841580391 0 0
168 2 0.03653133288025856 0 0
169 2 0.03670680895447731 0 0
170 2 0.03688882663846016 0 0
171 2 0.03707738220691681 0 0
172 0 0.03727247565984726 0 0
173 0 0.03745776042342186 0 0
174 0 0.03763323649764061 0 0
175 0 0.03779890388250351 0 0
176 0 0.03795476257801056 0 0
177 0 0.03810080885887146 0 0
178 0 0.03823705017566681 0 0
179 0 0.03836347907781601 0 0
180 0 0.03848009929060936 0 0
181 0 0.03858691081404686 0 0
182 0 0.03868391364812851 0 0
183 0 0.03877110779285431 0 0
184 0 0.03884848952293396 0 0
185 0 0.03891606628894806 0 0
186 0 0.03897383064031601 0 0
187 0 0.03902178630232811 0 0
188 2 0.03905993327498436 0 0
189 2 0.03920598328113556 0 0
190 2 0.03935857117176056 0 0
191 2 0.03951769694685936 0 0
192 2 0.03968336433172226 0 0
193 2 0.03985556960105896 0 0
194 2 0.04003431648015976 0 0
195 2 0.04021960124373436 0 0
196 2 0.04041142761707306 0 0
197 2 0.04060979187488556 0 0
198 2 0.04081469401717186 0 0
199 2 0.04102613776922226 0 0
200 2 0.04124411940574646 0 0
201 2 0.04146864265203476 0 0
202 2 0.04169970378279686 0 0
203 2 0.04193730652332306 0 0
204 2 0.04218144714832306 0 0
205 2 0.04243212565779686 0 0
206 2 0.04268934577703476 0 0
207 2 0.04295310378074646 0 0
208 2 0.04322340339422226 0 0
209 2 0.04350024089217186 0 0
210 2 0.04378361999988556 0 0
211 2 0.04407353699207306 0 0
212 2 0.04436999186873436 0 0
213 2 0.04467298835515976 0 0
214 2 0.04498252272605896 0 0
215 2 0.04529859870672226 0 0
216 2 0.04562121257185936 0 0
217 2 0.04605076462030411 0 0
218 2 0.04639081656932831 0 0
219 2 0.04673958942294121 0 0
220 2 0.047053392976522446 0 0
221 2 0.0471012219786644 0 0
222 2 0.047151610255241394 0 0
223 2 0.047151610255241394 0 0
224 2 0.047151610255241394 0 0
225 2 0.047151610255241394 0 0
226 2 0.047151610255241394 0 0
227 2 0.047151610255241394 0 0
228 18 0.047151610255241394 0 0
229 18 0.047151610255241394 0 0
230 18 0.047151610255241394 0 0
231 18 0.047151610255241394 0 0
232 18 0.047151610255241394 0 0
233 18 0.047323815524578094 0 0
234 18 0.047502562403678894 0 0
235 18 0.047687847167253494 0 0
236 2 0.047879669815301895 0 0
237 2 0.048078034073114395 0 0
238 2 0.048282939940690994 0 0
239 2 0.048494383692741394 0 0
240 2 0.048712365329265594 0 0
241 2 0.048936888575553894 0 0
242 2 0.049167949706315994 0 0
243 2 0.049405548721551895 0 0
244 2 0.049649689346551895 0 0
245 2 0.049900371581315994 0 0
246 2 0.050157591700553894 0 0
247 2 0.050421349704265594 0 0
248 2 0.050691649317741394 0 0
249 2 0.050968486815690994 0 0
250 2 0.051251862198114395 0 0
251 2 0.051541779190301895 0 0
252 2 0.051838237792253494 0 0
253 2 0.052141234278678894 0 0
254 2 0.052450768649578094 0 0
255 2 0.052766844630241394 0 0
256 2 0.0528658963739872 0 0
257 2 0.0528658963739872 0 0
258 18 0.0528658963739872 0 0
259 18 0.0528658963739872 0 0
260 18 0.0528658963739872 0 0
261 18 0.0528658963739872 0 0
262 18 0.0528658963739872 0 0
263 18 0.0530381016433239 0 0
264 18 0.0532168485224247 0 0
265 18 0.0534021332859993 0 0
266 18 0.0535939559340477 0 0
267 18 0.0537923201918602 0 0
268 2 0.0539972260594368 0 0
269 2 0.0542086698114872 0 0
270 2 0.0544266514480114 0 0
271 2 0.0546511746942997 0 0
272 2 0.0548822358250618 0 0
273 2 0.0551198348402977 0 0
274 2 0.0553639754652977 0 0
275 2 0.0556146577000618 0 0
276 2 0.0558718778192997 0 0
277 2 0.0561356358230114 0 0
278 0 0.0564059354364872 0 0
279 0 0.05666642263531685 0 0
280 0 0.05691710487008095 0 0
281 0 0.0571579746901989 0 0
282 0 0.057389035820961 0 0
283 0 0.05761028826236725 0 0
284 0 0.05782173201441765 0 0
285 0 0.0580233670771122 0 0
286 0 0.0582151897251606 0 0
287 0 0.05839720740914345 0 0
288 0 0.05856941267848015 0 0
289 0 0.058731809258461 0 0
290 0 0.058884397149086 0 0
291 0 0.05902717635035515 0 0
292 0 0.05916014686226845 0 0
293 0 0.05916014686226845 0 0
294 0 0.05916014686226845 0 0
295 0 0.05916014686226845 0 0
296 0 0.05916014686226845 0 0
297 0 0.05916014686226845 0 0
298 0 0.05916014686226845 0 0
299 0 0.05916014686226845 0 0
300 0 0.05916014686226845 0 0
301 0 0.05916014686226845 0 0
302 0 0.05916014686226845 0 0
303 0 0.05916014686226845 0 0
304 2 0.05916014686226845 0 0
305 2 0.05930619314312935 0 0
306 2 0.05945878103375435 0 0
307 2 0.05961791053414345 0 0
308 2 0.05978357419371605 0 0
309 2 0.05995578318834305 0 0
310 2 0.06013452634215355 0 0
311 2 0.06031981483101845 0 0
312 2 0.06051163747906685 0 0
313 2 0.06071000173687935 0 0
314 2 0.06091490760445595 0 0
315 2 0.06112634763121605 0 0
316 2 0.06134433299303055 0 0
317 2 0.06156885251402855 0 0
318 2 0.06179991737008095 0 0
319 2 0.06203751638531685 0 0
320 2 0.06228165701031685 0 0
321 2 0.06253233551979065 0 0
322 2 0.06278955936431885 0 0
323 2 0.06305331736803055 0 0
324 2 0.06332361698150635 0 0
325 2 0.06360045075416565 0 0
326 2 0.06388383358716965 0 0
327 2 0.06417375057935715 0 0
328 2 0.06447020173072815 0 0
329 2 0.06477320194244385 0 0
330 2 0.06508273631334305 0 0
331 2 0.06539881229400635 0 0
332 2 0.06572142243385315 0 0
333 2 0.0661509707570076 0 0
334 2 0.0664910227060318 0 0
335 2 0.066839799284935 0 0
336 2 0.067197285592556 0 0
337 2 0.067563496530056 0 0
338 2 0.067938432097435 0 0
339 2 0.0683220773935318 0 0
340 2 0.0687144473195076 0 0
341 2 0.0691155344247818 0 0
342 2 0.069525346159935 0 0
343 2 0.069943867623806 0 0
344 18 0.070371113717556 0 0
345 18 0.070807084441185 0 0
346 18 0.0712517648935318 0 0
347 18 0.0717051699757576 0 0
348 18 0.07215160131454468 0 0
349 18 0.07259802520275116 0 0
350 0 0.07304445654153824 0 0
351 0 0.07348107546567917 0 0
352 0 0.07390788197517395 0 0
353 0 0.07432488352060318 0 0
354 1 0.07473208010196686 0 0
355 1 0.07512619346380234 0 0
356 1 0.07550722360610962 0 0
357 1 0.0758751779794693 0 0
358 0 0.07623005658388138 0 0
359 0 0.07657512277364731 0 0
360 0 0.07691037654876709 0 0
361 2 0.07723582535982132 0 0
362 2 0.07756999135017395 0 0
363 2 0.07791288197040558 0 0
364 2 0.07826448976993561 0 0
365 2 0.07862481474876404 0 0
366 0 0.07899385690689087 0 0
367 0 0.07935309410095215 0 0
368 0 0.07970251888036728 0 0
369 0 0.08004213869571686 0 0
370 0 0.08037194609642029 0 0
371 0 0.08069194108247757 0 0
372 0 0.08090391755104065 0 0
373 0 0.08120430260896683 0 0
374 0 0.08149486780166626 0 0
375 0 0.08177563548088074 0 0
376 0 0.08204658329486847 0 0
377 0 0.08230772614479065 0 0
378 0 0.08255906403064728 0 0
379 0 0.08280058950185776 0 0
380 0 0.08303230255842209 0 0
381 0 0.08325421065092087 0 0
382 0 0.0834663063287735 0 0
383 0 0.08366859704256058 0 0
384 0 0.08386107534170151 0 0
385 0 0.08404374122619629 0 0
386 0 0.08421660214662552 0 0
387 0 0.08429446816444397 0 0
388 0 0.08429446816444397 0 0
389 1 0.08429446816444397 0 0
390 1 0.08429446816444397 0 0
391 1 0.08414841443300247 0 0
392 1 0.08399582654237747 0 0
393 1 0.08383670449256897 0 0
394 1 0.08367103338241577 0 0
395 1 0.08349882811307907 0 0
396 1 0.08332008123397827 0 0
397 1 0.08313480019569397 0 0
398 1 0.08294297009706497 0 0
399 1 0.08274460583925247 0 0
400 0 0.08253970742225647 0 0
401 0 0.08234461396932602 0 0
402 0 0.08215932548046112 0 0
403 0 0.08198384940624237 0 0
404 0 0.08181818574666977 0 0
405 0 0.08166232705116272 0 0
406 0 0.08151627331972122 0 0
407 0 0.08138003945350647 0 0
408 0 0.08125361055135727 0 0
409 0 0.08113698661327362 0 0
410 0 0.08103017508983612 0 0
411 0 0.08093317598104477 0 0
412 2 0.08084598183631897 0 0
413 2 0.08099202811717987 0 0
414 2 0.08114461600780487 0 0
415 2 0.08130374550819397 0 0
416 2 0.08146940916776657 0 0
417 2 0.08164161443710327 0 0
418 0 0.08182036131620407 0 0
419 0 0.08198929578065872 0 0
420 0 0.08214842528104782 0 0
421 0 0.08229774236679077 0 0
422 0 0.08243725448846817 0 0
423 0 0.08256695419549942 0 0
424 0 0.08256695419549942 0 0
425 0 0.08256695419549942 0 0
426 0 0.08256695419549942 0 0
427 0 0.08256695419549942 0 0
428 0 0.08256695419549942 0 0
429 0 0.08256695419549942 0 0
430 0 0.08256695419549942 0 0
431 0 0.08256695419549942 0 0
432 16 0.08256695419549942 0 0
433 16 0.08256695419549942 0 0
434 18 0.08256695419549942 0 0
435 18 0.08271300047636032 0 0
436 18 0.08286558836698532 0 0
437 18 0.08302471786737442 0 0
438 18 0.08319038152694702 0 0
439 18 0.08336258679628372 0 0
440 18 0.08354133367538452 0 0
441 18 0.08372662216424942 0 0
442 18 0.08391844481229782 0 0
443 18 0.08411680907011032 0 0
444 18 0.08429446816444397 0 0
445 18 0.08429446816444397 0 0
446 2 0.08429446816444397 0 0
447 2 0.08429446816444397 0 0
448 0 0.08429446816444397 0 0
449 0 0.08429446816444397 0 0
450 0 0.08429446816444397 0 0
451 0 0.08429446816444397 0 0
452 0 0.08429446816444397 0 0
453 0 0.08429446816444397 0 0
454 0 0.08429446816444397 0 0
455 0 0.08429446816444397 0 0
456 0 0.08429446816444397 0 0
457 0 0.08429446816444397 0 0
458 0 0.08429446816444397 0 0
459 0 0.08429446816444397 0 0
460 0 0.08429446816444397 0 0
461 0 0.08429446816444397 0 0
462 0 0.08429446816444397 0 0
463 0 0.08429446816444397 0 0
464 0 0.08429446816444397 0 0
465 0 0.08429446816444397 0 0
466 0 0.08429446816444397 0 0
467 0 0.08429446816444397 0 0
468 0 0.08429446816444397 0 0
469 0 0.08429446816444397 0 0
470 0 0.08429446816444397 0 0
471 0 0.08429446816444397 0 0
472 0 0.08429446816444397 0 0
473 0 0.08429446816444397 0 0
474 0 0.08429446816444397 0 0
475 0 0.08429446816444397 0 0
476 0 0.08429446816444397 0 0
477 0 0.08429446816444397 0 0
478 0 0.08429446816444397 0 0
479 0 0.08429446816444397 0 0
480 0 0.08429446816444397 0 0
481 0 0.08429446816444397 0 0
482 0 0.08429446816444397 0 0
483 0 0.08429446816444397 0 0
484 0 0.08429446816444397 0 0
485 0 0.08429446816444397 0 0
486 2 0.08429446816444397 0 0
487 2 0.08444051444530487 0 0
488 0 0.08459310233592987 0 0
489 0 0.08473587781190872 0 0
490 0 0.08486884832382202 0 0
491 0 0.08486884832382202 0 0
492 0 0.08486884832382202 0 0
493 0 0.08486884832382202 0 0
494 0 0.08486884832382202 0 0
495 0 0.08486884832382202 0 0
496 2 0.08486884832382202 0 0
497 2 0.08501490205526352 0 0
498 2 0.08516748994588852 0 0
499 2 0.08532661199569702 0 0
500 0 0.08549228310585022 0 0
501 0 0.08564814180135727 0 0
502 0 0.08579418808221817 0 0
503 0 0.08593042939901352 0 0
504 0 0.08593042939901352 0 0
505 0 0.08593042939901352 0 0
506 0 0.08593042939901352 0 0
507 0 0.08593042939901352 0 0
508 0 0.08593042939901352 0 0
509 0 0.08593042939901352 0 0
510 0 0.08593042939901352 0 0
511 0 0.08593042939901352 0 0
512 0 0.08593042939901352 0 0
513 0 0.08593042939901352 0 0
514 2 0.08593042939901352 0 0
515 2 0.08607647567987442 0 0
516 2 0.08622906357049942 0 0
517 2 0.08638819307088852 0 0
518 0 0.08655385673046112 0 0
519 0 0.08670971542596817 0 0
520 0 0.08685576170682907 0 0
521 0 0.08699200302362442 0 0
522 0 0.08711843192577362 0 0
523 0 0.08723505586385727 0 0
524 0 0.08734186738729477 0 0
525 0 0.08743886649608612 0 0
526 0 0.08752606064081192 0 0
527 0 0.08760344237089157 0 0
528 0 0.08767101913690567 0 0
529 0 0.08772878348827362 0 0
530 0 0.08777674287557602 0 0
531 0 0.08781488984823227 0 0
532 0 0.08784322440624237 0 0
533 0 0.08786175400018692 0 0
534 0 0.08786175400018692 0 0
535 0 0.08786175400018692 0 0
536 0 0.08786175400018692 0 0
537 0 0.08786175400018692 0 0
538 0 0.08786175400018692 0 0
539 0 0.08786175400018692 0 0
540 0 0.08786175400018692 0 0
541 0 0.08786175400018692 0 0
542 0 0.08786175400018692 0 0
543 0 0.08786175400018692 0 0
544 2 0.08786175400018692 0 0
545 2 0.08800780028104782 0 0
546 2 0.08816038817167282 0 0
547 2 0.08831951767206192 0 0
548 2 0.08848518133163452 0 0
549 2 0.08865738660097122 0 0
550 2 0.08883613348007202 0 0
551 2 0.08902142196893692 0 0
552 2 0.08921324461698532 0 0
553 2 0.08941160887479782 0 0
554 18 0.08961651474237442 0 0
555 18 0.08982795476913452 0 0
556 18 0.09004593640565872 0 0
557 18 0.09027045965194702 0 0
558 18 0.09050152450799942 0 0
559 18 0.09073912352323532 0 0
560 18 0.09098326414823532 0 0
561 18 0.09123394638299942 0 0
562 0 0.09149116277694702 0 0
563 2 0.09173857420682907 0 0
564 2 0.09199252724647522 0 0
565 2 0.09225301444530487 0 0
566 2 0.09252004325389862 0 0
567 2 0.09279361367225647 0 0
568 2 0.09307371824979782 0 0
569 2 0.09336036443710327 0 0
570 2 0.09365355223417282 0 0
571 2 0.09395328164100647 0 0
572 0 0.09425954520702362 0 0
573 0 0.09455600380897522 0 0
574 0 0.09484264999628067 0 0
575 0 0.09511948376893997 0 0
576 0 0.09538651257753372 0 0
577 0 0.09564373642206192 0 0
578 2 0.09589114785194397 0 0
579 2 0.09614509344100952 0 0
580 0 0.09640558809041977 0 0
581 0 0.09665626287460327 0 0
582 0 0.09689713269472122 0 0
583 0 0.09712819755077362 0 0
584 0 0.09734944999217987 0 0
585 0 0.09756089001893997 0 0
586 0 0.09776252508163452 0 0
587 0 0.09795435518026352 0 0
588 0 0.09813636541366577 0 0
589 0 0.09830857068300247 0 0
590 0 0.09847097098827362 0 0
591 0 0.09862355887889862 0 0
592 0 0.09876633435487747 0 0
593 0 0.09889930486679077 0 0
594 0 0.09902247041463852 0 0
595 0 0.09913581609725952 0 0
596 0 0.09913581609725952 0 0
597 0 0.09913581609725952 0 0
598 0 0.09913581609725952 0 0
599 0 0.09913581609725952 0 0
600 0 0.09913581609725952 0 0
601 0 0.09913581609725952 0 0
602 2 0.09913581609725952 0 0
603 2 0.09928186982870102 0 0
604 2 0.09943445771932602 0 0
605 2 0.09959357976913452 0 0
606 2 0.09975925087928772 0 0
607 2 0.09993145614862442 0 0
608 2 0.10011020302772522 0 0
609 2 0.10029548406600952 0 0
610 2 0.10048731416463852 0 0
611 2 0.10068567842245102 0 0
612 18 0.10089057683944702 0 0
613 18 0.10110202431678772 0 0
614 18 0.10132000595331192 0 0
615 18 0.10154452919960022 0 0
616 18 0.10177558660507202 0 0
617 18 0.10201319307088852 0 0
618 18 0.10225733369588852 0 0
619 18 0.10250800848007202 0 0
620 18 0.10276523232460022 0 0
621 18 0.10302899032831192 0 0
622 18 0.10329928994178772 0 0
623 18 0.10357612371444702 0 0
624 18 0.10385950654745102 0 0
625 18 0.10414942353963852 0 0
626 0 0.10444587469100952 0 0
627 0 0.10473252087831497 0 0
628 0 0.10500936210155487 0 0
629 0 0.10527639091014862 0 0
630 0 0.10553360730409622 0 0
631 0 0.10578101873397827 0 0
632 0 0.10601862519979477 0 0
633 0 0.10624641180038452 0 0
634 1 0.10646439343690872 0 0
635 1 0.10666929930448532 0 0
636 1 0.10686112195253372 0 0
637 1 0.10703986883163452 0 0
638 1 0.10720553994178772 0 0
639 1 0.10735812783241272 0 0
640 1 0.10749763250350952 0 0
641 1 0.10762406140565872 0 0
642 1 0.10747801512479782 0 0
643 1 0.10732542723417282 0 0
644 0 0.10716629773378372 0 0
645 0 0.10701698064804077 0 0
646 0 0.10687747597694397 0 0
647 0 0.10674777626991272 0 0
648 0 0.10662788152694702 0 0
649 0 0.10651779919862747 0 0
650 0 0.10641752928495407 0 0
651 0 0.10632706433534622 0 0
652 2 0.10624641180038452 0 0
653 2 0.10639246553182602 0 0
654 2 0.10654505342245102 0 0
655 2 0.10670417547225952 0 0
656 2 0.10686984658241272 0 0
657 2 0.10704205185174942 0 0
658 2 0.10722079873085022 0 0
659 2 0.10740607976913452 0 0
660 2 0.10759790986776352 0 0
661 2 0.10779627412557602 0 0
662 18 0.10800117254257202 0 0
663 18 0.10821262001991272 0 0
664 18 0.10843060165643692 0 0
665 18 0.10865512490272522 0 0
666 18 0.10888618230819702 0 0
667 18 0.10912378877401352 0 0
668 18 0.10936792939901352 0 0
669 18 0.10961860418319702 0 0
670 18 0.10987582802772522 0 0
671 18 0.11013958603143692 0 0
672 18 0.11040988564491272 0 0
673 18 0.11068671941757202 0 0
674 18 0.11097010225057602 0 0
675 18 0.11126001924276352 0 0
676 18 0.11155647039413452 0 0
677 18 0.11185947060585022 0 0
678 18 0.11216900497674942 0 0
679 18 0.11248508095741272 0 0
680 1 0.11280769109725952 0 0
681 1 0.11321543902158737 0 0
682 1 0.11341368407011032 0 0
683 1 0.11369705945253372 0 0
684 1 0.11396735906600952 0 0
685 1 0.11422458291053772 0 0
686 1 0.11446872353553772 0 0
687 1 0.11469978094100952 0 0
688 1 0.11491776257753372 0 0
689 1 0.11512266844511032 0 0
690 1 0.11531449109315872 0 0
691 1 0.11549323797225952 0 0
692 1 0.11565890908241272 0 0
693 1 0.11581149697303772 0 0
694 1 0.11595100164413452 0 0
695 1 0.11607743054628372 0 0
696 1 0.11593138426542282 0 0
697 1 0.11577879637479782 0 0
698 1 0.11561966687440872 0 0
699 1 0.11545400321483612 0 0
700 1 0.11528179794549942 0 0
701 1 0.11510305106639862 0 0
702 1 0.11491776257753372 0 0
703 1 0.11472593992948532 0 0
704 1 0.11452757567167282 0 0
705 1 0.11432266980409622 0 0
706 0 0.11411122977733612 0 0
707 2 0.11390959471464157 0 0
708 2 0.11372104287147522 0 0
709 2 0.11354556679725647 0 0
710 2 0.11338316649198532 0 0
711 2 0.11323384940624237 0 0
712 2 0.11309760808944702 0 0
713 2 0.11324366182088852 0 0
714 2 0.11339624971151352 0 0
715 2 0.11355537176132202 0 0
716 2 0.11372104287147522 0 0
717 2 0.11389324814081192 0 0
718 18 0.11407199501991272 0 0
719 18 0.11425727605819702 0 0
720 18 0.11444910615682602 0 0
721 18 0.11464747041463852 0 0
722 0 0.11485236883163452 0 0
723 0 0.11504746228456497 0 0
724 1 0.11523275077342987 0 0
725 1 0.11540495604276657 0 0
726 1 0.11556408554315567 0 0
727 1 0.11571013182401657 0 0
728 1 0.11584310233592987 0 0
729 1 0.11569705605506897 0 0
730 1 0.11554446816444397 0 0
731 1 0.11538533866405487 0 0
732 0 0.11521967500448227 0 0
733 0 0.11506381630897522 0 0
734 2 0.11491776257753372 0 0
735 2 0.11478479951620102 0 0
736 2 0.11493084579706192 0 0
737 2 0.11508343368768692 0 0
738 2 0.11524256318807602 0 0
739 2 0.11540822684764862 0 0
740 2 0.11558043211698532 0 0
741 2 0.11575917899608612 0 0
742 2 0.11594446748495102 0 0
743 2 0.11613629013299942 0 0
744 2 0.11633465439081192 0 0
745 2 0.11653956025838852 0 0
746 0 0.11675100028514862 0 0
747 0 0.11695263534784317 0 0
748 0 0.11714445799589157 0 0
749 0 0.11732647567987442 0 0
750 0 0.11749868094921112 0 0
751 2 0.11766108125448227 0 0
752 2 0.11783001571893692 0 0
753 2 0.11800549179315567 0 0
754 2 0.11818750947713852 0 0
755 2 0.11837606132030487 0 0
756 2 0.11857115477323532 0 0
757 2 0.11877278983592987 0 0
758 0 0.11898096650838852 0 0
759 0 0.11917933076620102 0 0
760 0 0.11936788260936737 0 0
761 0 0.11954662948846817 0 0
762 0 0.11971556395292282 0 0
763 0 0.11987469345331192 0 0
764 2 0.12002401053905487 0 0
765 2 0.12017986923456192 0 0
766 2 0.12034226208925247 0 0
767 2 0.12051120400428772 0 0
768 18 0.12068668007850647 0 0
769 18 0.12086869031190872 0 0
770 18 0.12105724960565567 0 0
771 18 0.12125234305858612 0 0
772 18 0.12145397812128067 0 0
773 18 0.12166214734315872 0 0
774 18 0.12187686562538147 0 0
775 18 0.12209811806678772 0 0
776 2 0.12232590466737747 0 0
777 0 0.12256024032831192 0 0
778 0 0.12278476357460022 0 0
779 0 0.12299947440624237 0 0
780 0 0.12320438027381897 0 0
781 0 0.12339947372674942 0 0
782 0 0.12358475476503372 0 0
783 0 0.12376023083925247 0 0
784 0 0.12392590194940567 0 0
785 0 0.12408176064491272 0 0
786 0 0.12422780692577362 0 0
787 0 0.12436404824256897 0 0
788 0 0.12449047714471817 0 0
789 0 0.12460709363222122 0 0
790 0 0.12471390515565872 0 0
791 0 0.12481091171503067 0 0
792 0 0.12489810585975647 0 0
793 0 0.12497548758983612 0 0
794 0 0.12504306435585022 0 0
795 2 0.12510082125663757 0 0
796 2 0.12524688243865967 0 0
797 2 0.12539947032928467 0 0
798 0 0.12555858492851257 0 0
799 0 0.12570790946483612 0 0
800 0 0.12584741413593292 0 0
801 0 0.12597711384296417 0 0
802 0 0.12609700858592987 0 0
803 0 0.12620708346366882 0 0
804 0 0.12630736827850342 0 0
805 0 0.12639781832695007 0 0
806 0 0.12647847831249237 0 0
807 0 0.12654931843280792 0 0
808 0 0.12661035358905792 0 0
809 0 0.12666158378124237 0 0
810 0 0.12666158378124237 0 0
811 0 0.12666158378124237 0 0
812 0 0.12666158378124237 0 0
813 0 0.12666158378124237 0 0
814 0 0.12666158378124237 0 0
815 0 0.12666158378124237 0 0
816 0 0.12666158378124237 0 0
817 0 0.12666158378124237 0 0
818 2 0.12666158378124237 0 0
819 2 0.12680763006210327 0 0
820 2 0.12696021795272827 0 0
821 2 0.12711934745311737 0 0
822 2 0.12728501856327057 0 0
823 2 0.12745721638202667 0 0
824 2 0.12763597071170807 0 0
825 2 0.12782125174999237 0 0
826 2 0.12801307439804077 0 0
827 2 0.12821143865585327 0 0
828 2 0.12841634452342987 0 0
829 2 0.12862779200077057 0 0
830 2 0.12884576618671417 0 0
831 2 0.12907029688358307 0 0
832 2 0.12930135428905487 0 0
833 2 0.12953895330429077 0 0
834 2 0.12978309392929077 0 0
835 2 0.13003377616405487 0 0
836 2 0.13029100000858307 0 0
837 2 0.13055475056171417 0 0
838 2 0.13082505762577057 0 0
839 2 0.13110189139842987 0 0
840 2 0.13138526678085327 0 0
841 2 0.13167518377304077 0 0
842 2 0.13197164237499237 0 0
843 2 0.13227464258670807 0 0
844 2 0.13258416950702667 0 0
845 2 0.13290025293827057 0 0
846 2 0.13322286307811737 0 0
847 2 0.13365240395069122 0 0
848 2 0.13399246335029602 0 0
849 2 0.13434123992919922 0 0
850 2 0.13469871878623962 0 0
851 2 0.13506492972373962 0 0
852 2 0.13543987274169922 0 0
853 2 0.13582351803779602 0 0
854 2 0.13621588051319122 0 0
855 2 0.13661697506904602 0 0
856 2 0.13702678680419922 0 0
857 2 0.13744530081748962 0 0
858 18 0.13787254691123962 0 0
859 18 0.13830852508544922 0 0
860 18 0.13875320553779602 0 0
861 18 0.13920660316944122 0 1
861 18 0.13920660316944122 0 1
