data/levels/world1/13 - Above the Arctic Skies.stl
1 0 0.012058190070092678 0 0
2 0 0.012058190070092678 0 0
3 0 0.012058190070092678 0 0
4 0 0.012058190070092678 0 0
5 0 0.012058190070092678 0 0
6 0 0.012058190070092678 0 0
7 0 0.012058190070092678 0 0
8 0 0.012058190070092678 0 0
9 0 0.012058190070092678 0 0
10 0 0.012058190070092678 0 0
11 0 0.012058190070092678 0 0
12 0 0.012058190070092678 0 0
13 0 0.012058190070092678 0 0
14 0 0.012058190070092678 0 0
15 0 0.012058190070092678 0 0
16 0 0.012058190070092678 0 0
17 0 0.012058190070092678 0 0
18 0 0.012058190070092678 0 0
19 0 0.012058190070092678 0 0
20 0 0.012058190070092678 0 0
21 0 0.012058190070092678 0 0
22 2 0.012058190070092678 0 0
23 2 0.012234454974532127 0 0
24 2 0.012418612837791443 0 0
25 2 0.012610663659870625 0 0
26 2 0.012810605578124523 0 0
27 2 0.013018441386520863 0 0
28 2 0.013234169222414494 0 0
29 2 0.013457789085805416 0 0
30 2 0.013689301908016205 0 0
31 2 0.01392870582640171 0 0
32 2 0.014176003634929657 0 0
33 2 0.014431193470954895 0 0
34 2 0.0146942762658 0 0
35 2 0.014965251088142395 0 0
36 2 0.015244118869304657 0 0
37 2 0.01553087867796421 0 0
38 2 0.015825530514121056 0 0
39 2 0.01612807624042034 0 0
40 2 0.01643851399421692 0 0
41 2 0.016756843775510788 0 0
42 2 0.01708306558430195 0 0
43 2 0.01741718128323555 0 0
44 2 0.017759189009666443 0 0
45 2 0.018109088763594627 0 0
46 2 0.018466880545020103 0 0
47 2 0.01883256435394287 0 0
48 2 0.01920614205300808 0 0
49 2 0.01958761177957058 0 0
50 2 0.01997697353363037 0 0
51 2 0.020495394244790077 0 0
52 2 0.02090580388903618 0 0
53 2 0.021326735615730286 0 0
54 2 0.021758191287517548 0 0
55 2 0.022200170904397964 0 0
56 2 0.022652672603726387 0 0
57 2 0.023115698248147964 0 0
58 2 0.023589245975017548 0 0
59 2 0.024073317646980286 0 0
60 2 0.02456791326403618 0 0
61 2 0.025073030963540077 0 0
62 2 0.02558867447078228 0 0
63 2 0.02611483819782734 0 0
64 2 0.026651527732610703 0 0
65 2 0.02719873934984207 0 0
66 2 0.027737531810998917 0 0
67 2 0.02827632427215576 0 0
68 2 0.028815118595957756 0 0
69 2 0.0293539110571146 0 0
70 2 0.029892703518271446 0 0
71 2 0.03043149784207344 0 0
72 2 0.030970290303230286 0 0
73 2 0.03150908276438713 0 0
74 2 0.032047875225543976 0 0
75 2 0.03258667141199112 0 0
76 18 0.033125463873147964 0 0
77 18 0.03366425633430481 0 0
78 18 0.034203048795461655 0 0
79 18 0.0347418412566185 0 0
80 18 0.035280633717775345 0 0
81 18 0.03581942990422249 0 0
82 18 0.036358222365379333 0 0
83 18 0.03689701482653618 0 0
84 2 0.037435807287693024 0 0
85 2 0.03797459974884987 0 0
86 2 0.038513392210006714 0 0
87 2 0.03905218839645386 0 0
88 2 0.0395909808576107 0 0
89 2 0.04012977331876755 0 0
90 2 0.04066856577992439 0 0
91 2 0.04120735824108124 0 0
92 2 0.04174615442752838 0 0
93 2 0.042284946888685226 0 0
94 2 0.04282373934984207 0 0
95 2 0.04336253181099892 0 0
96 2 0.04390132427215576 0 0
97 2 0.04444011673331261 0 0
98 2 0.04497891291975975 0 0
99 2 0.045517705380916595 0 0
100 2 0.04605649784207344 0 0
101 2 0.046595290303230286 0 0
102 2 0.04713408276438713 0 0
103 2 0.047672875225543976 0 0
104 2 0.04821167141199112 0 0
105 2 0.048750463873147964 0 0
106 2 0.04928925633430481 0 0
107 2 0.049828048795461655 0 0
108 2 0.0503668412566185 0 0
109 2 0.050905633717775345 0 0
110 2 0.05144442990422249 0 0
111 2 0.051983222365379333 0 0
112 2 0.05252201482653618 0 0
113 2 0.053060807287693024 0 0
114 2 0.05359959974884987 0 0
115 2 0.054138392210006714 0 0
116 2 0.05467718839645386 0 0
117 2 0.0552159808576107 0 0
118 2 0.05575477331876755 0 0
119 2 0.05629356577992439 0 0
120 2 0.05683235824108124 0 0
121 2 0.05737115442752838 0 0
122 2 0.057909946888685226 0 0
123 2 0.05844873934984207 0 0
124 2 0.05898753181099892 0 0
125 2 0.05952632427215576 0 0
126 2 0.06006511673331261 0 0
127 2 0.06060391291975975 0 0
128 2 0.061142705380916595 0 0
129 2 0.06168149784207344 0 0
130 2 0.062220290303230286 0 0
131 2 0.06275908648967743 0 0
132 2 0.06329787522554398 0 0
133 2 0.06383667141199112 0 0
134 2 0.06437546014785767 0 0
135 2 0.06491425633430481 0 0
136 2 0.06545305252075195 0 0
137 2 0.0659918412566185 0 0
138 2 0.06653063744306564 0 0
139 2 0.06706942617893219 0 0
140 2 0.06760822236537933 0 0
141 2 0.06814701110124588 0 0
142 2 0.06868580728769302 0 0
143 2 0.06922460347414017 0 0
144 2 0.06976339221000671 0 0
145 2 0.07030218839645386 0 0
146 2 0.0708409771323204 0 0
147 2 0.07137977331876755 0 0
148 18 0.07191856950521469 0 0
149 18 0.07245735824108124 0 0
150 18 0.07299615442752838 0 0
151 18 0.07353494316339493 0 0
152 18 0.07407373934984207 0 0
153 18 0.07461253553628922 0 0
154 18 0.07515132427215576 0 0
155 18 0.0756901204586029 0 0
156 18 0.07622890919446945 0 0
157 18 0.0767677053809166 0 0
158 18 0.07730649411678314 0 0
159 18 0.07784529030323029 0 0
160 18 0.07838408648967743 0 0
161 18 0.07892287522554398 0 0
162 18 0.07946167141199112 0 0
163 18 0.08000046014785767 0 0
164 2 0.08053925633430481 0 0
165 2 0.08107805252075195 0 0
166 2 0.0816168412566185 0 0
167 2 0.08215563744306564 0 0
168 2 0.08269442617893219 0 0
169 2 0.08323322236537933 0 0
170 2 0.08377201110124588 0 0
171 2 0.08431080728769302 0 0
172 2 0.08484960347414017 0 0
173 2 0.08538839221000671 0 0
174 2 0.08592718839645386 0 0
175 2 0.0864659771323204 0 0
176 2 0.08700477331876755 0 0
177 2 0.08754356950521469 0 0
178 2 0.08808235824108124 0 0
179 2 0.08862115442752838 0 0
180 2 0.08915994316339493 0 0
181 2 0.08969873934984207 0 0
182 2 0.09023753553628922 0 0
183 2 0.09077632427215576 0 0
184 2 0.0913151204586029 0 0
185 2 0.09185390919446945 0 0
186 2 0.0923927053809166 0 0
187 2 0.09293149411678314 0 0
188 2 0.09347029030323029 0 0
189 2 0.09400908648967743 0 0
190 2 0.09454787522554398 0 0
191 2 0.09508667141199112 0 0
192 2 0.09562546014785767 0 0
193 2 0.09616425633430481 0 0
194 2 0.09670305252075195 0 0
195 2 0.0972418412566185 0 0
196 2 0.09778063744306564 0 0
197 2 0.09831942617893219 0 0
198 18 0.09885822236537933 0 0
199 18 0.09939701110124588 0 0
200 18 0.09993580728769302 0 0
201 18 0.10047460347414017 0 0
202 18 0.10101339221000671 0 0
203 18 0.10155218839645386 0 0
204 18 0.1020909771323204 0 0
205 18 0.10262977331876755 0 0
206 18 0.10316856950521469 0 0
207 18 0.10370735824108124 0 0
208 18 0.10424615442752838 0 0
209 2 0.10478494316339493 0 0
210 2 0.10532373934984207 0 0
211 2 0.10586253553628922 0 0
212 2 0.10640132427215576 0 0
213 2 0.1069401204586029 0 0
214 2 0.10747890919446945 0 0
215 2 0.1080177053809166 0 0
216 2 0.10855649411678314 0 0
217 2 0.10909529030323029 0 0
218 2 0.10963408648967743 0 0
219 2 0.11017287522554398 0 0
220 2 0.11071167141199112 0 0
221 2 0.11125046014785767 0 0
222 2 0.11178925633430481 0 0
223 2 0.11232805252075195 0 0
224 2 0.1128668412566185 0 0
225 2 0.11340563744306564 0 0
226 2 0.11394442617893219 0 0
227 2 0.11448322236537933 0 0
228 2 0.11502201110124588 0 0
229 2 0.11556080728769302 0 0
230 2 0.11609960347414017 0 0
231 2 0.11663839221000671 0 0
232 2 0.11717718839645386 0 0
233 2 0.1177159771323204 0 0
234 2 0.11825477331876755 0 0
235 2 0.11879356950521469 0 0
236 2 0.11933235824108124 0 0
237 2 0.11987115442752838 0 0
238 2 0.12040994316339493 0 0
239 2 0.12094873934984207 0 0
240 2 0.12148753553628922 0 0
241 2 0.12202632427215576 0 0
242 2 0.1225651204586029 0 0
243 2 0.12310390919446945 0 0
244 2 0.1236427053809166 0 0
245 2 0.12418149411678314 0 0
246 2 0.12472029030323029 0 0
247 2 0.12525908648967743 0 0
248 2 0.12579788267612457 0 0
249 2 0.12633666396141052 0 0
250 2 0.12687546014785767 0 0
251 2 0.1274142563343048 0 0
252 2 0.12795305252075195 0 0
253 2 0.1284918487071991 0 0
254 2 0.12903062999248505 0 0
255 2 0.1295694261789322 0 0
256 2 0.13010822236537933 0 0
257 2 0.13064701855182648 0 0
258 2 0.13118581473827362 0 0
259 2 0.13172459602355957 0 0
260 2 0.1322633922100067 0 0
261 2 0.13280218839645386 0 0
262 2 0.133340984582901 0 0
263 2 0.13387978076934814 0 0
264 2 0.1344185620546341 0 0
265 2 0.13495735824108124 0 0
266 2 0.13549615442752838 0 0
267 2 0.13603495061397552 0 0
268 2 0.13657373189926147 0 0
269 2 0.13711252808570862 0 0
270 2 0.13765132427215576 0 0
271 2 0.1381901204586029 0 0
272 2 0.13872891664505005 0 0
273 2 0.139267697930336 0 0
274 2 0.13980649411678314 0 0
275 2 0.14034529030323029 0 0
276 2 0.14088408648967743 0 0
277 2 0.14142288267612457 0 0
278 2 0.14196166396141052 0 0
279 2 0.14250046014785767 0 0
280 18 0.1430392563343048 0 0
281 18 0.14357805252075195 0 0
282 18 0.1441168487071991 0 0
283 18 0.14465562999248505 0 0
284 18 0.1451944261789322 0 0
285 18 0.14573322236537933 0 0
286 2 0.14627201855182648 0 0
287 2 0.14681081473827362 0 0
288 2 0.14734959602355957 0 0
289 2 0.1478883922100067 0 0
290 2 0.14842718839645386 0 0
291 2 0.148965984582901 0 0
292 2 0.14950478076934814 0 0
293 2 0.1500435620546341 0 0
294 2 0.15058235824108124 0 0
295 2 0.15112115442752838 0 0
296 2 0.15165995061397552 0 0
297 2 0.15219873189926147 0 0
298 2 0.15273752808570862 0 0
299 2 0.15327632427215576 0 0
300 2 0.1538151204586029 0 0
301 2 0.15435391664505005 0 0
302 2 0.154892697930336 0 0
303 2 0.15543149411678314 0 0
304 2 0.15597029030323029 0 0
305 2 0.15650908648967743 0 0
306 2 0.15704788267612457 0 0
307 2 0.15758666396141052 0 0
308 2 0.15812546014785767 0 0
309 2 0.1586642563343048 0 0
310 2 0.15920305252075195 0 0
311 2 0.1597418487071991 0 0
312 2 0.16028062999248505 0 0
313 2 0.1608194261789322 0 0
314 2 0.16135822236537933 0 0
315 2 0.16189701855182648 0 0
316 2 0.16243581473827362 0 0
317 2 0.16297459602355957 0 0
318 2 0.1635133922100067 0 0
319 2 0.16405218839645386 0 0
320 2 0.164590984582901 0 0
321 2 0.16512978076934814 0 0
322 2 0.1656685620546341 0 0
323 2 0.16620735824108124 0 0
324 2 0.16674615442752838 0 0
325 2 0.16728495061397552 0 0
326 2 0.16782373189926147 0 0
327 2 0.16836252808570862 0 0
328 2 0.16890132427215576 0 0
329 2 0.1694401204586029 0 0
330 2 0.16997891664505005 0 0
331 2 0.170517697930336 0 0
332 2 0.17105649411678314 0 0
333 2 0.17159529030323029 0 0
334 2 0.17213408648967743 0 0
335 2 0.17267288267612457 0 0
336 2 0.17321166396141052 0 0
337 2 0.17375046014785767 0 0
338 2 0.1742892563343048 0 0
339 2 0.17482805252075195 0 0
340 2 0.1753668487071991 0 0
341 2 0.17590562999248505 0 0
342 2 0.1764444261789322 0 0
343 2 0.17698322236537933 0 0
344 2 0.17752201855182648 0 0
345 2 0.17806081473827362 0 0
346 2 0.17859959602355957 0 0
347 2 0.1791383922100067 0 0
348 2 0.17967718839645386 0 0
349 2 0.180215984582901 0 0
350 2 0.18075478076934814 0 0
351 2 0.1812935620546341 0 0
352 2 0.18183235824108124 0 0
353 2 0.18237115442752838 0 0
354 2 0.18290995061397552 0 0
355 2 0.18344873189926147 0 0
356 2 0.18398752808570862 0 0
357 2 0.18452632427215576 0 0
358 2 0.1850651204586029 0 0
359 2 0.18560391664505005 0 0
360 2 0.186142697930336 0 0
361 2 0.18668149411678314 0 0
362 2 0.18722029030323029 0 0
363 2 0.18775908648967743 0 0
364 2 0.18829788267612457 0 0
365 2 0.18883666396141052 0 0
366 2 0.18937546014785767 0 0
367 2 0.1899142563343048 0 0
368 2 0.19045305252075195 0 0
369 2 0.1909918487071991 0 0
370 18 0.19153062999248505 0 0
371 18 0.1920694261789322 0 0
372 18 0.19260822236537933 0 0
373 18 0.19314701855182648 0 0
374 18 0.19368581473827362 0 0
375 18 0.19422459602355957 0 0
376 18 0.1947633922100067 0 0
377 18 0.19530218839645386 0 0
378 18 0.195840984582901 0 0
379 18 0.19637978076934814 0 0
380 18 0.1969185620546341 0 0
381 18 0.19745735824108124 0 0
382 2 0.19799615442752838 0 0
383 2 0.19853495061397552 0 0
384 2 0.19907373189926147 0 0
385 2 0.19961252808570862 0 0
386 2 0.20015132427215576 0 0
387 2 0.2006901204586029 0 0
388 2 0.20122891664505005 0 0
389 2 0.201767697930336 0 0
390 2 0.20230649411678314 0 0
391 2 0.20284529030323029 0 0
392 2 0.20338408648967743 0 0
393 2 0.20392288267612457 0 0
394 2 0.20446166396141052 0 0
395 2 0.20500046014785767 0 0
396 2 0.2055392563343048 0 0
397 2 0.20607805252075195 0 0
398 2 0.2066168487071991 0 0
399 2 0.20715562999248505 0 0
400 2 0.2076944261789322 0 0
401 2 0.20823322236537933 0 0
402 2 0.20877201855182648 0 0
403 2 0.20931081473827362 0 0
404 2 0.20984959602355957 0 0
405 2 0.2103883922100067 0 0
406 2 0.21092718839645386 0 0
407 2 0.211465984582901 0 0
408 2 0.21200478076934814 0 0
409 2 0.2125435620546341 0 0
410 2 0.21308235824108124 0 0
411 2 0.21362115442752838 0 0
412 2 0.21415995061397552 0 0
413 2 0.21469873189926147 0 0
414 2 0.21523752808570862 0 0
415 2 0.21577632427215576 0 0
416 2 0.2163151204586029 0 0
417 2 0.21685391664505005 0 0
418 18 0.217392697930336 0 0
419 18 0.21793149411678314 0 0
420 18 0.21847029030323029 0 0
421 18 0.21900908648967743 0 0
422 18 0.21954788267612457 0 0
423 18 0.22008666396141052 0 0
424 18 0.22062546014785767 0 0
425 18 0.2211642563343048 0 0
426 18 0.22170305252075195 0 0
427 18 0.2222418487071991 0 0
428 18 0.22278062999248505 0 0
429 18 0.2233194261789322 0 0
430 18 0.22385822236537933 0 0
431 18 0.22439701855182648 0 0
432 18 0.22493581473827362 0 0
433 18 0.22547459602355957 0 0
434 18 0.2260133922100067 0 0
435 18 0.22655218839645386 0 0
436 18 0.227090984582901 0 0
437 18 0.22762978076934814 0 0
438 2 0.2281685620546341 0 0
439 2 0.22870735824108124 0 0
440 2 0.22924615442752838 0 0
441 2 0.22978495061397552 0 0
442 2 0.23032373189926147 0 0
443 2 0.23086252808570862 0 0
444 2 0.23140132427215576 0 0
445 2 0.2319401204586029 0 0
446 2 0.23247891664505005 0 0
447 2 0.233017697930336 0 0
448 2 0.23355649411678314 0 0
449 2 0.23409529030323029 0 0
450 2 0.23463408648967743 0 0
451 2 0.23517288267612457 0 0
452 2 0.23571166396141052 0 0
453 2 0.23625046014785767 0 0
454 2 0.2367892563343048 0 0
455 2 0.23732805252075195 0 0
456 2 0.2378668487071991 0 0
457 2 0.23840562999248505 0 0
458 2 0.2389444261789322 0 0
459 2 0.23948322236537933 0 0
460 2 0.24002201855182648 0 0
461 2 0.24056081473827362 0 0
462 2 0.24109959602355957 0 0
463 2 0.2416383922100067 0 0
464 2 0.24217718839645386 0 0
465 2 0.242715984582901 0 0
466 2 0.24325478076934814 0 0
467 2 0.2437935620546341 0 0
468 2 0.24433235824108124 0 0
469 2 0.24487115442752838 0 0
470 2 0.24540995061397552 0 0
471 18 0.24594873189926147 0 0
472 18 0.24648752808570862 0 0
473 18 0.24702632427215576 0 0
474 18 0.2475651204586029 0 0
475 18 0.24810391664505005 0 0
476 18 0.248642697930336 0 0
477 18 0.24918149411678314 0 0
478 18 0.24972029030323029 0 0
479 18 0.25025907158851624 0 0
480 18 0.2507978677749634 0 0
481 18 0.2513366639614105 0 0
482 18 0.25187546014785767 0 0
483 18 0.2524142563343048 0 0
484 18 0.25295305252075195 0 0
485 18 0.2534918487071991 0 0
486 18 0.25403064489364624 0 0
487 18 0.2545694410800934 0 0
488 18 0.25510820746421814 0 0
489 18 0.2556470036506653 0 0
490 18 0.2561857998371124 0 0
491 18 0.25672459602355957 0 0
492 18 0.2572633922100067 0 0
493 18 0.25780218839645386 0 0
494 18 0.258340984582901 0 0
495 18 0.25887978076934814 0 0
496 18 0.2594185769557953 0 0
497 18 0.25995737314224243 0 0
498 18 0.2604961395263672 0 0
499 18 0.26103493571281433 0 0
500 18 0.2615737318992615 0 0
501 18 0.2621125280857086 0 0
502 18 0.26265132427215576 0 0
503 18 0.2631901204586029 0 0
504 18 0.26372891664505005 0 0
505 18 0.2642677128314972 0 0
506 18 0.26480650901794434 0 0
507 18 0.2653453052043915 0 0
508 18 0.26588407158851624 0 0
509 18 0.2664228677749634 0 0
510 18 0.2669616639614105 0 0
511 18 0.26750046014785767 0 0
512 18 0.2680392563343048 0 0
513 18 0.26857805252075195 0 0
514 18 0.2691168487071991 0 0
515 18 0.26965564489364624 0 0
516 18 0.2701944410800934 0 0
517 18 0.27073320746421814 0 0
518 18 0.2712720036506653 0 0
519 18 0.2718107998371124 0 0
520 18 0.27234959602355957 0 0
521 18 0.2728883922100067 0 0
522 18 0.27342718839645386 0 0
523 18 0.273965984582901 0 0
524 18 0.27450478076934814 0 0
525 18 0.2750435769557953 0 0
526 2 0.27558237314224243 0 0
527 2 0.2761211395263672 0 0
528 2 0.27665993571281433 0 0
529 2 0.2771987318992615 0 0
530 2 0.2777375280857086 0 0
531 2 0.27827632427215576 0 0
532 2 0.2788151204586029 0 0
533 2 0.27935391664505005 0 0
534 2 0.2798927128314972 0 0
535 2 0.28043150901794434 0 0
536 2 0.2809703052043915 0 0
537 2 0.28150907158851624 0 0
538 2 0.2820478677749634 0 0
539 2 0.2825866639614105 0 0
540 2 0.28312546014785767 0 0
541 2 0.2836642563343048 0 0
542 2 0.28420305252075195 0 0
543 2 0.2847418487071991 0 0
544 2 0.28528064489364624 0 0
545 2 0.2858194410800934 0 0
546 2 0.28635820746421814 0 0
547 2 0.2868970036506653 0 0
548 2 0.2874357998371124 0 0
549 2 0.28797459602355957 0 0
550 2 0.2885133922100067 0 0
551 2 0.28905218839645386 0 0
552 2 0.289590984582901 0 0
553 2 0.29012978076934814 0 0
554 2 0.2906685769557953 0 0
555 2 0.29120737314224243 0 0
556 2 0.2917461395263672 0 0
557 2 0.29228493571281433 0 0
558 2 0.2928237318992615 0 0
559 2 0.2933625280857086 0 0
560 2 0.29390132427215576 0 0
561 2 0.2944401204586029 0 0
562 2 0.29497891664505005 0 0
563 2 0.2955177128314972 0 0
564 2 0.29605650901794434 0 0
565 2 0.2965953052043915 0 0
566 2 0.29713407158851624 0 0
567 2 0.2976728677749634 0 0
568 18 0.2982116639614105 0 0
569 18 0.29875046014785767 0 0
570 18 0.2992892563343048 0 0
571 18 0.29982805252075195 0 0
572 18 0.3003668487071991 0 0
573 18 0.30090564489364624 0 0
574 18 0.3014444410800934 0 0
575 18 0.30198320746421814 0 0
576 18 0.3025220036506653 0 0
577 18 0.3030607998371124 0 0
578 18 0.30359959602355957 0 0
579 18 0.3041383922100067 0 0
580 18 0.30467718839645386 0 0
581 18 0.305215984582901 0 0
582 18 0.30575478076934814 0 0
583 18 0.3062935769557953 0 0
584 2 0.30683237314224243 0 0
585 2 0.3073711395263672 0 0
586 2 0.30790993571281433 0 0
587 2 0.3084487318992615 0 0
588 0 0.3089875280857086 0 0
589 0 0.30951449275016785 0 0
590 0 0.3100295960903168 0 0
591 0 0.3105328679084778 0 0
592 0 0.3110243082046509 0 0
593 0 0.31150391697883606 0 0
594 0 0.31197166442871094 0 0
595 0 0.3124276101589203 0 0
596 0 0.31287169456481934 0 0
597 0 0.3133039176464081 0 0
598 0 0.3137243390083313 0 0
599 0 0.3141328990459442 0 0
600 0 0.3145296275615692 0 0
601 0 0.3149145245552063 0 0
602 0 0.3151690363883972 0 0
603 0 0.3155302405357361 0 0
604 18 0.31587961316108704 0 0
605 18 0.3162368834018707 0 0
606 18 0.31660202145576477 0 0
607 18 0.31697508692741394 0 0
608 18 0.31735602021217346 0 0
609 18 0.3177448809146881 0 0
610 18 0.3182627856731415 0 0
611 18 0.31867265701293945 0 0
612 18 0.3190930485725403 0 0
613 18 0.31952399015426636 0 0
614 2 0.3199654519557953 0 0
615 2 0.3204174041748047 0 0
616 2 0.32087990641593933 0 0
617 2 0.32135292887687683 0 0
618 2 0.3218364715576172 0 0
619 2 0.3223305642604828 0 0
620 0 0.32283514738082886 0 0
621 0 0.323327898979187 0 0
622 0 0.32380881905555725 0 0
623 0 0.3242778778076172 0 0
624 0 0.3247351348400116 0 0
625 0 0.3251805305480957 0 0
626 1 0.3256140947341919 0 0
627 1 0.3260318636894226 0 0
628 1 0.32643386721611023 0 0
629 1 0.32682004570961 0 0
630 1 0.3270719349384308 0 0
631 1 0.32742658257484436 0 0
632 0 0.32776540517807007 0 0
633 0 0.32809242606163025 0 0
634 0 0.3284076154232025 0 0
635 0 0.3287109434604645 0 0
636 0 0.3290024399757385 0 0
637 0 0.32928207516670227 0 0
638 0 0.3295499086380005 0 0
639 0 0.3298058807849884 0 0
640 2 0.3300500214099884 0 0
641 2 0.33030205965042114 0 0
642 2 0.3305619955062866 0 0
643 2 0.33082979917526245 0 0
644 2 0.331105500459671 0 0
645 2 0.3313891291618347 0 0
646 2 0.33168062567710876 0 0
647 2 0.33197999000549316 0 0
648 2 0.3322872817516327 0 0
649 2 0.33260244131088257 0 0
650 2 0.3329255282878876 0 0
651 2 0.33325648307800293 0 0
652 2 0.333595335483551 0 0
653 2 0.33394208550453186 0 0
654 2 0.33429670333862305 0 0
655 2 0.33465924859046936 0 0
656 2 0.335029661655426 0 0
657 2 0.33540797233581543 0 0
658 2 0.3357941806316376 0 0
659 2 0.33618825674057007 0 0
660 2 0.33671143651008606 0 0
661 2 0.33712658286094666 0 0
662 2 0.3375522494316101 0 0
663 2 0.3379884362220764 0 0
664 18 0.3384351432323456 0 0
665 18 0.33889240026474 0 0
666 18 0.33936014771461487 0 0
667 18 0.339838445186615 0 0
668 18 0.3403272330760956 0 0
669 18 0.3408265709877014 0 0
670 18 0.3413364291191101 0 0
671 18 0.34185680747032166 0 0
672 18 0.34238770604133606 0 0
673 18 0.3429291248321533 0 0
674 18 0.34346792101860046 0 0
675 18 0.3440067172050476 0 0
676 2 0.34454551339149475 0 0
677 2 0.3450843095779419 0 0
678 2 0.34562310576438904 0 0
679 2 0.3461619019508362 0 0
680 2 0.34670066833496094 0 0
681 0 0.3472394645214081 0 0
682 0 0.3477664291858673 0 0
683 0 0.34828153252601624 0 0
684 0 0.34878483414649963 0 0
685 0 0.34927627444267273 0 0
686 0 0.3497558534145355 0 0
687 0 0.3502236306667328 0 0
688 0 0.35067954659461975 0 0
689 0 0.3511236310005188 0 0
690 0 0.35155588388442993 0 0
691 0 0.35197627544403076 0 0
692 0 0.3523848354816437 0 0
693 0 0.3527815639972687 0 0
694 0 0.35316646099090576 0 0
695 0 0.3534209728240967 0 0
696 0 0.35378217697143555 0 0
697 0 0.3541315495967865 0 0
698 0 0.35446909070014954 0 0
699 0 0.35479477047920227 0 0
700 0 0.3551086485385895 0 0
701 0 0.3554106652736664 0 0
702 2 0.35570085048675537 0 0
703 2 0.3559989035129547 0 0
704 2 0.3563048839569092 0 0
705 2 0.356618732213974 0 0
706 2 0.35694047808647156 0 0
707 2 0.35727012157440186 0 0
708 2 0.3576076626777649 0 0
709 2 0.35795310139656067 0 0
710 2 0.3583064079284668 0 0
711 2 0.35866761207580566 0 0
712 2 0.35903671383857727 0 0
713 2 0.3594137132167816 0 0
714 18 0.3597986102104187 0 0
715 18 0.3601914048194885 0 0
716 18 0.36071324348449707 0 0
717 18 0.3611270785331726 0 0
718 18 0.361551433801651 0 0
719 18 0.36198630928993225 0 0
720 18 0.36243170499801636 0 0
721 18 0.3628876209259033 0 0
722 18 0.36335405707359314 0 0
723 18 0.3638310432434082 0 0
724 18 0.36431851983070374 0 0
725 18 0.3648165464401245 0 0
726 18 0.36532509326934814 0 0
727 18 0.36584416031837463 0 0
728 18 0.366373747587204 0 0
729 18 0.3669138550758362 0 0
730 18 0.3671329915523529 0 1
0 16 0.3671329915523529 0 1
1 16 0.012058190070092678 0 0
2 16 0.012058190070092678 0 0
3 16 0.012058190070092678 0 0
4 16 0.012058190070092678 0 0
5 16 0.012058190070092678 0 0
6 16 0.012058190070092678 0 0
7 16 0.012058190070092678 0 0
8 16 0.012058190070092678 0 0
9 16 0.012058190070092678 0 0
10 0 0.012058190070092678 0 0
11 0 0.012058190070092678 0 0
12 0 0.012058190070092678 0 0
13 0 0.012058190070092678 0 0
14 0 0.012058190070092678 0 0
15 0 0.012058190070092678 0 0
16 0 0.012058190070092678 0 0
17 0 0.012058190070092678 0 0
18 2 0.012058190070092678 0 0
19 2 0.012234454974532127 0 0
20 2 0.012418612837791443 0 0
21 2 0.012610663659870625 0 0
22 2 0.012810605578124523 0 0
23 2 0.013018441386520863 0 0
24 2 0.013234169222414494 0 0
25 2 0.013457789085805416 0 0
26 2 0.013689301908016205 0 0
27 2 0.01392870582640171 0 0
28 2 0.014176003634929657 0 0
29 2 0.014431193470954895 0 0
30 2 0.0146942762658 0 0
31 2 0.014965251088142395 0 0
32 2 0.015244118869304657 0 0
33 2 0.01553087867796421 0 0
34 2 0.015825530514121056 0 0
35 2 0.01612807624042034 0 0
36 2 0.01643851399421692 0 0
37 2 0.016756843775510788 0 0
38 2 0.01708306558430195 0 0
39 2 0.01741718128323555 0 0
40 2 0.017759189009666443 0 0
41 2 0.018109088763594627 0 0
42 2 0.018466880545020103 0 0
43 2 0.01883256435394287 0 0
44 2 0.01920614205300808 0 0
45 2 0.01958761177957058 0 0
46 2 0.01997697353363037 0 0
47 2 0.020495394244790077 0 0
48 2 0.02090580388903618 0 0
49 2 0.021326735615730286 0 0
50 2 0.021758191287517548 0 0
51 2 0.022200170904397964 0 0
52 2 0.022652672603726387 0 0
53 2 0.023115698248147964 0 0
54 2 0.023589245975017548 0 0
55 2 0.024073317646980286 0 0
56 2 0.02456791326403618 0 0
57 2 0.025073030963540077 0 0
58 2 0.02558867447078228 0 0
59 2 0.02611483819782734 0 0
60 2 0.026651527732610703 0 0
61 2 0.02719873934984207 0 0
62 2 0.027737531810998917 0 0
63 2 0.02827632427215576 0 0
64 2 0.028815118595957756 0 0
65 2 0.0293539110571146 0 0
66 2 0.029892703518271446 0 0
67 2 0.03043149784207344 0 0
68 2 0.030970290303230286 0 0
69 18 0.03150908276438713 0 0
70 18 0.032047875225543976 0 0
71 18 0.03258667141199112 0 0
72 18 0.033125463873147964 0 0
73 18 0.03366425633430481 0 0
74 18 0.034203048795461655 0 0
75 18 0.0347418412566185 0 0
76 18 0.035280633717775345 0 0
77 18 0.03581942990422249 0 0
78 18 0.036358222365379333 0 0
79 2 0.03689701482653618 0 0
80 2 0.037435807287693024 0 0
81 2 0.03797459974884987 0 0
82 2 0.038513392210006714 0 0
83 2 0.03905218839645386 0 0
84 2 0.0395909808576107 0 0
85 2 0.04012977331876755 0 0
86 2 0.04066856577992439 0 0
87 2 0.04120735824108124 0 0
88 2 0.04174615442752838 0 0
89 2 0.042284946888685226 0 0
90 2 0.04282373934984207 0 0
91 2 0.04336253181099892 0 0
92 2 0.04390132427215576 0 0
93 2 0.04444011673331261 0 0
94 2 0.04497891291975975 0 0
95 2 0.045517705380916595 0 0
96 2 0.04605649784207344 0 0
97 2 0.046595290303230286 0 0
98 2 0.04713408276438713 0 0
99 2 0.047672875225543976 0 0
100 2 0.04821167141199112 0 0
101 2 0.048750463873147964 0 0
102 2 0.04928925633430481 0 0
103 2 0.049828048795461655 0 0
104 2 0.0503668412566185 0 0
105 2 0.050905633717775345 0 0
106 2 0.05144442990422249 0 0
107 2 0.051983222365379333 0 0
108 2 0.05252201482653618 0 0
109 2 0.053060807287693024 0 0
110 2 0.05359959974884987 0 0
111 2 0.054138392210006714 0 0
112 2 0.05467718839645386 0 0
113 2 0.0552159808576107 0 0
114 2 0.05575477331876755 0 0
115 2 0.05629356577992439 0 0
116 2 0.05683235824108124 0 0
117 2 0.05737115442752838 0 0
118 2 0.057909946888685226 0 0
119 2 0.05844873934984207 0 0
120 2 0.05898753181099892 0 0
121 2 0.05952632427215576 0 0
122 2 0.06006511673331261 0 0
123 2 0.06060391291975975 0 0
124 2 0.061142705380916595 0 0
125 2 0.06168149784207344 0 0
126 2 0.062220290303230286 0 0
127 2 0.06275908648967743 0 0
128 2 0.06329787522554398 0 0
129 2 0.06383667141199112 0 0
130 2 0.06437546014785767 0 0
131 2 0.06491425633430481 0 0
132 2 0.06545305252075195 0 0
133 2 0.0659918412566185 0 0
134 2 0.06653063744306564 0 0
135 2 0.06706942617893219 0 0
136 2 0.06760822236537933 0 0
137 2 0.06814701110124588 0 0
138 2 0.06868580728769302 0 0
139 2 0.06922460347414017 0 0
140 2 0.06976339221000671 0 0
141 2 0.07030218839645386 0 0
142 2 0.0708409771323204 0 0
143 2 0.07137977331876755 0 0
144 2 0.07191856950521469 0 0
145 2 0.07245735824108124 0 0
146 2 0.07299615442752838 0 0
147 18 0.07353494316339493 0 0
148 18 0.07407373934984207 0 0
149 18 0.07461253553628922 0 0
150 18 0.07515132427215576 0 0
151 18 0.0756901204586029 0 0
152 18 0.07622890919446945 0 0
153 18 0.0767677053809166 0 0
154 18 0.07730649411678314 0 0
155 18 0.07784529030323029 0 0
156 18 0.07838408648967743 0 0
157 18 0.07892287522554398 0 0
158 18 0.07946167141199112 0 0
159 18 0.08000046014785767 0 0
160 18 0.08053925633430481 0 0
161 18 0.08107805252075195 0 0
162 18 0.0816168412566185 0 0
163 18 0.08215563744306564 0 0
164 18 0.08269442617893219 0 0
165 18 0.08323322236537933 0 0
166 2 0.08377201110124588 0 0
167 2 0.08431080728769302 0 0
168 2 0.08484960347414017 0 0
169 2 0.08538839221000671 0 0
170 2 0.08592718839645386 0 0
171 2 0.0864659771323204 0 0
172 2 0.08700477331876755 0 0
173 2 0.08754356950521469 0 0
174 2 0.08808235824108124 0 0
175 2 0.08862115442752838 0 0
176 2 0.08915994316339493 0 0
177 2 0.08969873934984207 0 0
178 2 0.09023753553628922 0 0
179 2 0.09077632427215576 0 0
180 2 0.0913151204586029 0 0
181 2 0.09185390919446945 0 0
182 2 0.0923927053809166 0 0
183 2 0.09293149411678314 0 0
184 2 0.09347029030323029 0 0
185 2 0.09400908648967743 0 0
186 2 0.09454787522554398 0 0
187 2 0.09508667141199112 0 0
188 2 0.09562546014785767 0 0
189 2 0.09616425633430481 0 0
190 2 0.09670305252075195 0 0
191 2 0.0972418412566185 0 0
192 2 0.09778063744306564 0 0
193 2 0.09831942617893219 0 0
194 2 0.09885822236537933 0 0
195 2 0.09939701110124588 0 0
196 2 0.09993580728769302 0 0
197 18 0.10047460347414017 0 0
198 18 0.10101339221000671 0 0
199 18 0.10155218839645386 0 0
200 18 0.1020909771323204 0 0
201 18 0.10262977331876755 0 0
202 18 0.10316856950521469 0 0
203 18 0.10370735824108124 0 0
204 18 0.10424615442752838 0 0
205 18 0.10478494316339493 0 0
206 18 0.10532373934984207 0 0
207 2 0.10586253553628922 0 0
208 2 0.10640132427215576 0 0
209 2 0.1069401204586029 0 0
210 2 0.10747890919446945 0 0
211 2 0.1080177053809166 0 0
212 2 0.10855649411678314 0 0
213 2 0.10909529030323029 0 0
214 2 0.10963408648967743 0 0
215 2 0.11017287522554398 0 0
216 2 0.11071167141199112 0 0
217 2 0.11125046014785767 0 0
218 2 0.11178925633430481 0 0
219 2 0.11232805252075195 0 0
220 2 0.1128668412566185 0 0
221 2 0.11340563744306564 0 0
222 2 0.11394442617893219 0 0
223 2 0.11448322236537933 0 0
224 2 0.11502201110124588 0 0
225 2 0.11556080728769302 0 0
226 2 0.11609960347414017 0 0
227 2 0.11663839221000671 0 0
228 2 0.11717718839645386 0 0
229 2 0.1177159771323204 0 0
230 2 0.11825477331876755 0 0
231 2 0.11879356950521469 0 0
232 2 0.11933235824108124 0 0
233 2 0.11987115442752838 0 0
234 2 0.12040994316339493 0 0
235 2 0.12094873934984207 0 0
236 2 0.12148753553628922 0 0
237 2 0.12202632427215576 0 0
238 2 0.1225651204586029 0 0
239 2 0.12310390919446945 0 0
240 2 0.1236427053809166 0 0
241 2 0.12418149411678314 0 0
242 2 0.12472029030323029 0 0
243 2 0.12525908648967743 0 0
244 2 0.12579788267612457 0 0
245 2 0.12633666396141052 0 0
246 2 0.12687546014785767 0 0
247 2 0.1274142563343048 0 0
248 2 0.12795305252075195 0 0
249 2 0.1284918487071991 0 0
250 2 0.12903062999248505 0 0
251 2 0.1295694261789322 0 0
252 2 0.13010822236537933 0 0
253 2 0.13064701855182648 0 0
254 2 0.13118581473827362 0 0
255 2 0.13172459602355957 0 0
256 2 0.1322633922100067 0 0
257 2 0.13280218839645386 0 0
258 2 0.133340984582901 0 0
259 2 0.13387978076934814 0 0
260 2 0.1344185620546341 0 0
261 2 0.13495735824108124 0 0
262 2 0.13549615442752838 0 0
263 2 0.13603495061397552 0 0
264 2 0.13657373189926147 0 0
265 2 0.13711252808570862 0 0
266 2 0.13765132427215576 0 0
267 2 0.1381901204586029 0 0
268 2 0.13872891664505005 0 0
269 2 0.139267697930336 0 0
270 2 0.13980649411678314 0 0
271 2 0.14034529030323029 0 0
272 2 0.14088408648967743 0 0
273 18 0.14142288267612457 0 0
274 18 0.14196166396141052 0 0
275 18 0.14250046014785767 0 0
276 18 0.1430392563343048 0 0
277 18 0.14357805252075195 0 0
278 18 0.1441168487071991 0 0
279 18 0.14465562999248505 0 0
280 18 0.1451944261789322 0 0
281 2 0.14573322236537933 0 0
282 2 0.14627201855182648 0 0
283 2 0.14681081473827362 0 0
284 2 0.14734959602355957 0 0
285 2 0.1478883922100067 0 0
286 2 0.14842718839645386 0 0
287 2 0.148965984582901 0 0
288 2 0.14950478076934814 0 0
289 2 0.1500435620546341 0 0
290 2 0.15058235824108124 0 0
291 2 0.15112115442752838 0 0
292 2 0.15165995061397552 0 0
293 2 0.15219873189926147 0 0
294 2 0.15273752808570862 0 0
295 2 0.15327632427215576 0 0
296 2 0.1538151204586029 0 0
297 2 0.15435391664505005 0 0
298 2 0.154892697930336 0 0
299 2 0.15543149411678314 0 0
300 2 0.15597029030323029 0 0
301 2 0.15650908648967743 0 0
302 2 0.15704788267612457 0 0
303 2 0.15758666396141052 0 0
304 2 0.15812546014785767 0 0
305 2 0.1586642563343048 0 0
306 2 0.15920305252075195 0 0
307 2 0.1597418487071991 0 0
308 2 0.16028062999248505 0 0
309 2 0.1608194261789322 0 0
310 2 0.16135822236537933 0 0
311 2 0.16189701855182648 0 0
312 2 0.16243581473827362 0 0
313 2 0.16297459602355957 0 0
314 2 0.1635133922100067 0 0
315 2 0.16405218839645386 0 0
316 2 0.164590984582901 0 0
317 2 0.16512978076934814 0 0
318 2 0.1656685620546341 0 0
319 2 0.16620735824108124 0 0
320 2 0.16674615442752838 0 0
321 2 0.16728495061397552 0 0
322 2 0.16782373189926147 0 0
323 2 0.16836252808570862 0 0
324 2 0.16890132427215576 0 0
325 2 0.1694401204586029 0 0
326 2 0.16997891664505005 0 0
327 2 0.170517697930336 0 0
328 2 0.17105649411678314 0 0
329 2 0.17159529030323029 0 0
330 2 0.17213408648967743 0 0
331 2 0.17267288267612457 0 0
332 2 0.17321166396141052 0 0
333 2 0.17375046014785767 0 0
334 2 0.1742892563343048 0 0
335 2 0.17482805252075195 0 0
336 2 0.1753668487071991 0 0
337 2 0.17590562999248505 0 0
338 2 0.1764444261789322 0 0
339 2 0.17698322236537933 0 0
340 2 0.17752201855182648 0 0
341 2 0.17806081473827362 0 0
342 2 0.17859959602355957 0 0
343 2 0.1791383922100067 0 0
344 2 0.17967718839645386 0 0
345 2 0.180215984582901 0 0
346 2 0.18075478076934814 0 0
347 2 0.1812935620546341 0 0
348 2 0.18183235824108124 0 0
349 2 0.18237115442752838 0 0
350 2 0.18290995061397552 0 0
351 2 0.18344873189926147 0 0
352 2 0.18398752808570862 0 0
353 2 0.18452632427215576 0 0
354 2 0.1850651204586029 0 0
355 2 0.18560391664505005 0 0
356 2 0.186142697930336 0 0
357 2 0.18668149411678314 0 0
358 2 0.18722029030323029 0 0
359 2 0.18775908648967743 0 0
360 2 0.18829788267612457 0 0
361 2 0.18883666396141052 0 0
362 2 0.18937546014785767 0 0
363 2 0.1899142563343048 0 0
364 18 0.19045305252075195 0 0
365 18 0.1909918487071991 0 0
366 18 0.19153062999248505 0 0
367 18 0.1920694261789322 0 0
368 18 0.19260822236537933 0 0
369 18 0.19314701855182648 0 0
370 18 0.19368581473827362 0 0
371 18 0.19422459602355957 0 0
372 18 0.1947633922100067 0 0
373 18 0.19530218839645386 0 0
374 18 0.195840984582901 0 0
375 2 0.19637978076934814 0 0
376 2 0.1969185620546341 0 0
377 2 0.19745735824108124 0 0
378 2 0.19799615442752838 0 0
379 2 0.19853495061397552 0 0
380 2 0.19907373189926147 0 0
381 2 0.19961252808570862 0 0
382 2 0.20015132427215576 0 0
383 2 0.2006901204586029 0 0
384 2 0.20122891664505005 0 0
385 2 0.201767697930336 0 0
386 2 0.20230649411678314 0 0
387 2 0.20284529030323029 0 0
388 2 0.20338408648967743 0 0
389 2 0.20392288267612457 0 0
390 2 0.20446166396141052 0 0
391 2 0.20500046014785767 0 0
392 2 0.2055392563343048 0 0
393 2 0.20607805252075195 0 0
394 2 0.2066168487071991 0 0
395 2 0.20715562999248505 0 0
396 2 0.2076944261789322 0 0
397 2 0.20823322236537933 0 0
398 2 0.20877201855182648 0 0
399 2 0.20931081473827362 0 0
400 2 0.20984959602355957 0 0
401 2 0.2103883922100067 0 0
402 2 0.21092718839645386 0 0
403 2 0.211465984582901 0 0
404 2 0.21200478076934814 0 0
405 2 0.2125435620546341 0 0
406 2 0.21308235824108124 0 0
407 2 0.21362115442752838 0 0
408 2 0.21415995061397552 0 0
409 2 0.21469873189926147 0 0
410 2 0.21523752808570862 0 0
411 2 0.21577632427215576 0 0
412 2 0.2163151204586029 0 0
413 2 0.21685391664505005 0 0
414 2 0.217392697930336 0 0
415 2 0.21793149411678314 0 0
416 2 0.21847029030323029 0 0
417 2 0.21900908648967743 0 0
418 2 0.21954788267612457 0 0
419 2 0.22008666396141052 0 0
420 2 0.22062546014785767 0 0
421 2 0.2211642563343048 0 0
422 2 0.22170305252075195 0 0
423 2 0.2222418487071991 0 0
424 2 0.22278062999248505 0 0
425 18 0.2233194261789322 0 0
426 18 0.22385822236537933 0 0
427 18 0.22439701855182648 0 0
428 18 0.22493581473827362 0 0
429 18 0.22547459602355957 0 0
430 18 0.2260133922100067 0 0
431 18 0.22655218839645386 0 0
432 18 0.227090984582901 0 0
433 18 0.22762978076934814 0 0
434 18 0.2281685620546341 0 0
435 18 0.22870735824108124 0 0
436 18 0.22924615442752838 0 0
437 18 0.22978495061397552 0 0
438 18 0.23032373189926147 0 0
439 18 0.23086252808570862 0 0
440 18 0.23140132427215576 0 0
441 2 0.2319401204586029 0 0
442 2 0.23247891664505005 0 0
443 2 0.233017697930336 0 0
444 2 0.23355649411678314 0 0
445 2 0.23409529030323029 0 0
446 2 0.23463408648967743 0 0
447 2 0.23517288267612457 0 0
448 2 0.23571166396141052 0 0
449 2 0.23625046014785767 0 0
450 2 0.2367892563343048 0 0
451 2 0.23732805252075195 0 0
452 2 0.2378668487071991 0 0
453 2 0.23840562999248505 0 0
454 2 0.2389444261789322 0 0
455 2 0.23948322236537933 0 0
456 2 0.24002201855182648 0 0
457 2 0.24056081473827362 0 0
458 2 0.24109959602355957 0 0
459 2 0.2416383922100067 0 0
460 2 0.24217718839645386 0 0
461 2 0.242715984582901 0 0
462 2 0.24325478076934814 0 0
463 2 0.2437935620546341 0 0
464 2 0.24433235824108124 0 0
465 2 0.24487115442752838 0 0
466 2 0.24540995061397552 0 0
467 2 0.24594873189926147 0 0
468 2 0.24648752808570862 0 0
469 2 0.24702632427215576 0 0
470 2 0.2475651204586029 0 0
471 18 0.24810391664505005 0 0
472 18 0.2482481300830841 0 1
472 18 0.2482481300830841 0 1
1 0 0.012058190070092678 0 0
2 0 0.012058190070092678 0 0
3 0 0.012058190070092678 0 0
4 0 0.012058190070092678 0 0
5 0 0.012058190070092678 0 0
6 0 0.012058190070092678 0 0
7 0 0.012058190070092678 0 0
8 0 0.012058190070092678 0 0
9 0 0.012058190070092678 0 0
10 0 0.012058190070092678 0 0
11 0 0.012058190070092678 0 0
12 0 0.012058190070092678 0 0
13 0 0.012058190070092678 0 0
14 0 0.012058190070092678 0 0
15 0 0.012058190070092678 0 0
16 0 0.012058190070092678 0 0
17 0 0.012058190070092678 0 0
18 0 0.012058190070092678 0 0
19 0 0.012058190070092678 0 0
20 0 0.012058190070092678 0 0
21 0 0.012058190070092678 0 0
22 0 0.012058190070092678 0 0
23 0 0.012058190070092678 0 0
24 2 0.012058190070092678 0 0
25 2 0.012234454974532127 0 0
26 2 0.012418612837791443 0 0
27 2 0.012610663659870625 0 0
28 2 0.012810605578124523 0 0
29 2 0.013018441386520863 0 0
30 2 0.013234169222414494 0 0
31 2 0.013457789085805416 0 0
32 2 0.013689301908016205 0 0
33 2 0.01392870582640171 0 0
34 2 0.014176003634929657 0 0
35 2 0.014431193470954895 0 0
36 2 0.0146942762658 0 0
37 2 0.014965251088142395 0 0
38 2 0.015244118869304657 0 0
39 2 0.01553087867796421 0 0
40 2 0.015825530514121056 0 0
41 2 0.01612807624042034 0 0
42 2 0.01643851399421692 0 0
43 2 0.016756843775510788 0 0
44 2 0.01708306558430195 0 0
45 2 0.01741718128323555 0 0
46 2 0.017759189009666443 0 0
47 2 0.018109088763594627 0 0
48 2 0.018466880545020103 0 0
49 2 0.01883256435394287 0 0
50 2 0.01920614205300808 0 0
51 2 0.01958761177957058 0 0
52 2 0.01997697353363037 0 0
53 2 0.020495394244790077 0 0
54 2 0.02090580388903618 0 0
55 2 0.021326735615730286 0 0
56 2 0.021758191287517548 0 0
57 2 0.022200170904397964 0 0
58 2 0.022652672603726387 0 0
59 2 0.023115698248147964 0 0
60 2 0.023589245975017548 0 0
61 2 0.024073317646980286 0 0
62 2 0.02456791326403618 0 0
63 2 0.025073030963540077 0 0
64 2 0.02558867447078228 0 0
65 2 0.02611483819782734 0 0
66 2 0.026651527732610703 0 0
67 2 0.02719873934984207 0 0
68 2 0.027737531810998917 0 0
69 2 0.02827632427215576 0 0
70 2 0.028815118595957756 0 0
71 2 0.0293539110571146 0 0
72 2 0.029892703518271446 0 0
73 2 0.03043149784207344 0 0
74 2 0.030970290303230286 0 0
75 2 0.03150908276438713 0 0
76 2 0.032047875225543976 0 0
77 18 0.03258667141199112 0 0
78 18 0.033125463873147964 0 0
79 18 0.03366425633430481 0 0
80 18 0.034203048795461655 0 0
81 18 0.0347418412566185 0 0
82 18 0.035280633717775345 0 0
83 18 0.03581942990422249 0 0
84 18 0.036358222365379333 0 0
85 18 0.03689701482653618 0 0
86 2 0.037435807287693024 0 0
87 2 0.03797459974884987 0 0
88 2 0.038513392210006714 0 0
89 2 0.03905218839645386 0 0
90 2 0.0395909808576107 0 0
91 2 0.04012977331876755 0 0
92 2 0.04066856577992439 0 0
93 2 0.04120735824108124 0 0
94 2 0.04174615442752838 0 0
95 2 0.042284946888685226 0 0
96 2 0.04282373934984207 0 0
97 2 0.04336253181099892 0 0
98 2 0.04390132427215576 0 0
99 2 0.04444011673331261 0 0
100 2 0.04497891291975975 0 0
101 2 0.045517705380916595 0 0
102 2 0.04605649784207344 0 0
103 2 0.046595290303230286 0 0
104 2 0.04713408276438713 0 0
105 2 0.047672875225543976 0 0
106 2 0.04821167141199112 0 0
107 2 0.048750463873147964 0 0
108 2 0.04928925633430481 0 0
109 2 0.049828048795461655 0 0
110 2 0.0503668412566185 0 0
111 2 0.050905633717775345 0 0
112 2 0.05144442990422249 0 0
113 2 0.051983222365379333 0 0
114 2 0.05252201482653618 0 0
115 2 0.053060807287693024 0 0
116 2 0.05359959974884987 0 0
117 2 0.054138392210006714 0 0
118 2 0.05467718839645386 0 0
119 2 0.0552159808576107 0 0
120 2 0.05575477331876755 0 0
121 2 0.05629356577992439 0 0
122 2 0.05683235824108124 0 0
123 2 0.05737115442752838 0 0
124 2 0.057909946888685226 0 0
125 2 0.05844873934984207 0 0
126 2 0.05898753181099892 0 0
127 2 0.05952632427215576 0 0
128 2 0.06006511673331261 0 0
129 2 0.06060391291975975 0 0
130 2 0.061142705380916595 0 0
131 2 0.06168149784207344 0 0
132 2 0.062220290303230286 0 0
133 2 0.06275908648967743 0 0
134 2 0.06329787522554398 0 0
135 2 0.06383667141199112 0 0
136 2 0.06437546014785767 0 0
137 2 0.06491425633430481 0 0
138 2 0.06545305252075195 0 0
139 2 0.0659918412566185 0 0
140 2 0.06653063744306564 0 0
141 2 0.06706942617893219 0 0
142 2 0.06760822236537933 0 0
143 2 0.06814701110124588 0 0
144 2 0.06868580728769302 0 0
145 2 0.06922460347414017 0 0
146 2 0.06976339221000671 0 0
147 2 0.07030218839645386 0 0
148 2 0.0708409771323204 0 0
149 2 0.07137977331876755 0 0
150 18 0.07191856950521469 0 0
151 18 0.07245735824108124 0 0
152 18 0.07299615442752838 0 0
153 18 0.07353494316339493 0 0
154 18 0.07407373934984207 0 0
155 18 0.07461253553628922 0 0
156 18 0.07515132427215576 0 0
157 18 0.0756901204586029 0 0
158 18 0.07622890919446945 0 0
159 18 0.0767677053809166 0 0
160 18 0.07730649411678314 0 0
161 18 0.07784529030323029 0 0
162 18 0.07838408648967743 0 0
163 18 0.07892287522554398 0 0
164 18 0.07946167141199112 0 0
165 18 0.08000046014785767 0 0
166 18 0.08053925633430481 0 0
167 18 0.08107805252075195 0 0
168 18 0.0816168412566185 0 0
169 18 0.08215563744306564 0 0
170 2 0.08269442617893219 0 0
171 2 0.08323322236537933 0 0
172 2 0.08377201110124588 0 0
173 2 0.08431080728769302 0 0
174 2 0.08484960347414017 0 0
175 2 0.08538839221000671 0 0
176 2 0.08592718839645386 0 0
177 2 0.0864659771323204 0 0
178 2 0.08700477331876755 0 0
179 2 0.08754356950521469 0 0
180 2 0.08808235824108124 0 0
181 2 0.08862115442752838 0 0
182 2 0.08915994316339493 0 0
183 2 0.08969873934984207 0 0
184 2 0.09023753553628922 0 0
185 2 0.09077632427215576 0 0
186 2 0.0913151204586029 0 0
187 2 0.09185390919446945 0 0
188 2 0.0923927053809166 0 0
189 2 0.09293149411678314 0 0
190 2 0.09347029030323029 0 0
191 2 0.09400908648967743 0 0
192 2 0.09454787522554398 0 0
193 2 0.09508667141199112 0 0
194 2 0.09562546014785767 0 0
195 2 0.09616425633430481 0 0
196 2 0.09670305252075195 0 0
197 2 0.0972418412566185 0 0
198 2 0.09778063744306564 0 0
199 2 0.09831942617893219 0 0
200 2 0.09885822236537933 0 0
201 2 0.09939701110124588 0 0
202 2 0.09993580728769302 0 0
203 2 0.10047460347414017 0 0
204 2 0.10101339221000671 0 0
205 2 0.10155218839645386 0 0
206 18 0.1020909771323204 0 0
207 18 0.10262977331876755 0 0
208 18 0.10316856950521469 0 0
209 18 0.10370735824108124 0 0
210 18 0.10424615442752838 0 0
211 18 0.10478494316339493 0 0
212 18 0.10532373934984207 0 0
213 18 0.10586253553628922 0 0
214 18 0.10640132427215576 0 0
215 18 0.1069401204586029 0 0
216 18 0.10747890919446945 0 0
217 18 0.1080177053809166 0 0
218 2 0.10855649411678314 0 0
219 2 0.10909529030323029 0 0
220 2 0.10963408648967743 0 0
221 2 0.11017287522554398 0 0
222 2 0.11071167141199112 0 0
223 2 0.11125046014785767 0 0
224 2 0.11178925633430481 0 0
225 2 0.11232805252075195 0 0
226 2 0.1128668412566185 0 0
227 2 0.11340563744306564 0 0
228 2 0.11394442617893219 0 0
229 2 0.11448322236537933 0 0
230 2 0.11502201110124588 0 0
231 2 0.11556080728769302 0 0
232 2 0.11609960347414017 0 0
233 2 0.11663839221000671 0 0
234 2 0.11717718839645386 0 0
235 2 0.1177159771323204 0 0
236 2 0.11825477331876755 0 0
237 2 0.11879356950521469 0 0
238 2 0.11933235824108124 0 0
239 2 0.11987115442752838 0 0
240 2 0.12040994316339493 0 0
241 2 0.12094873934984207 0 0
242 2 0.12148753553628922 0 0
243 2 0.12202632427215576 0 0
244 2 0.1225651204586029 0 0
245 2 0.12310390919446945 0 0
246 2 0.1236427053809166 0 0
247 2 0.12418149411678314 0 0
248 2 0.12472029030323029 0 0
249 2 0.12525908648967743 0 0
250 2 0.12579788267612457 0 0
251 2 0.12633666396141052 0 0
252 2 0.12687546014785767 0 0
253 2 0.1274142563343048 0 0
254 2 0.12795305252075195 0 0
255 2 0.1284918487071991 0 0
256 2 0.12903062999248505 0 0
257 2 0.1295694261789322 0 0
258 2 0.13010822236537933 0 0
259 2 0.13064701855182648 0 0
260 2 0.13118581473827362 0 0
261 2 0.13172459602355957 0 0
262 2 0.1322633922100067 0 0
263 2 0.13280218839645386 0 0
264 2 0.133340984582901 0 0
265 2 0.13387978076934814 0 0
266 2 0.1344185620546341 0 0
267 2 0.13495735824108124 0 0
268 2 0.13549615442752838 0 0
269 2 0.13603495061397552 0 0
270 2 0.13657373189926147 0 0
271 2 0.13711252808570862 0 0
272 18 0.13765132427215576 0 0
273 18 0.1381901204586029 0 0
274 18 0.13872891664505005 0 0
275 18 0.139267697930336 0 0
276 18 0.13980649411678314 0 0
277 18 0.14034529030323029 0 0
278 18 0.14088408648967743 0 0
279 18 0.14142288267612457 0 0
280 2 0.14196166396141052 0 0
281 2 0.14250046014785767 0 0
282 2 0.1430392563343048 0 0
283 2 0.14357805252075195 0 0
284 2 0.1441168487071991 0 0
285 2 0.14465562999248505 0 0
286 2 0.1451944261789322 0 0
287 2 0.14573322236537933 0 0
288 2 0.14627201855182648 0 0
289 2 0.14681081473827362 0 0
290 2 0.14734959602355957 0 0
291 2 0.1478883922100067 0 0
292 2 0.14842718839645386 0 0
293 2 0.148965984582901 0 0
294 2 0.14950478076934814 0 0
295 2 0.1500435620546341 0 0
296 2 0.15058235824108124 0 0
297 2 0.15112115442752838 0 0
298 2 0.15165995061397552 0 0
299 2 0.15219873189926147 0 0
300 2 0.15273752808570862 0 0
301 2 0.15327632427215576 0 0
302 2 0.1538151204586029 0 0
303 2 0.15435391664505005 0 0
304 2 0.154892697930336 0 0
305 2 0.15543149411678314 0 0
306 2 0.15597029030323029 0 0
307 2 0.15650908648967743 0 0
308 2 0.15704788267612457 0 0
309 2 0.15758666396141052 0 0
310 2 0.15812546014785767 0 0
311 2 0.1586642563343048 0 0
312 2 0.15920305252075195 0 0
313 2 0.1597418487071991 0 0
314 2 0.16028062999248505 0 0
315 2 0.1608194261789322 0 0
316 2 0.16135822236537933 0 0
317 2 0.16189701855182648 0 0
318 2 0.16243581473827362 0 0
319 2 0.16297459602355957 0 0
320 2 0.1635133922100067 0 0
321 2 0.16405218839645386 0 0
322 2 0.164590984582901 0 0
323 2 0.16512978076934814 0 0
324 2 0.1656685620546341 0 0
325 2 0.16620735824108124 0 0
326 2 0.16674615442752838 0 0
327 2 0.16728495061397552 0 0
328 2 0.16782373189926147 0 0
329 2 0.16836252808570862 0 0
330 2 0.16890132427215576 0 0
331 2 0.1694401204586029 0 0
332 2 0.16997891664505005 0 0
333 2 0.170517697930336 0 0
334 2 0.17105649411678314 0 0
335 2 0.17159529030323029 0 0
336 2 0.17213408648967743 0 0
337 2 0.17267288267612457 0 0
338 2 0.17321166396141052 0 0
339 2 0.17375046014785767 0 0
340 2 0.1742892563343048 0 0
341 2 0.17482805252075195 0 0
342 2 0.1753668487071991 0 0
343 2 0.17590562999248505 0 0
344 2 0.1764444261789322 0 0
345 2 0.17698322236537933 0 0
346 2 0.17752201855182648 0 0
347 2 0.17806081473827362 0 0
348 2 0.17859959602355957 0 0
349 2 0.1791383922100067 0 0
350 2 0.17967718839645386 0 0
351 2 0.180215984582901 0 0
352 2 0.18075478076934814 0 0
353 2 0.1812935620546341 0 0
354 2 0.18183235824108124 0 0
355 2 0.18237115442752838 0 0
356 2 0.18290995061397552 0 0
357 2 0.18344873189926147 0 0
358 2 0.18398752808570862 0 0
359 2 0.18452632427215576 0 0
360 2 0.1850651204586029 0 0
361 2 0.18560391664505005 0 0
362 2 0.186142697930336 0 0
363 2 0.18668149411678314 0 0
364 2 0.18722029030323029 0 0
365 2 0.18775908648967743 0 0
366 18 0.18829788267612457 0 0
367 18 0.18883666396141052 0 0
368 18 0.18937546014785767 0 0
369 18 0.1899142563343048 0 0
370 18 0.19045305252075195 0 0
371 18 0.1909918487071991 0 0
372 18 0.19153062999248505 0 0
373 18 0.1920694261789322 0 0
374 18 0.19260822236537933 0 0
375 18 0.19314701855182648 0 0
376 18 0.19368581473827362 0 0
377 18 0.19422459602355957 0 0
378 2 0.1947633922100067 0 0
379 2 0.19530218839645386 0 0
380 2 0.195840984582901 0 0
381 2 0.19637978076934814 0 0
382 2 0.1969185620546341 0 0
383 2 0.19745735824108124 0 0
384 2 0.19799615442752838 0 0
385 2 0.19853495061397552 0 0
386 2 0.19907373189926147 0 0
387 2 0.19961252808570862 0 0
388 2 0.20015132427215576 0 0
389 2 0.2006901204586029 0 0
390 2 0.20122891664505005 0 0
391 2 0.201767697930336 0 0
392 2 0.20230649411678314 0 0
393 2 0.20284529030323029 0 0
394 2 0.20338408648967743 0 0
395 2 0.20392288267612457 0 0
396 2 0.20446166396141052 0 0
397 2 0.20500046014785767 0 0
398 2 0.2055392563343048 0 0
399 2 0.20607805252075195 0 0
400 2 0.2066168487071991 0 0
401 2 0.20715562999248505 0 0
402 2 0.2076944261789322 0 0
403 2 0.20823322236537933 0 0
404 2 0.20877201855182648 0 0
405 2 0.20931081473827362 0 0
406 2 0.20984959602355957 0 0
407 2 0.2103883922100067 0 0
408 2 0.21092718839645386 0 0
409 2 0.211465984582901 0 0
410 2 0.21200478076934814 0 0
411 2 0.2125435620546341 0 0
412 2 0.21308235824108124 0 0
413 2 0.21362115442752838 0 0
414 2 0.21415995061397552 0 0
415 2 0.21469873189926147 0 0
416 2 0.21523752808570862 0 0
417 2 0.21577632427215576 0 0
418 2 0.2163151204586029 0 0
419 2 0.21685391664505005 0 0
420 2 0.217392697930336 0 0
421 2 0.21793149411678314 0 0
422 18 0.21847029030323029 0 0
423 18 0.21900908648967743 0 0
424 18 0.21954788267612457 0 0
425 18 0.22008666396141052 0 0
426 18 0.22062546014785767 0 0
427 18 0.2211642563343048 0 0
428 18 0.22170305252075195 0 0
429 18 0.2222418487071991 0 0
430 18 0.22278062999248505 0 0
431 18 0.2233194261789322 0 0
432 2 0.22385822236537933 0 0
433 2 0.22439701855182648 0 0
434 2 0.22493581473827362 0 0
435 2 0.22547459602355957 0 0
436 2 0.2260133922100067 0 0
437 2 0.22655218839645386 0 0
438 2 0.227090984582901 0 0
439 2 0.22762978076934814 0 0
440 2 0.2281685620546341 0 0
441 2 0.22870735824108124 0 0
442 2 0.22924615442752838 0 0
443 2 0.22978495061397552 0 0
444 2 0.23032373189926147 0 0
445 2 0.23086252808570862 0 0
446 2 0.23140132427215576 0 0
447 2 0.2319401204586029 0 0
448 2 0.23247891664505005 0 0
449 2 0.233017697930336 0 0
450 2 0.23355649411678314 0 0
451 2 0.23409529030323029 0 0
452 2 0.23463408648967743 0 0
453 2 0.23517288267612457 0 0
454 2 0.23571166396141052 0 0
455 2 0.23625046014785767 0 0
456 2 0.2367892563343048 0 0
457 2 0.23732805252075195 0 0
458 2 0.2378668487071991 0 0
459 2 0.23840562999248505 0 0
460 2 0.2389444261789322 0 0
461 2 0.23948322236537933 0 0
462 2 0.24002201855182648 0 0
463 2 0.24056081473827362 0 0
464 2 0.24109959602355957 0 0
465 2 0.2416383922100067 0 0
466 2 0.24217718839645386 0 0
467 2 0.242715984582901 0 0
468 2 0.24325478076934814 0 0
469 2 0.2437935620546341 0 0
470 2 0.24433235824108124 0 0
471 2 0.24487115442752838 0 0
472 2 0.24540995061397552 0 0
473 2 0.24594873189926147 0 0
474 2 0.24648752808570862 0 0
475 2 0.24702632427215576 0 0
476 2 0.2475651204586029 0 0
477 2 0.24810391664505005 0 0
478 2 0.248642697930336 0 0
479 2 0.24918149411678314 0 0
480 2 0.24972029030323029 0 0
481 2 0.25025907158851624 0 0
482 2 0.2507978677749634 0 0
483 2 0.2513366639614105 0 0
484 2 0.25187546014785767 0 0
485 2 0.2524142563343048 0 0
486 2 0.25295305252075195 0 0
487 2 0.2534918487071991 0 0
488 2 0.25403064489364624 0 0
489 2 0.2545694410800934 0 0
490 2 0.25510820746421814 0 0
491 2 0.2556470036506653 0 0
492 2 0.2561857998371124 0 0
493 2 0.25672459602355957 0 0
494 2 0.2572633922100067 0 0
495 2 0.25780218839645386 0 0
496 2 0.258340984582901 0 0
497 2 0.25887978076934814 0 0
498 2 0.2594185769557953 0 0
499 2 0.25995737314224243 0 0
500 2 0.2604961395263672 0 0
501 2 0.26103493571281433 0 0
502 18 0.2615737318992615 0 0
503 18 0.2621125280857086 0 0
504 18 0.26265132427215576 0 0
505 18 0.2631901204586029 0 0
506 18 0.26372891664505005 0 0
507 18 0.2642677128314972 0 0
508 18 0.26480650901794434 0 0
509 18 0.2653453052043915 0 0
510 18 0.26588407158851624 0 0
511 18 0.2664228677749634 0 0
512 2 0.2669616639614105 0 0
513 2 0.26750046014785767 0 0
514 2 0.2680392563343048 0 0
515 2 0.26857805252075195 0 0
516 2 0.2691168487071991 0 0
517 2 0.26965564489364624 0 0
518 2 0.2701944410800934 0 0
519 2 0.27073320746421814 0 0
520 2 0.2712720036506653 0 0
521 2 0.2718107998371124 0 0
522 2 0.27234959602355957 0 0
523 2 0.2728883922100067 0 0
524 2 0.27342718839645386 0 0
525 2 0.273965984582901 0 0
526 2 0.27450478076934814 0 0
527 2 0.2750435769557953 0 0
528 2 0.27558237314224243 0 0
529 2 0.2761211395263672 0 0
530 2 0.27665993571281433 0 0
531 2 0.2771987318992615 0 0
532 2 0.2777375280857086 0 0
533 2 0.27827632427215576 0 0
534 2 0.2788151204586029 0 0
535 2 0.27935391664505005 0 0
536 2 0.2798927128314972 0 0
537 2 0.28043150901794434 0 0
538 2 0.2809703052043915 0 0
539 2 0.28150907158851624 0 0
540 2 0.2820478677749634 0 0
541 2 0.2825866639614105 0 0
542 2 0.28312546014785767 0 0
543 2 0.2836642563343048 0 0
544 2 0.28420305252075195 0 0
545 2 0.2847418487071991 0 0
546 2 0.28528064489364624 0 0
547 2 0.2858194410800934 0 0
548 2 0.28635820746421814 0 0
549 2 0.2868970036506653 0 0
550 2 0.2874357998371124 0 0
551 2 0.28797459602355957 0 0
552 2 0.2885133922100067 0 0
553 18 0.28905218839645386 0 0
554 18 0.289590984582901 0 0
555 18 0.29012978076934814 0 0
556 18 0.2906685769557953 0 0
557 18 0.29120737314224243 0 0
558 18 0.2917461395263672 0 0
559 18 0.29228493571281433 0 0
560 18 0.2928237318992615 0 0
561 18 0.2933625280857086 0 0
562 18 0.29390132427215576 0 0
563 18 0.2944401204586029 0 0
564 2 0.29497891664505005 0 0
565 2 0.2955177128314972 0 0
566 2 0.29605650901794434 0 0
567 2 0.2965953052043915 0 0
568 2 0.29713407158851624 0 0
569 2 0.2976728677749634 0 0
570 2 0.2982116639614105 0 0
571 2 0.29875046014785767 0 0
572 2 0.2992892563343048 0 0
573 2 0.29982805252075195 0 0
574 2 0.3003668487071991 0 0
575 2 0.30090564489364624 0 0
576 2 0.3014444410800934 0 0
577 2 0.30198320746421814 0 0
578 2 0.3025220036506653 0 0
579 2 0.3030607998371124 0 0
580 2 0.30359959602355957 0 0
581 2 0.3041383922100067 0 0
582 2 0.30467718839645386 0 0
583 2 0.305215984582901 0 0
584 2 0.30575478076934814 0 0
585 2 0.3062935769557953 0 0
586 2 0.30683237314224243 0 0
587 2 0.3073711395263672 0 0
588 2 0.30790993571281433 0 0
589 2 0.3084487318992615 0 0
590 2 0.3089875280857086 0 0
591 2 0.30952632427215576 0 0
592 2 0.3100651204586029 0 0
593 2 0.31060391664505005 0 0
594 2 0.3111427128314972 0 0
595 2 0.31168150901794434 0 0
596 2 0.3122203052043915 0 0
597 2 0.31275907158851624 0 0
598 2 0.3132978677749634 0 0
599 2 0.3138366639614105 0 0
600 2 0.31437546014785767 0 0
601 2 0.3149142563343048 0 0
602 2 0.31545305252075195 0 0
603 2 0.3159918487071991 0 0
604 2 0.31653064489364624 0 0
605 2 0.3170694410800934 0 0
606 18 0.31760820746421814 0 0
607 18 0.3181470036506653 0 0
608 18 0.3186857998371124 0 0
609 18 0.31922459602355957 0 0
610 18 0.3197633922100067 0 0
611 18 0.32030218839645386 0 0
612 18 0.320840984582901 0 0
613 18 0.32137978076934814 0 0
614 2 0.3219185769557953 0 0
615 2 0.32245737314224243 0 0
616 2 0.3229961395263672 0 0
617 2 0.32353493571281433 0 0
618 2 0.3240737318992615 0 0
619 2 0.3246125280857086 0 0
620 2 0.32515132427215576 0 0
621 2 0.3256901204586029 0 0
622 2 0.32622891664505005 0 0
623 2 0.3267677128314972 0 0
624 0 0.32730650901794434 0 0
625 0 0.3278334438800812 0 0
626 0 0.3283485770225525 0 0
627 0 0.3288518488407135 0 0
628 1 0.3293432891368866 0 0
629 1 0.3298189342021942 0 0
630 1 0.33027881383895874 0 0
631 1 0.3307228982448578 0 0
632 1 0.33115118741989136 0 0
633 1 0.33156371116638184 0 0
634 1 0.33196043968200684 0 0
635 1 0.33221960067749023 0 1
635 1 0.33221960067749023 0 1
1 0 0.012058190070092678 0 0
2 0 0.012058190070092678 0 0
3 0 0.012058190070092678 0 0
4 0 0.012058190070092678 0 0
5 1 0.012058190070092678 0 0
6 1 0.011881924234330654 0 0
7 1 0.011697766371071339 0 0
8 1 0.011505716480314732 0 0
9 1 0.011305773630738258 0 0
10 1 0.011097938753664494 0 0
11 1 0.010882210917770863 0 0
12 0 0.010658590123057365 0 0
13 0 0.010446809232234955 0 0
14 0 0.010246866382658482 0 0
15 0 0.01005876250565052 0 0
16 0 0.009882496669888496 0 0
17 0 0.009718070738017559 0 0
18 0 0.009718070738017559 0 0
19 2 0.009718070738017559 0 0
20 2 0.009894335642457008 0 0
21 2 0.010078493505716324 0 0
22 2 0.010270543396472931 0 0
23 2 0.010470486246049404 0 0
24 2 0.010678322054445744 0 0
25 2 0.010894049890339375 0 0
26 2 0.011117669753730297 0 0
27 2 0.011349182575941086 0 0
28 2 0.011588587425649166 0 0
29 2 0.011835885234177113 0 0
30 2 0.01209107507020235 0 0
31 2 0.012354157865047455 0 0
32 2 0.01262513268738985 0 0
33 2 0.012904000468552113 0 0
34 2 0.013190760277211666 0 0
35 2 0.013485413044691086 0 0
36 2 0.013787957839667797 0 0
37 2 0.0140983946621418 0 0
38 2 0.014416724443435669 0 0
39 2 0.01474294625222683 0 0
40 2 0.015077061951160431 0 0
41 2 0.01541906874626875 0 0
42 2 0.01576896943151951 0 0
43 2 0.016126761212944984 0 0
44 2 0.016492445021867752 0 0
45 2 0.01686602272093296 0 0
46 2 0.01724749244749546 0 0
47 2 0.017636854201555252 0 0
48 2 0.018155274912714958 0 0
49 2 0.01856568455696106 0 0
50 2 0.018986616283655167 0 0
51 2 0.01941807195544243 0 0
52 2 0.019860049709677696 0 0
53 2 0.020312553271651268 0 0
54 2 0.020775577053427696 0 0
55 2 0.02124912664294243 0 0
56 2 0.021733198314905167 0 0
57 2 0.02222779393196106 0 0
58 2 0.022732911631464958 0 0
59 2 0.02324855327606201 0 0
60 2 0.02377471886575222 0 0
61 2 0.024311408400535583 0 0
62 2 0.024858620017766953 0 0
63 2 0.025397412478923798 0 0
64 2 0.025936204940080643 0 0
65 2 0.026474999263882637 0 0
66 2 0.027013791725039482 0 0
67 2 0.027552584186196327 0 0
68 2 0.02809137850999832 0 0
69 2 0.028630170971155167 0 0
70 2 0.02916896343231201 0 0
71 2 0.029707757756114006 0 0
72 2 0.03024655021727085 0 0
73 2 0.030785342678427696 0 0
74 18 0.03132413700222969 0 0
75 18 0.031862929463386536 0 0
76 18 0.03240172192454338 0 0
77 18 0.032940514385700226 0 0
78 18 0.03347931057214737 0 0
79 18 0.034018103033304214 0 0
80 18 0.03455689549446106 0 0
81 18 0.035095687955617905 0 0
82 18 0.03563448041677475 0 0
83 18 0.036173272877931595 0 0
84 18 0.03671206906437874 0 0
85 18 0.037250861525535583 0 0
86 2 0.03778965398669243 0 0
87 2 0.038328446447849274 0 0
88 2 0.03886723890900612 0 0
89 2 0.039406031370162964 0 0
90 2 0.03994482755661011 0 0
91 2 0.04048362001776695 0 0
92 2 0.0410224124789238 0 0
93 2 0.04156120494008064 0 0
94 2 0.04209999740123749 0 0
95 2 0.04263879358768463 0 0
96 2 0.043177586048841476 0 0
97 2 0.04371637850999832 0 0
98 2 0.04425517097115517 0 0
99 2 0.04479396343231201 0 0
100 2 0.04533275589346886 0 0
101 2 0.045871552079916 0 0
102 2 0.046410344541072845 0 0
103 2 0.04694913700222969 0 0
104 2 0.047487929463386536 0 0
105 2 0.04802672192454338 0 0
106 2 0.048565514385700226 0 0
107 2 0.04910431057214737 0 0
108 2 0.049643103033304214 0 0
109 2 0.05018189549446106 0 0
110 2 0.050720687955617905 0 0
111 2 0.05125948041677475 0 0
112 2 0.051798272877931595 0 0
113 2 0.05233706906437874 0 0
114 2 0.052875861525535583 0 0
115 2 0.05341465398669243 0 0
116 2 0.053953446447849274 0 0
117 2 0.05449223890900612 0 0
118 2 0.055031031370162964 0 0
119 2 0.05556982755661011 0 0
120 2 0.05610862001776695 0 0
121 2 0.0566474124789238 0 0
122 2 0.05718620494008064 0 0
123 2 0.05772499740123749 0 0
124 2 0.05826379358768463 0 0
125 2 0.058802586048841476 0 0
126 2 0.05934137850999832 0 0
127 2 0.05988017097115517 0 0
128 2 0.06041896343231201 0 0
129 2 0.06095775589346886 0 0
130 2 0.061496552079916 0 0
131 2 0.062035344541072845 0 0
132 2 0.06257413327693939 0 0
133 2 0.06311292946338654 0 0
134 2 0.06365172564983368 0 0
135 2 0.06419051438570023 0 0
136 2 0.06472931057214737 0 0
137 2 0.06526809930801392 0 0
138 2 0.06580689549446106 0 0
139 2 0.0663456916809082 0 0
140 2 0.06688448041677475 0 0
141 2 0.0674232766032219 0 0
142 2 0.06796206533908844 0 0
143 2 0.06850086152553558 0 0
144 2 0.06903965026140213 0 0
145 2 0.06957844644784927 0 0
146 2 0.07011724263429642 0 0
147 2 0.07065603137016296 0 0
148 2 0.07119482755661011 0 0
149 2 0.07173361629247665 0 0
150 2 0.0722724124789238 0 0
151 18 0.07281120866537094 0 0
152 18 0.07334999740123749 0 0
153 18 0.07388879358768463 0 0
154 18 0.07442758232355118 0 0
155 18 0.07496637850999832 0 0
156 18 0.07550517469644547 0 0
157 18 0.07604396343231201 0 0
158 18 0.07658275961875916 0 0
159 18 0.0771215483546257 0 0
160 18 0.07766034454107285 0 0
161 18 0.07819913327693939 0 0
162 18 0.07873792946338654 0 0
163 18 0.07927672564983368 0 0
164 18 0.07981551438570023 0 0
165 18 0.08035431057214737 0 0
166 18 0.08089309930801392 0 0
167 18 0.08143189549446106 0 0
168 18 0.0819706916809082 0 0
169 18 0.08250948041677475 0 0
170 18 0.0830482766032219 0 0
171 2 0.08358706533908844 0 0
172 2 0.08412586152553558 0 0
173 2 0.08466465026140213 0 0
174 2 0.08520344644784927 0 0
175 2 0.08574224263429642 0 0
176 2 0.08628103137016296 0 0
177 2 0.08681982755661011 0 0
178 2 0.08735861629247665 0 0
179 2 0.0878974124789238 0 0
180 2 0.08843620866537094 0 0
181 2 0.08897499740123749 0 0
182 2 0.08951379358768463 0 0
183 2 0.09005258232355118 0 0
184 2 0.09059137850999832 0 0
185 2 0.09113017469644547 0 0
186 2 0.09166896343231201 0 0
187 2 0.09220775961875916 0 0
188 2 0.0927465483546257 0 0
189 2 0.09328534454107285 0 0
190 2 0.09382413327693939 0 0
191 2 0.09436292946338654 0 0
192 2 0.09490172564983368 0 0
193 2 0.09544051438570023 0 0
194 2 0.09597931057214737 0 0
195 2 0.09651809930801392 0 0
196 2 0.09705689549446106 0 0
197 2 0.0975956916809082 0 0
198 2 0.09813448041677475 0 0
199 2 0.0986732766032219 0 0
200 2 0.09921206533908844 0 0
201 2 0.09975086152553558 0 0
202 2 0.10028965026140213 0 0
203 2 0.10082844644784927 0 0
204 2 0.10136724263429642 0 0
205 2 0.10190603137016296 0 0
206 18 0.10244482755661011 0 0
207 18 0.10298361629247665 0 0
208 18 0.1035224124789238 0 0
209 18 0.10406120866537094 0 0
210 18 0.10459999740123749 0 0
211 18 0.10513879358768463 0 0
212 18 0.10567758232355118 0 0
213 18 0.10621637850999832 0 0
214 18 0.10675517469644547 0 0
215 18 0.10729396343231201 0 0
216 18 0.10783275961875916 0 0
217 18 0.1083715483546257 0 0
218 18 0.10891034454107285 0 0
219 2 0.10944913327693939 0 0
220 2 0.10998792946338654 0 0
221 2 0.11052672564983368 0 0
222 2 0.11106551438570023 0 0
223 2 0.11160431057214737 0 0
224 2 0.11214309930801392 0 0
225 2 0.11268189549446106 0 0
226 2 0.1132206916809082 0 0
227 2 0.11375948041677475 0 0
228 2 0.1142982766032219 0 0
229 2 0.11483706533908844 0 0
230 2 0.11537586152553558 0 0
231 2 0.11591465026140213 0 0
232 0 0.11645344644784927 0 0
233 2 0.1169804036617279 0 0
234 2 0.1175178810954094 0 0
235 2 0.11806587874889374 0 0
236 2 0.11860467493534088 0 0
237 2 0.11914346367120743 0 0
238 2 0.11968225985765457 0 0
239 2 0.12022105604410172 0 0
240 2 0.12075984477996826 0 0
241 2 0.1212986409664154 0 0
242 2 0.12183742970228195 0 0
243 2 0.1223762258887291 0 0
244 2 0.12291501462459564 0 0
245 2 0.12345381081104279 0 0
246 2 0.12399260699748993 0 0
247 2 0.12453139573335648 0 0
248 2 0.12507018446922302 0 0
249 2 0.12560898065567017 0 0
250 2 0.1261477768421173 0 0
251 2 0.12668657302856445 0 0
252 2 0.1272253692150116 0 0
253 2 0.12776415050029755 0 0
254 2 0.1283029466867447 0 0
255 2 0.12884174287319183 0 0
256 2 0.12938053905963898 0 0
257 2 0.12991933524608612 0 0
258 2 0.13045811653137207 0 0
259 2 0.1309969127178192 0 0
260 2 0.13153570890426636 0 0
261 2 0.1320745050907135 0 0
262 2 0.13261330127716064 0 0
263 2 0.1331520825624466 0 0
264 2 0.13369087874889374 0 0
265 2 0.13422967493534088 0 0
266 2 0.13476847112178802 0 0
267 2 0.13530725240707397 0 0
268 2 0.13584604859352112 0 0
269 2 0.13638484477996826 0 0
270 18 0.1369236409664154 0 0
271 18 0.13746243715286255 0 0
272 18 0.1380012184381485 0 0
273 18 0.13854001462459564 0 0
274 18 0.13907881081104279 0 0
275 18 0.13961760699748993 0 0
276 2 0.14015640318393707 0 0
277 2 0.14069518446922302 0 0
278 2 0.14123398065567017 0 0
279 2 0.1417727768421173 0 0
280 2 0.14231157302856445 0 0
281 2 0.1428503692150116 0 0
282 2 0.14338915050029755 0 0
283 2 0.1439279466867447 0 0
284 2 0.14446674287319183 0 0
285 2 0.14500553905963898 0 0
286 2 0.14554433524608612 0 0
287 2 0.14608311653137207 0 0
288 2 0.1466219127178192 0 0
289 2 0.14716070890426636 0 0
290 2 0.1476995050907135 0 0
291 2 0.14823830127716064 0 0
292 2 0.1487770825624466 0 0
293 2 0.14931587874889374 0 0
294 2 0.14985467493534088 0 0
295 2 0.15039347112178802 0 0
296 2 0.15093225240707397 0 0
297 2 0.15147104859352112 0 0
298 2 0.15200984477996826 0 0
299 2 0.1525486409664154 0 0
300 2 0.15308743715286255 0 0
301 2 0.1536262184381485 0 0
302 2 0.15416501462459564 0 0
303 2 0.15470381081104279 0 0
304 2 0.15524260699748993 0 0
305 2 0.15578140318393707 0 0
306 2 0.15632018446922302 0 0
307 2 0.15685898065567017 0 0
308 2 0.1573977768421173 0 0
309 2 0.15793657302856445 0 0
310 2 0.1584753692150116 0 0
311 2 0.15901415050029755 0 0
312 2 0.1595529466867447 0 0
313 2 0.16009174287319183 0 0
314 2 0.16063053905963898 0 0
315 2 0.16116933524608612 0 0
316 2 0.16170811653137207 0 0
317 2 0.1622469127178192 0 0
318 2 0.16278570890426636 0 0
319 2 0.1633245050907135 0 0
320 2 0.16386330127716064 0 0
321 2 0.1644020825624466 0 0
322 2 0.16494087874889374 0 0
323 2 0.16547967493534088 0 0
324 2 0.16601847112178802 0 0
325 2 0.16655725240707397 0 0
326 2 0.16709604859352112 0 0
327 2 0.16763484477996826 0 0
328 2 0.1681736409664154 0 0
329 2 0.16871243715286255 0 0
330 2 0.1692512184381485 0 0
331 2 0.16979001462459564 0 0
332 2 0.17032881081104279 0 0
333 2 0.17086760699748993 0 0
334 2 0.17140640318393707 0 0
335 2 0.17194518446922302 0 0
336 2 0.17248398065567017 0 0
337 2 0.1730227768421173 0 0
338 2 0.17356157302856445 0 0
339 2 0.1741003692150116 0 0
340 2 0.17463915050029755 0 0
341 2 0.1751779466867447 0 0
342 2 0.17571674287319183 0 0
343 2 0.17625553905963898 0 0
344 2 0.17679433524608612 0 0
345 2 0.17733311653137207 0 0
346 2 0.1778719127178192 0 0
347 2 0.17841070890426636 0 0
348 2 0.1789495050907135 0 0
349 2 0.17948830127716064 0 0
350 2 0.1800270825624466 0 0
351 2 0.18056587874889374 0 0
352 2 0.18110467493534088 0 0
353 2 0.18164347112178802 0 0
354 2 0.18218225240707397 0 0
355 2 0.18272104859352112 0 0
356 2 0.18325984477996826 0 0
357 2 0.1837986409664154 0 0
358 2 0.18433743715286255 0 0
359 2 0.1848762184381485 0 0
360 2 0.18541501462459564 0 0
361 2 0.18595381081104279 0 0
362 2 0.18649260699748993 0 0
363 2 0.18703140318393707 0 0
364 2 0.18757018446922302 0 0
365 2 0.18810898065567017 0 0
366 2 0.1886477768421173 0 0
367 2 0.18918657302856445 0 0
368 2 0.1897253692150116 0 0
369 2 0.19026415050029755 0 0
370 2 0.1908029466867447 0 0
371 2 0.19134174287319183 0 0
372 2 0.19188053905963898 0 0
373 2 0.19241933524608612 0 0
374 2 0.19295811653137207 0 0
375 2 0.1934969127178192 0 0
376 2 0.19403570890426636 0 0
377 2 0.1945745050907135 0 0
378 18 0.19511330127716064 0 0
379 18 0.1956520825624466 0 0
380 18 0.19619087874889374 0 0
381 18 0.19672967493534088 0 0
382 18 0.19726847112178802 0 0
383 18 0.19780725240707397 0 0
384 18 0.19834604859352112 0 0
385 18 0.19888484477996826 0 0
386 2 0.1994236409664154 0 0
387 2 0.19996243715286255 0 0
388 2 0.2005012184381485 0 0
389 2 0.20104001462459564 0 0
390 2 0.20157881081104279 0 0
391 2 0.20211760699748993 0 0
392 2 0.20265640318393707 0 0
393 2 0.20319518446922302 0 0
394 2 0.20373398065567017 0 0
395 0 0.2042727768421173 0 0
396 0 0.20479972660541534 0 0
397 0 0.20531484484672546 0 0
398 0 0.20581811666488647 0 0
399 0 0.20630955696105957 0 0
400 0 0.20678916573524475 0 0
401 0 0.20725692808628082 0 0
402 0 0.20771284401416779 0 0
403 0 0.20815692842006683 0 0
404 0 0.20858916640281677 0 0
405 0 0.2090095728635788 0 0
406 2 0.2094181478023529 0 0
407 2 0.20983724296092987 0 0
408 2 0.2102668434381485 0 0
409 2 0.21070699393749237 0 0
410 2 0.2111576497554779 0 0
411 2 0.2116188257932663 0 0
412 2 0.21209053695201874 0 0
413 2 0.21257276833057404 0 0
414 2 0.2130655199289322 0 0
415 2 0.2135688066482544 0 0
416 2 0.21408259868621826 0 0
417 2 0.21460692584514618 0 0
418 2 0.21514177322387695 0 0
419 2 0.21568714082241058 0 0
420 2 0.21622593700885773 0 0
421 2 0.21676473319530487 0 0
422 2 0.21730351448059082 0 0
423 2 0.21784231066703796 0 0
424 2 0.2183811068534851 0 0
425 2 0.21891990303993225 0 0
426 2 0.2194586992263794 0 0
427 2 0.21999748051166534 0 0
428 2 0.2205362766981125 0 0
429 2 0.22107507288455963 0 0
430 2 0.22161386907100677 0 0
431 2 0.22215265035629272 0 0
432 18 0.22269144654273987 0 0
433 18 0.223230242729187 0 0
434 18 0.22376903891563416 0 0
435 18 0.2243078351020813 0 0
436 2 0.22484661638736725 0 0
437 2 0.2253854125738144 0 0
438 2 0.22592420876026154 0 0
439 2 0.22646300494670868 0 0
440 2 0.22700180113315582 0 0
441 2 0.22754058241844177 0 0
442 2 0.22807937860488892 0 0
443 2 0.22861817479133606 0 0
444 0 0.2291569709777832 0 0
445 0 0.22968392074108124 0 0
446 0 0.23019903898239136 0 0
447 0 0.23070231080055237 0 0
448 0 0.23119375109672546 0 0
449 0 0.23167335987091064 0 0
450 0 0.23214110732078552 0 0
451 0 0.23259703814983368 0 0
452 0 0.23304112255573273 0 0
453 0 0.23347336053848267 0 0
454 0 0.2338937669992447 0 0
455 0 0.2343023419380188 0 0
456 0 0.2346990704536438 0 0
457 2 0.2350839525461197 0 0
458 2 0.23535819351673126 0 0
459 2 0.235880047082901 0 0
460 2 0.23629386723041534 0 0
461 2 0.23671822249889374 0 0
462 2 0.237153097987175 0 0
463 2 0.2375984936952591 0 0
464 2 0.23805442452430725 0 0
465 2 0.23852086067199707 0 0
466 2 0.23899783194065094 0 0
467 2 0.23948532342910767 0 0
468 2 0.23998333513736725 0 0
469 2 0.24049188196659088 0 0
470 2 0.24101094901561737 0 0
471 2 0.24154052138328552 0 0
472 2 0.24208062887191772 0 0
473 2 0.24261942505836487 0 0
474 2 0.243158221244812 0 0
475 2 0.24369701743125916 0 0
476 2 0.2442358136177063 0 0
477 2 0.24477459490299225 0 0
478 2 0.2453133910894394 0 0
479 2 0.24585218727588654 0 0
480 2 0.24639098346233368 0 0
481 2 0.24692977964878082 0 0
482 2 0.24746856093406677 0 0
483 2 0.24800735712051392 0 0
484 2 0.24854615330696106 0 0
485 2 0.2490849494934082 0 0
486 2 0.24962374567985535 0 0
487 2 0.2501625418663025 0 0
488 2 0.25070133805274963 0 0
489 2 0.2512401044368744 0 0
490 2 0.25177890062332153 0 0
491 2 0.2523176968097687 0 0
492 2 0.2528564929962158 0 0
493 2 0.25339528918266296 0 0
494 2 0.2539340853691101 0 0
495 2 0.25447288155555725 0 0
496 2 0.2550116777420044 0 0
497 2 0.25555047392845154 0 0
498 2 0.2560892701148987 0 0
499 2 0.25662803649902344 0 0
500 2 0.2571668326854706 0 0
501 2 0.2577056288719177 0 0
502 2 0.25824442505836487 0 0
503 2 0.258783221244812 0 0
504 2 0.25932201743125916 0 0
505 2 0.2598608136177063 0 0
506 2 0.26039960980415344 0 0
507 2 0.2609384059906006 0 0
508 18 0.26147720217704773 0 0
509 18 0.2620159685611725 0 0
510 18 0.26255476474761963 0 0
511 18 0.2630935609340668 0 0
512 18 0.2636323571205139 0 0
513 18 0.26417115330696106 0 0
514 18 0.2647099494934082 0 0
515 18 0.26524874567985535 0 0
516 2 0.2657875418663025 0 0
517 2 0.26632633805274963 0 0
518 2 0.2668651044368744 0 0
519 2 0.26740390062332153 0 0
520 2 0.2679426968097687 0 0
521 2 0.2684814929962158 0 0
522 2 0.26902028918266296 0 0
523 2 0.2695590853691101 0 0
524 2 0.27009788155555725 0 0
525 2 0.2706366777420044 0 0
526 2 0.27117547392845154 0 0
527 2 0.2717142701148987 0 0
528 0 0.27225303649902344 0 0
529 0 0.27278000116348267 0 0
530 0 0.273295134305954 0 0
531 0 0.273798406124115 0 0
532 0 0.2742898464202881 0 0
533 0 0.2747694253921509 0 0
534 0 0.27523720264434814 0 0
535 0 0.2756931185722351 0 0
536 0 0.27613720297813416 0 0
537 0 0.2765694558620453 0 0
538 0 0.2769898474216461 0 0
539 0 0.27739840745925903 0 0
540 0 0.27779513597488403 0 0
541 0 0.2781800329685211 0 0
542 2 0.27843454480171204 0 0
543 2 0.27881547808647156 0 0
544 2 0.2792043089866638 0 0
545 2 0.2797222137451172 0 0
546 2 0.28013211488723755 0 0
547 2 0.2805525064468384 0 0
548 2 0.28098344802856445 0 0
549 2 0.2814249098300934 0 0
550 2 0.2818768620491028 0 0
551 2 0.2823393642902374 0 0
552 2 0.2828123867511749 0 0
553 2 0.2832959294319153 0 0
554 2 0.2837900221347809 0 0
555 2 0.28429460525512695 0 0
556 2 0.2848097085952759 0 0
557 2 0.28533536195755005 0 0
558 2 0.2858715057373047 0 0
559 18 0.28641819953918457 0 0
560 18 0.2869569957256317 0 0
561 18 0.28749579191207886 0 0
562 18 0.288034588098526 0 0
563 18 0.28857338428497314 0 0
564 18 0.2891121804714203 0 0
565 18 0.28965097665786743 0 0
566 18 0.2901897430419922 0 0
567 18 0.29072853922843933 0 0
568 18 0.2912673354148865 0 0
569 18 0.2918061316013336 0 0
570 18 0.29234492778778076 0 0
571 18 0.2928837239742279 0 0
572 18 0.29342252016067505 0 0
573 18 0.2939613163471222 0 0
574 18 0.29450011253356934 0 0
575 18 0.2950389087200165 0 0
576 18 0.29557767510414124 0 0
577 2 0.2961164712905884 0 0
578 2 0.2966552674770355 0 0
579 2 0.29719406366348267 0 0
580 2 0.2977328598499298 0 0
581 2 0.29827165603637695 0 0
582 2 0.2988104522228241 0 0
583 2 0.29934924840927124 0 0
584 2 0.2998880445957184 0 0
585 2 0.30042681097984314 0 0
586 2 0.3009656071662903 0 0
587 2 0.3015044033527374 0 0
588 2 0.30204319953918457 0 0
589 2 0.3025819957256317 0 0
590 2 0.30312079191207886 0 0
591 2 0.303659588098526 0 0
592 2 0.30419838428497314 0 0
593 2 0.3047371804714203 0 0
594 2 0.30527597665786743 0 0
595 2 0.3058147430419922 0 0
596 2 0.30635353922843933 0 0
597 2 0.3068923354148865 0 0
598 0 0.3074311316013336 0 0
599 0 0.30795809626579285 0 0
600 0 0.3084731996059418 0 0
601 0 0.3089764714241028 0 0
602 2 0.3094679117202759 0 0
603 2 0.30996987223625183 0 0
604 2 0.31048235297203064 0 0
605 2 0.3110053837299347 0 0
606 2 0.3115389049053192 0 0
607 2 0.312082976102829 0 0
608 2 0.31262174248695374 0 0
609 2 0.3131605386734009 0 0
610 2 0.313699334859848 0 0
611 2 0.31423813104629517 0 0
612 2 0.3147769272327423 0 0
613 2 0.31531572341918945 0 0
614 2 0.3158545196056366 0 0
615 2 0.31639331579208374 0 0
616 0 0.3169321119785309 0 0
617 0 0.3174590468406677 0 0
618 0 0.31797417998313904 0 0
619 0 0.31847745180130005 0 0
620 2 0.31896889209747314 0 0
621 18 0.3194708526134491 0 0
622 18 0.3199833333492279 0 0
623 18 0.32050633430480957 0 0
624 18 0.3210398852825165 0 0
625 18 0.32158392667770386 0 0
626 0 0.322122722864151 0 0
627 0 0.32264968752861023 0 0
628 0 0.32316479086875916 0 0
629 0 0.32366806268692017 0 0
630 0 0.32415950298309326 0 0
631 0 0.32463911175727844 0 0
632 0 0.3251068592071533 0 0
633 0 0.3255627751350403 0 0
634 1 0.32600685954093933 0 0
635 1 0.3264351785182953 0 0
636 1 0.3268476724624634 0 0
637 1 0.3272444009780884 0 0
638 1 0.3276253640651703 0 0
639 0 0.32787197828292847 0 0
640 1 0.3282252848148346 0 0
641 1 0.32856282591819763 0 0
642 1 0.3288845717906952 0 0
643 1 0.32919052243232727 0 0
644 0 0.32948070764541626 0 0
645 0 0.32975906133651733 0 0
646 0 0.3300255537033081 0 0
647 0 0.33028021454811096 0 0
648 0 0.3305230438709259 0 0
649 0 0.33075404167175293 0 0
650 0 0.33097317814826965 0 0
651 0 0.33118048310279846 0 0
652 0 0.33137595653533936 0 0
653 0 0.33155959844589233 0 0
654 2 0.331731379032135 0 0
655 2 0.3319110870361328 0 0
656 2 0.33209866285324097 0 0
657 2 0.33229413628578186 0 0
658 2 0.3324974775314331 0 0
659 2 0.3327087461948395 0 0
660 2 0.3329278826713562 0 0
661 2 0.33315491676330566 0 0
662 2 0.33338984847068787 0 0
663 2 0.3336326777935028 0 0
664 2 0.3338834047317505 0 0
665 2 0.3341419994831085 0 0
666 2 0.3344085216522217 0 0
667 2 0.3346829116344452 0 0
668 2 0.33496519923210144 0 0
669 2 0.33525538444519043 0 0
670 2 0.33555343747138977 0 0
671 2 0.33585941791534424 0 0
672 2 0.33617326617240906 0 0
673 2 0.3364950120449066 0 0
674 2 0.3368246555328369 0 0
675 2 0.33716219663619995 0 0
676 2 0.3375076353549957 0 0
677 2 0.33786094188690186 0 0
678 2 0.3382221758365631 0 0
679 2 0.3385912775993347 0 0
680 2 0.33896827697753906 0 0
681 2 0.33935314416885376 0 0
682 18 0.3397459387779236 0 0
683 18 0.34026777744293213 0 0
684 18 0.34068161249160767 0 0
685 18 0.34110596776008606 0 0
686 18 0.3415408432483673 0 0
687 18 0.3419862389564514 0 0
688 18 0.3424421548843384 0 0
689 18 0.3429086208343506 0 0
690 18 0.34338557720184326 0 0
691 18 0.3438730835914612 0 0
692 2 0.34437108039855957 0 0
693 2 0.3448796272277832 0 0
694 2 0.3453986942768097 0 0
695 2 0.34592828154563904 0 0
696 2 0.34646838903427124 0 0
697 2 0.3470071852207184 0 0
698 2 0.34754595160484314 0 0
699 2 0.3480847477912903 0 0
700 0 0.3486235439777374 0 0
701 0 0.34915050864219666 0 0
702 0 0.3496656119823456 0 0
703 0 0.350168913602829 0 0
704 0 0.3506603240966797 0 0
705 1 0.35113993287086487 0 0
706 1 0.35160374641418457 0 0
707 1 0.3520517945289612 0 0
708 1 0.3524840176105499 0 0
709 1 0.3529004752635956 0 0
710 1 0.35330116748809814 0 0
711 1 0.35368606448173523 0 0
712 0 0.3539366126060486 0 0
713 0 0.3542938828468323 0 0
714 0 0.35463929176330566 0 0
715 0 0.3549728989601135 0 0
716 0 0.3552946448326111 0 0
717 0 0.3556045591831207 0 0
718 0 0.35590261220932007 0 0
719 0 0.3561888635158539 0 0
720 1 0.3564632534980774 0 0
721 1 0.3567218780517578 0 0
722 1 0.35696467757225037 0 0
723 1 0.3571917414665222 0 0
724 0 0.3574029803276062 0 0
725 0 0.35760238766670227 0 0
726 0 0.3577899932861328 0 0
727 0 0.35796570777893066 0 0
728 0 0.358129620552063 0 0
729 0 0.358129620552063 0 0
730 0 0.358129620552063 0 0
731 0 0.358129620552063 0 0
732 0 0.358129620552063 0 0
733 0 0.358129620552063 0 0
734 1 0.358129620552063 0 0
735 1 0.35795333981513977 0 0
736 1 0.3577691912651062 0 0
737 1 0.3575771450996399 0 0
738 1 0.35737720131874084 0 0
739 1 0.35716935992240906 0 0
740 0 0.3569536507129669 0 0
741 0 0.3567497432231903 0 0
742 0 0.356557697057724 0 0
743 0 0.3563774824142456 0 0
744 0 0.3562091290950775 0 0
745 0 0.35605257749557495 0 0
746 0 0.35605257749557495 0 0
747 0 0.35605257749557495 0 0
748 0 0.35605257749557495 0 0
749 0 0.35605257749557495 0 0
750 0 0.35605257749557495 0 0
751 0 0.35605257749557495 0 0
752 0 0.35605257749557495 0 0
753 0 0.35605257749557495 0 0
754 0 0.35605257749557495 0 0
755 0 0.35605257749557495 0 0
756 0 0.35605257749557495 0 0
757 2 0.35605257749557495 0 0
758 2 0.35622885823249817 0 0
759 2 0.35641300678253174 0 0
760 2 0.35660505294799805 0 0
761 2 0.3568049967288971 0 0
762 2 0.3570128381252289 0 0
763 2 0.357228547334671 0 0
764 2 0.3574521839618683 0 0
765 2 0.3576836884021759 0 0
766 2 0.35792309045791626 0 0
767 2 0.35817039012908936 0 0
768 2 0.3584255874156952 0 0
769 2 0.35868868231773376 0 0
770 2 0.3589596450328827 0 0
771 2 0.35923850536346436 0 0
772 2 0.35952526330947876 0 0
773 2 0.3598199188709259 0 0
774 2 0.3601224720478058 0 0
775 2 0.360432893037796 0 0
776 18 0.3607512414455414 0 0
777 18 0.3610774576663971 0 0
778 18 0.36141157150268555 0 0
779 18 0.36175358295440674 0 0
780 18 0.36210349202156067 0 0
781 18 0.36246126890182495 0 0
782 18 0.36282697319984436 0 0
783 18 0.3632005453109741 0 0
784 18 0.3635820150375366 0 0
785 18 0.36397138237953186 0 0
786 18 0.3644897937774658 0 0
787 18 0.3649002015590668 0 0
788 18 0.3653211295604706 0 0
789 18 0.36575260758399963 0 0
790 18 0.36619457602500916 0 0
791 18 0.36664706468582153 0 0
792 2 0.36711010336875916 0 0
793 2 0.36758366227149963 0 0
794 2 0.3680677115917206 0 0
795 2 0.3685623109340668 0 0
796 2 0.3690674304962158 0 0
797 2 0.3695830702781677 0 0
798 2 0.3701092302799225 0 0
799 2 0.3706459403038025 0 0
800 2 0.37119314074516296 0 0
801 2 0.3717319369316101 0 0
802 2 0.37227073311805725 0 0
803 2 0.3728095293045044 0 0
804 2 0.37334832549095154 0 0
805 2 0.3738871216773987 0 0
806 0 0.37442588806152344 0 0
807 0 0.37495285272598267 0 0
808 0 0.375467985868454 0 0
809 0 0.375971257686615 0 0
810 0 0.3764626979827881 0 0
811 0 0.3769422769546509 0 0
812 0 0.37741005420684814 0 0
813 0 0.3778659701347351 0 0
814 0 0.37831005454063416 0 0
815 0 0.3787423074245453 0 0
816 0 0.3791626989841461 0 0
817 0 0.37957125902175903 0 0
818 1 0.37996798753738403 0 0
819 1 0.38034895062446594 0 0
820 1 0.3805955648422241 0 0
821 1 0.3809449374675751 0 0
822 1 0.38127851486206055 0 0
823 1 0.38159632682800293 0 0
824 0 0.38189834356307983 0 0
825 0 0.3821885287761688 0 0
826 0 0.3824668526649475 0 0
827 0 0.38273337483406067 0 0
828 1 0.3829880356788635 0 0
829 1 0.3832269012928009 0 0
830 1 0.3834500014781952 0 0
831 1 0.383657306432724 0 0
832 0 0.3838488459587097 0 0
833 0 0.38402852416038513 0 0
834 0 0.38419637084007263 0 0
835 0 0.38419637084007263 0 0
836 1 0.38419637084007263 0 0
837 1 0.3840200901031494 0 0
838 1 0.38383594155311584 0 0
839 1 0.38364389538764954 0 0
840 1 0.3834439516067505 0 0
841 1 0.3832361102104187 0 0
842 0 0.38302040100097656 0 0
843 0 0.38281649351119995 0 0
844 1 0.38262444734573364 0 0
845 1 0.3824245035648346 0 0
846 1 0.3822166621685028 0 0
847 1 0.38200095295906067 0 0
848 0 0.3817773163318634 0 0
849 0 0.38156554102897644 0 0
850 0 0.3813655972480774 0 0
851 0 0.38117748498916626 0 0
852 0 0.38100123405456543 0 0
853 0 0.3808368146419525 0 0
854 0 0.3808368146419525 0 0
855 0 0.3808368146419525 0 0
856 0 0.3808368146419525 0 0
857 0 0.3808368146419525 0 0
858 0 0.3808368146419525 0 0
859 0 0.3808368146419525 0 0
860 0 0.3808368146419525 0 0
861 0 0.3808368146419525 0 0
862 0 0.3808368146419525 0 0
863 0 0.3808368146419525 0 0
864 0 0.3808368146419525 0 0
865 0 0.3808368146419525 0 0
866 0 0.3808368146419525 0 0
867 0 0.3808368146419525 0 0
868 0 0.3808368146419525 0 0
869 0 0.3808368146419525 0 0
870 0 0.3808368146419525 0 0
871 0 0.3808368146419525 0 0
872 0 0.3808368146419525 0 0
873 0 0.3808368146419525 0 0
874 0 0.3808368146419525 0 0
875 0 0.3808368146419525 0 0
876 0 0.3808368146419525 0 0
877 0 0.3808368146419525 0 0
878 0 0.3808368146419525 0 0
879 0 0.3808368146419525 0 0
880 0 0.3808368146419525 0 0
881 0 0.3808368146419525 0 0
882 0 0.3808368146419525 0 0
883 0 0.3808368146419525 0 0
884 0 0.3808368146419525 0 0
885 0 0.3808368146419525 0 0
886 0 0.3808368146419525 0 0
887 0 0.3808368146419525 0 0
888 0 0.3808368146419525 0 0
889 0 0.3808368146419525 0 0
890 0 0.3808368146419525 0 0
891 0 0.3808368146419525 0 0
892 0 0.3808368146419525 0 0
893 0 0.3808368146419525 0 0
894 0 0.3808368146419525 0 0
895 0 0.3808368146419525 0 0
896 0 0.3808368146419525 0 0
897 0 0.3808368146419525 0 0
898 0 0.3808368146419525 0 0
899 0 0.3808368146419525 0 0
900 0 0.3808368146419525 0 0
901 0 0.3808368146419525 0 0
902 0 0.3808368146419525 0 0
903 0 0.3808368146419525 0 0
904 0 0.3808368146419525 0 0
905 0 0.3808368146419525 0 0
906 0 0.3808368146419525 0 0
907 0 0.3808368146419525 0 0
908 0 0.3808368146419525 0 0
909 0 0.3808368146419525 0 0
910 0 0.3808368146419525 0 0
911 0 0.3808368146419525 0 0
912 0 0.3808368146419525 0 0
913 0 0.3808368146419525 0 0
914 0 0.3808368146419525 0 0
915 0 0.3808368146419525 0 0
916 0 0.3808368146419525 0 0
917 0 0.3808368146419525 0 0
918 0 0.3808368146419525 0 0
919 0 0.3808368146419525 0 0
920 0 0.3808368146419525 0 0
921 0 0.3808368146419525 0 0
922 2 0.3808368146419525 0 0
923 2 0.38101306557655334 0 0
924 2 0.3811972141265869 0 0
925 2 0.3813892900943756 0 0
926 2 0.38158920407295227 0 0
927 2 0.38179704546928406 0 0
928 2 0.3820127844810486 0 0
929 0 0.38223639130592346 0 0
930 0 0.3824481964111328 0 0
931 0 0.38264814019203186 0 0
932 0 0.3828362226486206 0 0
933 0 0.3830125033855438 0 0
934 0 0.38317692279815674 0 0
935 0 0.38317692279815674 0 0
936 0 0.38317692279815674 0 0
937 0 0.38317692279815674 0 0
938 0 0.38317692279815674 0 0
939 0 0.38317692279815674 0 0
940 0 0.38317692279815674 0 0
941 0 0.38317692279815674 0 0
942 0 0.38317692279815674 0 0
943 0 0.38317692279815674 0 0
944 0 0.38317692279815674 0 0
945 0 0.38317692279815674 0 0
946 0 0.38317692279815674 0 0
947 0 0.38317692279815674 0 0
948 0 0.38317692279815674 0 0
949 0 0.38317692279815674 0 0
950 0 0.38317692279815674 0 0
951 0 0.38317692279815674 0 0
952 0 0.38317692279815674 0 0
953 0 0.38317692279815674 0 0
954 0 0.38317692279815674 0 0
955 0 0.38317692279815674 0 0
956 0 0.38317692279815674 0 0
957 0 0.38317692279815674 0 0
958 0 0.38317692279815674 0 0
959 0 0.38317692279815674 0 0
960 0 0.38317692279815674 0 0
961 0 0.38317692279815674 0 0
962 0 0.38317692279815674 0 0
963 0 0.38317692279815674 0 0
964 0 0.38317692279815674 0 0
965 0 0.38317692279815674 0 0
966 0 0.38317692279815674 0 0
967 0 0.38317692279815674 0 0
968 0 0.38317692279815674 0 0
969 0 0.38317692279815674 0 0
970 0 0.38317692279815674 0 0
971 0 0.38317692279815674 0 0
972 2 0.38317692279815674 0 0
973 2 0.38335317373275757 0 0
974 2 0.3835373520851135 0 0
975 2 0.38372939825057983 0 0
976 2 0.3839293420314789 0 0
977 2 0.38413718342781067 0 0
978 2 0.3843528926372528 0 0
979 2 0.3845765292644501 0 0
980 2 0.3848080337047577 0 0
981 2 0.38504743576049805 0 0
982 2 0.38529473543167114 0 0
983 2 0.385549932718277 0 0
984 2 0.38581299781799316 0 0
985 2 0.3860839903354645 0 0
986 2 0.38636285066604614 0 0
987 2 0.38664960861206055 0 0
988 18 0.3869442641735077 0 0
989 18 0.3872468173503876 0 0
990 18 0.3875572383403778 0 0
991 18 0.38787558674812317 0 0
992 18 0.3882018029689789 0 0
993 18 0.38853591680526733 0 0
994 18 0.3888779282569885 0 0
995 18 0.38922780752182007 0 0
996 18 0.38958561420440674 0 0
997 18 0.38995128870010376 0 0
998 18 0.3903248608112335 0 0
999 18 0.390706330537796 0 0
1000 18 0.39109569787979126 0 0
1001 18 0.3916141390800476 0 0
1002 18 0.39202454686164856 0 0
1003 18 0.39244547486305237 0 0
1004 18 0.39287692308425903 0 0
1005 18 0.39331892132759094 0 0
1006 18 0.3937714099884033 0 0
1007 18 0.39423444867134094 0 0
1008 18 0.39470797777175903 0 0
1009 18 0.39519205689430237 0 0
1010 18 0.39568665623664856 0 0
1011 18 0.3961917757987976 0 0
1012 18 0.3967074155807495 0 0
1013 18 0.3972335755825043 0 0
1014 18 0.3977702558040619 0 0
1015 18 0.39831748604774475 0 0
1016 18 0.3988562822341919 0 0
1017 18 0.39939507842063904 0 0
1018 18 0.3999338746070862 0 0
1019 18 0.40047264099121094 0 0
1020 18 0.4010114371776581 0 0
1021 18 0.4015502333641052 0 0
1022 18 0.40208902955055237 0 0
1023 18 0.4026278257369995 0 0
1024 18 0.40316662192344666 0 0
1025 18 0.4037054181098938 0 0
1026 18 0.40424421429634094 0 0
1027 18 0.4047830104827881 0 0
1028 2 0.40532180666923523 0 0
1029 0 0.40586057305336 0 0
1030 0 0.4063875377178192 0 0
1031 0 0.40690264105796814 0 0
1032 1 0.40740594267845154 0 0
1033 1 0.40789341926574707 0 0
1034 1 0.4083651304244995 0 0
1035 1 0.4088210463523865 0 0
1036 1 0.40926119685173035 0 0
1037 1 0.40968555212020874 0 0
1038 1 0.41009411215782166 0 0
1039 1 0.4104869067668915 0 0
1040 1 0.41086387634277344 0 0
1041 1 0.41110655665397644 0 0
1042 1 0.4114519953727722 0 0
1043 1 0.4117816388607025 0 0
1044 1 0.41209548711776733 0 0
1045 1 0.41239356994628906 0 0
1046 1 0.4126758575439453 0 0
1047 1 0.4129423499107361 0 0
1048 1 0.41319307684898376 0 0
1049 1 0.41342800855636597 0 0
1050 1 0.4136471450328827 0 0
1051 1 0.4138505160808563 0 0
1052 1 0.4140380918979645 0 0
1053 1 0.41420987248420715 0 0
1054 1 0.41436588764190674 0 0
1055 1 0.4141896069049835 0 0
1056 1 0.41400545835494995 0 0
1057 1 0.41381341218948364 0 0
1058 1 0.4136134684085846 0 0
1059 1 0.4134056270122528 0 0
1060 1 0.41318991780281067 0 0
1061 1 0.4129662811756134 0 0
1062 1 0.4127347767353058 0 0
1063 1 0.41249537467956543 0 0
1064 1 0.41224807500839233 0 0
1065 1 0.4119928777217865 0 0
1066 0 0.4117298126220703 0 0
1067 0 0.41147854924201965 0 0
1068 0 0.4112391471862793 0 0
1069 0 0.41101157665252686 0 0
1070 0 0.4107958674430847 0 0
1071 0 0.4105919599533081 0 0
1072 0 0.4103999137878418 0 0
1073 0 0.4102196991443634 0 0
1074 0 0.4100513458251953 0 0
1075 0 0.40989479422569275 0 0
1076 0 0.40989479422569275 0 0
1077 0 0.40989479422569275 0 0
1078 0 0.40989479422569275 0 0
1079 0 0.40989479422569275 0 0
1080 0 0.40989479422569275 0 0
1081 0 0.40989479422569275 0 0
1082 0 0.40989479422569275 0 0
1083 0 0.40989479422569275 0 0
1084 0 0.40989479422569275 0 0
1085 0 0.40989479422569275 0 0
1086 0 0.40989479422569275 0 0
1087 0 0.40989479422569275 0 0
1088 0 0.40989479422569275 0 0
1089 0 0.40989479422569275 0 0
1090 0 0.40989479422569275 0 0
1091 0 0.40989479422569275 0 0
1092 0 0.40989479422569275 0 0
1093 0 0.40989479422569275 0 0
1094 0 0.40989479422569275 0 0
1095 0 0.40989479422569275 0 0
1096 0 0.40989479422569275 0 0
1097 0 0.40989479422569275 0 0
1098 0 0.40989479422569275 0 0
1099 0 0.40989479422569275 0 0
1100 0 0.40989479422569275 0 0
1101 0 0.40989479422569275 0 0
1102 0 0.40989479422569275 0 0
1103 0 0.40989479422569275 0 0
1104 0 0.40989479422569275 0 0
1105 0 0.40989479422569275 0 0
1106 0 0.40989479422569275 0 0
1107 0 0.40989479422569275 0 0
1108 0 0.40989479422569275 0 0
1109 0 0.40989479422569275 0 0
1110 0 0.40989479422569275 0 0
1111 0 0.40989479422569275 0 0
1112 0 0.40989479422569275 0 0
1113 0 0.40989479422569275 0 0
1114 0 0.40989479422569275 0 0
1115 2 0.40989479422569275 0 0
1116 2 0.41007107496261597 0 0
1117 2 0.41025522351264954 0 0
1118 2 0.41044726967811584 0 0
1119 2 0.4106472134590149 0 0
1120 2 0.4108550548553467 0 0
1121 2 0.4110707640647888 0 0
1122 2 0.4112944006919861 0 0
1123 0 0.4115259051322937 0 0
1124 0 0.4117455780506134 0 0
1125 0 0.4119534194469452 0 0
1126 0 0.41214942932128906 0 0
1127 0 0.41233357787132263 0 0
1128 0 0.4125058948993683 0 0
1129 0 0.412666380405426 0 0
1130 2 0.412666380405426 0 0
1131 2 0.41284263134002686 0 0
1132 2 0.4130268096923828 0 0
1133 2 0.4132188558578491 0 0
1134 2 0.41341879963874817 0 0
1135 2 0.41362661123275757 0 0
1136 2 0.4138423502445221 0 0
1137 2 0.41406598687171936 0 0
1138 2 0.414297491312027 0 0
1139 2 0.41453689336776733 0 0
1140 2 0.41478419303894043 0 0
1141 2 0.41503939032554626 0 0
1142 2 0.41530245542526245 0 0
1143 2 0.41557344794273376 0 0
1144 2 0.41585230827331543 0 0
1145 2 0.41613906621932983 0 0
1146 2 0.416433721780777 0 0
1147 2 0.41673627495765686 0 0
1148 18 0.4170466959476471 0 0
1149 18 0.41736501455307007 0 0
1150 18 0.41769126057624817 0 0
1151 18 0.4180253744125366 0 0
1152 18 0.4183673858642578 0 0
1153 18 0.41871726512908936 0 0
1154 2 0.419075071811676 0 0
1155 2 0.41944074630737305 0 0
1156 0 0.4198143184185028 0 0
1157 0 0.42017605900764465 0 0
1158 0 0.4205259680747986 0 0
1159 0 0.4208640158176422 0 0
1160 0 0.4211902618408203 0 0
1161 0 0.4215046465396881 0 0
1162 0 0.4218071699142456 0 0
1163 0 0.4220978915691376 0 0
1164 0 0.42237675189971924 0 0
1165 0 0.422643780708313 0 1
1165 0 0.422643780708313 0 1
