data/levels/world2/Mouldy_Grotto.stl
1 2 0.0227399580180645 0 0
2 2 0.02300698682665825 0 0
3 2 0.023285459727048874 0 0
4 2 0.023575376719236374 0 0
5 2 0.02387673780322075 0 0
6 2 0.024189542979002 0 0
7 2 0.024513792246580124 0 0
8 2 0.024849485605955124 0 0
9 2 0.025196623057127 0 0
10 2 0.02555520460009575 0 0
11 2 0.025925230234861374 0 0
12 2 0.026306699961423874 0 0
13 2 0.02669961377978325 0 0
14 2 0.0271039716899395 0 0
15 2 0.027519773691892624 0 0
16 2 0.027947019785642624 0 0
17 2 0.0283857099711895 0 0
18 2 0.02883584424853325 0 0
19 2 0.029297422617673874 0 0
20 2 0.029770445078611374 0 0
21 2 0.03025491163134575 0 0
22 2 0.030750822275877 0 0
23 2 0.031258177012205124 0 0
24 2 0.031776975840330124 0 0
25 2 0.032307218760252 0 0
26 2 0.03284890577197075 0 0
27 2 0.033402036875486374 0 0
28 2 0.033966612070798874 0 0
29 2 0.03471832349896431 0 0
30 2 0.03531341627240181 0 0
31 2 0.03592376783490181 0 0
32 2 0.03654937818646431 0 0
33 2 0.03719024732708931 0 0
34 2 0.03784637525677681 0 0
35 2 0.03851776197552681 0 0
36 2 0.03920440748333931 0 0
37 2 0.03990631178021431 0 0
38 2 0.04062347486615181 0 0
39 2 0.04135589674115181 0 0
40 2 0.04210357740521431 0 0
41 2 0.04286651685833931 0 0
42 2 0.04364471510052681 0 0
43 2 0.04443817213177681 0 0
44 2 0.04521942138671875 0 0
45 2 0.04600067064166069 0 0
46 2 0.04678191989660263 0 0
47 2 0.04756317287683487 0 0
48 2 0.04834442213177681 0 0
49 2 0.04912567138671875 0 0
50 2 0.04990692064166069 0 0
51 2 0.05068816989660263 0 0
52 2 0.05146942287683487 0 0
53 2 0.05225067213177681 0 0
54 2 0.05303192138671875 0 0
55 2 0.05381317064166069 0 0
56 2 0.05459441989660263 0 0
57 2 0.05537567287683487 0 0
58 2 0.05615692213177681 0 0
59 2 0.05693817138671875 0 0
60 2 0.05771942064166069 0 0
61 2 0.05850066989660263 0 0
62 2 0.05928192287683487 0 0
63 2 0.06006317213177681 0 0
64 2 0.06084442138671875 0 0
65 2 0.06162567064166069 0 0
66 2 0.06240691989660263 0 0
67 2 0.06318817287683487 0 0
68 2 0.06396941840648651 0 0
69 2 0.06475067138671875 0 0
70 2 0.06553192436695099 0 0
71 2 0.06631316989660263 0 0
72 2 0.06709442287683487 0 0
73 2 0.06787566840648651 0 0
74 2 0.06865692138671875 0 0
75 2 0.06943817436695099 0 0
76 2 0.07021941989660263 0 0
77 2 0.07100067287683487 0 0
78 2 0.07178191840648651 0 0
79 2 0.07256317138671875 0 0
80 2 0.07334442436695099 0 0
81 2 0.07412566989660263 0 0
82 2 0.07490692287683487 0 0
83 2 0.07568816840648651 0 0
84 2 0.07646942138671875 0 0
85 2 0.07725067436695099 0 0
86 2 0.07803191989660263 0 0
87 2 0.07881317287683487 0 0
88 2 0.07959441840648651 0 0
89 2 0.08037567138671875 0 0
90 2 0.08115692436695099 0 0
91 2 0.08193816989660263 0 0
92 2 0.08271942287683487 0 0
93 2 0.08350066840648651 0 0
94 2 0.08428192138671875 0 0
95 2 0.08506317436695099 0 0
96 2 0.08584441989660263 0 0
97 2 0.08662567287683487 0 0
98 2 0.08740691840648651 0 0
99 2 0.08818817138671875 0 0
100 2 0.08896942436695099 0 0
101 2 0.08975066989660263 0 0
102 2 0.09053192287683487 0 0
103 2 0.09131316840648651 0 0
104 2 0.09209442138671875 0 0
105 2 0.09287567436695099 0 0
106 2 0.09365691989660263 0 0
107 2 0.09443817287683487 0 0
108 2 0.09521941840648651 0 0
109 2 0.09600067138671875 0 0
110 2 0.09678192436695099 0 0
111 2 0.09756316989660263 0 0
112 2 0.09834442287683487 0 0
113 2 0.09912566840648651 0 0
114 2 0.09990692138671875 0 0
115 2 0.10068817436695099 0 0
116 0 0.10146941989660263 0 0
117 0 0.10223350673913956 0 0
118 0 0.10298041999340057 0 0
119 0 0.10371017456054688 0 0
120 0 0.10442276298999786 0 0
121 0 0.10511817783117294 0 0
122 0 0.1057964339852333 0 0
123 0 0.10645751655101776 0 0
124 0 0.1071014404296875 0 0
125 1 0.10772819817066193 0 0
126 1 0.108332060277462 0 0
127 1 0.10891304165124893 0 0
128 1 0.10947112739086151 0 0
129 1 0.1098344624042511 0 0
130 1 0.11034677177667618 0 0
131 1 0.1108362004160881 0 0
132 1 0.11130274087190628 0 0
133 1 0.11174638569355011 0 0
134 1 0.11216714978218079 0 0
135 1 0.11256501823663712 0 0
136 1 0.11294000595808029 0 0
137 1 0.11329210549592972 0 0
138 1 0.1136213093996048 0 0
139 1 0.11392763257026672 0 0
140 1 0.1142110601067543 0 0
141 1 0.11447160691022873 0 0
142 1 0.1147092655301094 0 0
143 1 0.11445368081331253 0 0
144 1 0.11418665200471878 0 0
145 1 0.11390817910432816 0 0
146 1 0.11361826211214066 0 0
147 1 0.11331690102815628 0 0
148 1 0.11300409585237503 0 0
149 1 0.1126798465847969 0 0
150 0 0.1123441532254219 0 0
151 0 0.11202562600374222 0 0
152 0 0.11172426491975784 0 0
153 0 0.11144006997346878 0 0
154 0 0.11117304116487503 0 0
155 0 0.11092317849397659 0 0
156 2 0.11069048196077347 0 0
157 2 0.11094606667757034 0 0
158 2 0.11121309548616409 0 0
159 2 0.11149156838655472 0 0
160 2 0.11178148537874222 0 0
161 2 0.11208284646272659 0 0
162 2 0.11239565163850784 0 0
163 2 0.11271990090608597 0 0
164 2 0.11305559426546097 0 0
165 2 0.11340273171663284 0 0
166 2 0.11376131325960159 0 0
167 2 0.11413133889436722 0 0
168 2 0.11451280862092972 0 0
169 2 0.11490572243928909 0 0
170 2 0.11531008034944534 0 0
171 2 0.11572588235139847 0 0
172 2 0.11615312844514847 0 0
173 2 0.11659181863069534 0 0
174 2 0.11704195290803909 0 0
175 2 0.11750353127717972 0 0
176 2 0.11797655373811722 0 0
177 2 0.11846102029085159 0 0
178 2 0.11895693093538284 0 0
179 2 0.11946428567171097 0 0
180 2 0.11998308449983597 0 0
181 2 0.12051332741975784 0 0
182 0 0.12105501443147659 0 0
183 0 0.12157953530550003 0 0
184 0 0.12208689004182816 0 0
185 0 0.12257707864046097 0 0
186 0 0.12305010110139847 0 0
187 2 0.12350595742464066 0 0
188 2 0.12397325783967972 0 0
189 2 0.12445200234651566 0 0
190 2 0.12494219094514847 0 0
191 2 0.12544381618499756 0 0
192 2 0.12595689296722412 0 0
193 2 0.12648141384124756 0 0
194 2 0.12701737880706787 0 0
195 2 0.12756478786468506 0 0
196 2 0.12812364101409912 0 0
197 2 0.12869393825531006 0 0
198 2 0.12945136427879333 0 0
199 2 0.13005217909812927 0 0
200 2 0.1306682527065277 0 0
201 2 0.13129958510398865 0 0
202 2 0.13194617629051208 0 0
203 2 0.13260802626609802 0 0
204 2 0.13328513503074646 0 0
205 2 0.1339775025844574 0 0
206 2 0.13468512892723083 0 0
207 2 0.13540801405906677 0 0
208 2 0.1361461579799652 0 0
209 2 0.13689956068992615 0 0
210 2 0.13766822218894958 0 0
211 2 0.13845214247703552 0 0
212 2 0.13923339545726776 0 0
213 2 0.1400146484375 0 0
214 2 0.14079590141773224 0 0
215 2 0.14157715439796448 0 0
216 2 0.14235839247703552 0 0
217 2 0.14313964545726776 0 0
218 2 0.1439208984375 0 0
219 2 0.14470215141773224 0 0
220 18 0.14548340439796448 0 0
221 18 0.14626464247703552 0 0
222 18 0.14704589545726776 0 0
223 18 0.1473434418439865 0 0
224 18 0.14812467992305756 0 0
225 18 0.1489059329032898 0 0
226 18 0.14968718588352203 0 0
227 18 0.15046843886375427 0 0
228 18 0.1512496918439865 0 0
229 18 0.15203092992305756 0 0
230 18 0.1528121829032898 0 0
231 18 0.15359343588352203 0 0
232 18 0.15437468886375427 0 0
233 18 0.1551559418439865 0 0
234 18 0.15593717992305756 0 0
235 18 0.1567184329032898 0 0
236 2 0.15749970078468323 0 0
237 2 0.15828093886375427 0 0
238 2 0.1590621918439865 0 0
239 2 0.15984344482421875 0 0
240 2 0.160624697804451 0 0
241 2 0.16140595078468323 0 0
242 2 0.16218718886375427 0 0
243 2 0.1629684418439865 0 0
244 2 0.16374969482421875 0 0
245 2 0.164530947804451 0 0
246 2 0.16531220078468323 0 0
247 2 0.16609343886375427 0 0
248 2 0.1668746918439865 0 0
249 2 0.16765594482421875 0 0
250 2 0.168437197804451 0 0
251 2 0.16921845078468323 0 0
252 2 0.16999968886375427 0 0
253 2 0.1707809418439865 0 0
254 2 0.17156219482421875 0 0
255 2 0.172343447804451 0 0
256 2 0.17312470078468323 0 0
257 2 0.17390593886375427 0 0
258 2 0.1746871918439865 0 0
259 2 0.17546844482421875 0 0
260 2 0.176249697804451 0 0
261 2 0.17703095078468323 0 0
262 2 0.1773434430360794 0 0
263 2 0.17742715775966644 0 0
264 18 0.17751531302928925 0 0
265 18 0.17751531302928925 0 0
266 18 0.17751531302928925 0 0
267 18 0.17751531302928925 0 0
268 18 0.17751531302928925 0 0
269 18 0.17751531302928925 0 0
270 18 0.17751531302928925 0 0
271 18 0.17751531302928925 0 0
272 18 0.17751531302928925 0 0
273 18 0.17751531302928925 0 0
274 18 0.177873894572258 0 0
275 18 0.17824392020702362 0 0
276 18 0.17862538993358612 0 0
277 18 0.1790183037519455 0 0
278 18 0.17942266166210175 0 0
279 18 0.17983846366405487 0 0
280 18 0.18026570975780487 0 0
281 18 0.18070439994335175 0 0
282 18 0.1811545342206955 0 0
283 18 0.18161611258983612 0 0
284 18 0.18208913505077362 0 0
285 18 0.182573601603508 0 0
286 18 0.18306951224803925 0 0
287 18 0.18357686698436737 0 0
288 18 0.18409566581249237 0 0
289 18 0.18462590873241425 0 0
290 18 0.185167595744133 0 0
291 18 0.18572072684764862 0 0
292 18 0.18628530204296112 0 0
293 18 0.18703700602054596 0 0
294 2 0.18763209879398346 0 0
295 2 0.18824245035648346 0 0
296 2 0.18886806070804596 0 0
297 2 0.18950892984867096 0 0
298 2 0.19016505777835846 0 0
299 2 0.19083644449710846 0 0
300 2 0.19152309000492096 0 0
301 2 0.19222499430179596 0 0
302 2 0.19294215738773346 0 0
303 2 0.19367457926273346 0 0
304 2 0.19442225992679596 0 0
305 2 0.19518519937992096 0 0
306 2 0.19596339762210846 0 0
307 2 0.19675685465335846 0 0
308 2 0.1975381076335907 0 0
309 2 0.19831936061382294 0 0
310 2 0.19910061359405518 0 0
311 2 0.19988185167312622 0 0
312 2 0.20066310465335846 0 0
313 2 0.2014443576335907 0 0
314 18 0.20222561061382294 0 0
315 18 0.20300686359405518 0 0
316 18 0.20378810167312622 0 0
317 18 0.20456935465335846 0 0
318 2 0.2053506076335907 0 0
319 2 0.20613186061382294 0 0
320 2 0.20691311359405518 0 0
321 2 0.20769435167312622 0 0
322 2 0.20847560465335846 0 0
323 2 0.2092568576335907 0 0
324 0 0.21003811061382294 0 0
325 0 0.21080219745635986 0 0
326 0 0.21154910326004028 0 0
327 0 0.21227885782718658 0 0
328 0 0.21299144625663757 0 0
329 0 0.21368686854839325 0 0
330 0 0.2143651247024536 0 0
331 0 0.21502619981765747 0 0
332 0 0.2156701236963272 0 0
333 0 0.21629688143730164 0 0
334 1 0.21690647304058075 0 0
335 1 0.2174931764602661 0 0
336 1 0.21805697679519653 0 0
337 1 0.2185979038476944 0 0
338 1 0.21894407272338867 0 0
339 1 0.21943922340869904 0 0
340 1 0.21991148591041565 0 0
341 1 0.22036084532737732 0 0
342 0 0.22078733146190643 0 0
343 0 0.22119665145874023 0 0
344 0 0.22158880531787872 0 0
345 0 0.2219637930393219 0 0
346 0 0.22232159972190857 0 0
347 0 0.22266225516796112 0 0
348 0 0.22298574447631836 0 0
349 0 0.22329206764698029 0 0
350 0 0.2235812246799469 0 0
351 0 0.223853200674057 0 0
352 0 0.224108025431633 0 0
353 0 0.22434568405151367 0 0
354 0 0.22456617653369904 0 0
355 0 0.2247695028781891 0 0
356 0 0.22495564818382263 0 0
357 0 0.22495564818382263 0 0
358 0 0.22495564818382263 0 0
359 0 0.22495564818382263 0 0
360 0 0.22495564818382263 0 0
361 0 0.22495564818382263 0 0
362 0 0.22495564818382263 0 0
363 0 0.22495564818382263 0 0
364 0 0.22495564818382263 0 0
365 0 0.22495564818382263 0 0
366 0 0.22495564818382263 0 0
367 0 0.22495564818382263 0 0
368 0 0.22495564818382263 0 0
369 0 0.22495564818382263 0 0
370 0 0.22495564818382263 0 0
371 0 0.22495564818382263 0 0
372 0 0.22495564818382263 0 0
373 0 0.22495564818382263 0 0
374 0 0.22495564818382263 0 0
375 0 0.22495564818382263 0 0
376 0 0.22495564818382263 0 0
377 0 0.22495564818382263 0 0
378 0 0.22495564818382263 0 0
379 0 0.22495564818382263 0 0
380 1 0.22495564818382263 0 0
381 1 0.22470006346702576 0 0
382 0 0.224433034658432 0 0
383 0 0.22418317198753357 0 0
384 1 0.22395047545433044 0 0
385 1 0.22369489073753357 0 0
386 0 0.22342786192893982 0 0
387 0 0.22317799925804138 0 0
388 0 0.22294530272483826 0 0
389 0 0.22294530272483826 0 0
390 0 0.22294530272483826 0 0
391 0 0.22294530272483826 0 0
392 0 0.22294530272483826 0 0
393 0 0.22294530272483826 0 0
394 0 0.22294530272483826 0 0
395 0 0.22294530272483826 0 0
396 0 0.22294530272483826 0 0
397 0 0.22294530272483826 0 0
398 1 0.22294530272483826 0 0
399 1 0.22268971800804138 0 0
400 0 0.22242268919944763 0 0
401 0 0.2221728265285492 0 0
402 0 0.22194012999534607 0 0
403 0 0.22194012999534607 0 0
404 0 0.22194012999534607 0 0
405 0 0.22194012999534607 0 0
406 0 0.22194012999534607 0 0
407 0 0.22194012999534607 0 0
408 0 0.22194012999534607 0 0
409 0 0.22194012999534607 0 0
410 0 0.22194012999534607 0 0
411 0 0.22194012999534607 0 0
412 0 0.22194012999534607 0 0
413 0 0.22194012999534607 0 0
414 0 0.22194012999534607 0 0
415 0 0.22194012999534607 0 0
416 0 0.22194012999534607 0 0
417 0 0.22194012999534607 0 0
418 0 0.22194012999534607 0 0
419 0 0.22194012999534607 0 0
420 0 0.22194012999534607 0 0
421 0 0.22194012999534607 0 0
422 0 0.22194012999534607 0 0
423 0 0.22194012999534607 0 0
424 0 0.22194012999534607 0 0
425 0 0.22194012999534607 0 0
426 0 0.22194012999534607 0 0
427 0 0.22194012999534607 0 0
428 0 0.22194012999534607 0 0
429 0 0.22194012999534607 0 0
430 0 0.22194012999534607 0 0
431 0 0.22194012999534607 0 0
432 0 0.22194012999534607 0 0
433 0 0.22194012999534607 0 0
434 0 0.22194012999534607 0 0
435 0 0.22194012999534607 0 0
436 0 0.22194012999534607 0 0
437 0 0.22194012999534607 0 0
438 0 0.22194012999534607 0 0
439 0 0.22194012999534607 0 0
440 0 0.22194012999534607 0 0
441 0 0.22194012999534607 0 0
442 0 0.22194012999534607 0 0
443 0 0.22194012999534607 0 0
444 0 0.22194012999534607 0 0
445 0 0.22194012999534607 0 0
446 0 0.22194012999534607 0 0
447 0 0.22194012999534607 0 0
448 0 0.22194012999534607 0 0
449 0 0.22194012999534607 0 0
450 0 0.22194012999534607 0 0
451 0 0.22194012999534607 0 0
452 0 0.22194012999534607 0 0
453 0 0.22194012999534607 0 0
454 0 0.22194012999534607 0 0
455 0 0.22194012999534607 0 0
456 0 0.22194012999534607 0 0
457 0 0.22194012999534607 0 0
458 0 0.22194012999534607 0 0
459 0 0.22194012999534607 0 0
460 0 0.22194012999534607 0 0
461 0 0.22194012999534607 0 0
462 0 0.22194012999534607 0 0
463 0 0.22194012999534607 0 0
464 0 0.22194012999534607 0 0
465 0 0.22194012999534607 0 0
466 0 0.22194012999534607 0 0
467 0 0.22194012999534607 0 0
468 0 0.22194012999534607 0 0
469 0 0.22194012999534607 0 0
470 0 0.22194012999534607 0 0
471 0 0.22194012999534607 0 0
472 0 0.22194012999534607 0 0
473 0 0.22194012999534607 0 0
474 0 0.22194012999534607 0 0
475 0 0.22194012999534607 0 0
476 0 0.22194012999534607 0 0
477 0 0.22194012999534607 0 0
478 0 0.22194012999534607 0 0
479 0 0.22194012999534607 0 0
480 0 0.22194012999534607 0 0
481 0 0.22194012999534607 0 0
482 0 0.22194012999534607 0 0
483 0 0.22194012999534607 0 0
484 0 0.22194012999534607 0 0
485 0 0.22194012999534607 0 0
486 0 0.22194012999534607 0 0
487 0 0.22194012999534607 0 0
488 0 0.22194012999534607 0 0
489 0 0.22194012999534607 0 0
490 0 0.22194012999534607 0 0
491 0 0.22194012999534607 0 0
492 2 0.22194012999534607 0 0
493 2 0.22219571471214294 0 0
494 2 0.2224627435207367 0 0
495 2 0.22274121642112732 0 0
496 2 0.22303113341331482 0 0
497 2 0.2233324944972992 0 0
498 2 0.22364529967308044 0 0
499 2 0.22396954894065857 0 0
500 2 0.22430524230003357 0 0
501 2 0.22465237975120544 0 0
502 2 0.2250109612941742 0 0
503 2 0.22538098692893982 0 0
504 2 0.22576245665550232 0 0
505 2 0.2261553704738617 0 0
506 2 0.22655972838401794 0 0
507 2 0.22697553038597107 0 0
508 2 0.22740277647972107 0 0
509 2 0.22784146666526794 0 0
510 2 0.2282916009426117 0 0
511 18 0.22875317931175232 0 0
512 18 0.22922620177268982 0 0
513 18 0.2297106683254242 0 0
514 18 0.23020657896995544 0 0
515 18 0.23071393370628357 0 0
516 18 0.23123273253440857 0 0
517 18 0.23176297545433044 0 0
518 18 0.2323046624660492 0 0
519 18 0.23285779356956482 0 0
520 18 0.23342236876487732 0 0
521 18 0.23417407274246216 0 0
522 18 0.23476916551589966 0 0
523 18 0.23537951707839966 0 0
524 18 0.23600512742996216 0 0
525 18 0.23664599657058716 0 0
526 18 0.23730212450027466 0 0
527 18 0.23797351121902466 0 0
528 18 0.23866015672683716 0 0
529 18 0.23936206102371216 0 0
530 18 0.24007922410964966 0 0
531 18 0.24081164598464966 0 0
532 18 0.24155932664871216 0 0
533 18 0.24232226610183716 0 0
534 18 0.24310046434402466 0 0
535 18 0.24389392137527466 0 0
536 18 0.2446751743555069 0 0
537 18 0.24545642733573914 0 0
538 18 0.24623768031597137 0 0
539 18 0.2470189332962036 0 0
540 18 0.24780017137527466 0 0
541 18 0.2485814243555069 0 0
542 18 0.24936267733573914 0 0
543 18 0.2501439154148102 0 0
544 18 0.2509251832962036 0 0
545 2 0.25170642137527466 0 0
546 2 0.25234344601631165 0 0
547 2 0.2524271607398987 0 0
548 2 0.2525153160095215 0 0
549 2 0.2525153160095215 0 0
550 2 0.2525153160095215 0 0
551 2 0.2525153160095215 0 0
552 18 0.2525153160095215 0 0
553 18 0.2525153160095215 0 0
554 18 0.2525153160095215 0 0
555 18 0.2525153160095215 0 0
556 18 0.2525153160095215 0 0
557 18 0.25281667709350586 0 0
558 18 0.2531294822692871 0 0
559 18 0.25345373153686523 0 0
560 18 0.25378942489624023 0 0
561 18 0.2541365623474121 0 0
562 18 0.25449514389038086 0 0
563 18 0.2548651695251465 0 0
564 18 0.255246639251709 0 0
565 18 0.25563955307006836 0 0
566 18 0.2560439109802246 0 0
567 18 0.25645971298217773 0 0
568 18 0.25688695907592773 0 0
569 18 0.2573256492614746 0 0
570 18 0.25777578353881836 0 0
571 18 0.258237361907959 0 0
572 18 0.2587103843688965 0 0
573 18 0.25919485092163086 0 0
574 18 0.2596907615661621 0 0
575 18 0.26019811630249023 0 0
576 18 0.26071691513061523 0 0
577 18 0.2612471580505371 0 0
578 18 0.26178884506225586 0 0
579 18 0.2623419761657715 0 0
580 18 0.262906551361084 0 0
581 18 0.2636582553386688 0 0
582 18 0.2642533481121063 0 0
583 18 0.2648636996746063 0 0
584 18 0.2654893100261688 0 0
585 18 0.2661301791667938 0 0
586 18 0.2667863070964813 0 0
587 18 0.2674576938152313 0 0
588 18 0.2681443393230438 0 0
589 18 0.2688462436199188 0 0
590 18 0.2695634067058563 0 0
591 18 0.2702958285808563 0 0
592 18 0.2710435092449188 0 0
593 18 0.2718064486980438 0 0
594 2 0.2725846469402313 0 0
595 2 0.2733781039714813 0 0
596 2 0.27415934205055237 0 0
597 2 0.2749406099319458 0 0
598 2 0.27572184801101685 0 0
599 2 0.2765031158924103 0 0
600 2 0.2772843539714813 0 0
601 2 0.27806559205055237 0 0
602 2 0.2788468599319458 0 0
603 2 0.27962809801101685 0 0
604 2 0.2804093658924103 0 0
605 2 0.2811906039714813 0 0
606 2 0.28197184205055237 0 0
607 2 0.2827531099319458 0 0
608 2 0.28353434801101685 0 0
609 2 0.2843156158924103 0 0
610 2 0.2850968539714813 0 0
611 2 0.28587809205055237 0 0
612 2 0.2866593599319458 0 0
613 2 0.28744059801101685 0 0
614 2 0.2882218658924103 0 0
615 2 0.2890031039714813 0 0
616 2 0.28978434205055237 0 0
617 2 0.2905656099319458 0 0
618 2 0.29134684801101685 0 0
619 2 0.2921281158924103 0 0
620 0 0.2923434376716614 0 0
621 0 0.29217156767845154 0 0
622 0 0.29217156767845154 0 0
623 0 0.29217156767845154 0 0
624 0 0.29217156767845154 0 0
625 0 0.29217156767845154 0 0
626 0 0.29217156767845154 0 0
627 0 0.29217156767845154 0 0
628 0 0.29217156767845154 0 0
629 0 0.29217156767845154 0 0
630 0 0.29217156767845154 0 0
631 0 0.29217156767845154 0 0
632 0 0.29217156767845154 0 0
633 0 0.29217156767845154 0 0
634 0 0.29217156767845154 0 0
635 0 0.29217156767845154 0 0
636 0 0.29217156767845154 0 0
637 0 0.29217156767845154 0 0
638 1 0.29217156767845154 0 0
639 1 0.29191598296165466 0 0
640 1 0.2916489541530609 0 0
641 1 0.2913704812526703 0 0
642 1 0.2910805642604828 0 0
643 1 0.2907792031764984 0 0
644 1 0.29046639800071716 0 0
645 1 0.29014214873313904 0 0
646 1 0.28980645537376404 0 0
647 1 0.28945931792259216 0 0
648 1 0.2891007363796234 0 0
649 1 0.2887307107448578 0 0
650 1 0.2883492410182953 0 0
651 1 0.2879563271999359 0 0
652 1 0.28755196928977966 0 0
653 1 0.28713616728782654 0 0
654 1 0.28670892119407654 0 0
655 17 0.28627023100852966 0 0
656 17 0.2858200967311859 0 0
657 17 0.2853585183620453 0 0
658 17 0.2848854959011078 0 0
659 17 0.2844010293483734 0 0
660 17 0.28390511870384216 0 0
661 17 0.28339776396751404 0 0
662 17 0.28287896513938904 0 0
663 17 0.28234872221946716 0 0
664 17 0.2818070352077484 0 0
665 17 0.2812539041042328 0 0
666 17 0.2806893289089203 0 0
667 17 0.2802813649177551 0 0
668 17 0.2796862721443176 0 0
669 17 0.2790759205818176 0 0
670 17 0.2784503102302551 0 0
671 17 0.2778094410896301 0 0
672 16 0.2771533131599426 0 0
673 16 0.27651435136795044 0 0
674 16 0.27589255571365356 0 0
675 16 0.275287926197052 0 0
676 16 0.27470046281814575 0 0
677 16 0.2741301655769348 0 0
678 0 0.2735770344734192 0 0
679 0 0.27286919951438904 0 0
680 0 0.27235040068626404 0 0
681 0 0.27184876799583435 0 0
682 0 0.2713643014431 0 0
683 0 0.2708970010280609 0 0
684 0 0.27044686675071716 0 0
685 0 0.2700138986110687 0 0
686 0 0.2695980966091156 0 0
687 2 0.2691994607448578 0 0
688 2 0.2688237130641937 0 0
689 2 0.2684708535671234 0 0
690 2 0.26814088225364685 0 0
691 2 0.26783379912376404 0 0
692 18 0.267549604177475 0 0
693 18 0.26728829741477966 0 0
694 18 0.2670498788356781 0 0
695 19 0.267305463552475 0 0
696 19 0.26754388213157654 0 0
697 19 0.2677651345729828 0 0
698 17 0.2679692208766937 0 0
699 17 0.26771363615989685 0 0
700 17 0.2674466073513031 0 0
701 17 0.2671681344509125 0 0
702 17 0.266878217458725 0 0
703 17 0.2665768563747406 0 0
704 17 0.26626405119895935 0 0
705 17 0.2659398019313812 0 0
706 17 0.2656041085720062 0 0
707 17 0.26525697112083435 0 0
708 17 0.2648983895778656 0 0
709 17 0.2645283639431 0 0
710 0 0.2641468942165375 0 0
711 0 0.2637825906276703 0 0
712 0 0.2634354531764984 0 0
713 0 0.26310548186302185 0 0
714 0 0.2627926766872406 0 0
715 0 0.26249703764915466 0 0
716 0 0.26221856474876404 0 0
717 0 0.2619572579860687 0 0
718 0 0.2617131173610687 0 0
719 0 0.26148614287376404 0 0
720 0 0.26127633452415466 0 0
721 0 0.2610836923122406 0 0
722 0 0.26090821623802185 0 0
723 0 0.2607499063014984 0 0
724 0 0.2606087625026703 0 0
725 0 0.2604847848415375 0 0
726 0 0.2603779733181 0 0
727 0 0.2602883279323578 0 0
728 0 0.2602158486843109 0 0
729 0 0.26016053557395935 0 0
730 1 0.2601223886013031 0 0
731 1 0.2598668038845062 0 0
732 1 0.2595997750759125 0 0
733 1 0.25932130217552185 0 0
734 1 0.25903138518333435 0 0
735 1 0.25873002409935 0 0
736 1 0.2584172189235687 0 0
737 1 0.2580929696559906 0 0
738 1 0.2577572762966156 0 0
739 1 0.2574101388454437 0 0
740 17 0.257051557302475 0 0
741 17 0.25668153166770935 0 0
742 17 0.25630006194114685 0 0
743 17 0.2559071481227875 0 0
744 17 0.2555027902126312 0 0
745 17 0.2550869882106781 0 0
746 17 0.2546597421169281 0 0
747 17 0.2542210519313812 0 0
748 17 0.2537709176540375 0 0
749 17 0.25330933928489685 0 0
750 17 0.25283631682395935 0 0
751 17 0.252351850271225 0 0
752 17 0.2518559396266937 0 0
753 17 0.2513485848903656 0 0
754 17 0.2508297860622406 0 0
755 17 0.2502995431423187 0 0
756 17 0.24975785613059998 0 0
757 17 0.24920472502708435 0 0
758 17 0.24864014983177185 0 0
759 17 0.2482321858406067 0 0
760 17 0.2476370930671692 0 0
761 17 0.2470267415046692 0 0
762 17 0.2464011311531067 0 0
763 17 0.2457602620124817 0 0
764 17 0.2451041340827942 0 0
765 17 0.2444327473640442 0 0
766 17 0.2437461018562317 0 0
767 17 0.2430441975593567 0 0
768 17 0.2423270344734192 0 0
769 17 0.2415946125984192 0 0
770 17 0.2408469319343567 0 0
771 17 0.2400839924812317 0 0
772 1 0.2393057942390442 0 0
773 1 0.2385123372077942 0 0
774 1 0.23773109912872314 0 0
775 1 0.2369498461484909 0 0
776 1 0.23616859316825867 0 0
777 1 0.23538734018802643 0 0
778 1 0.2346060872077942 0 0
779 1 0.23382484912872314 0 0
780 1 0.2330435961484909 0 0
781 1 0.23226234316825867 0 0
782 1 0.23148109018802643 0 0
783 1 0.2306998372077942 0 0
784 1 0.22991859912872314 0 0
785 1 0.2291373461484909 0 0
786 1 0.22835609316825867 0 0
787 1 0.22757484018802643 0 0
788 1 0.2267935872077942 0 0
789 1 0.22601234912872314 0 0
790 1 0.2252310961484909 0 0
791 1 0.22444984316825867 0 0
792 1 0.22366859018802643 0 0
793 1 0.2228873372077942 0 0
794 1 0.22210609912872314 0 0
795 1 0.2213248461484909 0 0
796 1 0.22054359316825867 0 0
797 1 0.21976234018802643 0 0
798 1 0.2189810872077942 0 0
799 1 0.21819984912872314 0 0
800 1 0.2174185961484909 0 0
801 1 0.21663734316825867 0 0
802 1 0.21585609018802643 0 0
803 1 0.2150748372077942 0 0
804 1 0.21429359912872314 0 0
805 1 0.2135123461484909 0 0
806 1 0.21273109316825867 0 0
807 1 0.21194984018802643 0 0
808 1 0.2111685872077942 0 0
809 1 0.21038734912872314 0 0
810 1 0.2096060961484909 0 0
811 1 0.20882484316825867 0 0
812 1 0.20804359018802643 0 0
813 1 0.2072623372077942 0 0
814 1 0.20648109912872314 0 0
815 1 0.2056998461484909 0 0
816 1 0.20491859316825867 0 0
817 1 0.20413734018802643 0 0
818 1 0.2033560872077942 0 0
819 1 0.20257484912872314 0 0
820 1 0.2017935961484909 0 0
821 1 0.20101234316825867 0 0
822 1 0.20023109018802643 0 0
823 1 0.1994498372077942 0 0
824 1 0.19866859912872314 0 0
825 1 0.1978873461484909 0 0
826 1 0.19710609316825867 0 0
827 1 0.19632484018802643 0 0
828 1 0.1955435872077942 0 0
829 1 0.19476234912872314 0 0
830 1 0.1939810961484909 0 0
831 1 0.19319984316825867 0 0
832 1 0.19241859018802643 0 0
833 1 0.1916373372077942 0 0
834 1 0.19085609912872314 0 0
835 1 0.1900748461484909 0 0
836 1 0.18929359316825867 0 0
837 1 0.18851234018802643 0 0
838 1 0.1877310872077942 0 0
839 1 0.18694984912872314 0 0
840 1 0.1861685961484909 0 0
841 1 0.18538734316825867 0 0
842 1 0.18460609018802643 0 0
843 1 0.1838248372077942 0 0
844 1 0.18304359912872314 0 0
845 1 0.1822623461484909 0 0
846 1 0.18148109316825867 0 0
847 1 0.18069984018802643 0 0
848 1 0.1799185872077942 0 0
849 1 0.17913734912872314 0 0
850 1 0.1783560961484909 0 0
851 1 0.17757484316825867 0 0
852 1 0.17679359018802643 0 0
853 1 0.1760123372077942 0 0
854 1 0.17523109912872314 0 0
855 1 0.1744498461484909 0 0
856 1 0.17366859316825867 0 0
857 1 0.17288734018802643 0 0
858 1 0.1721060872077942 0 0
859 1 0.17132484912872314 0 0
860 1 0.1705435961484909 0 0
861 1 0.16976234316825867 0 0
862 1 0.16898109018802643 0 0
863 1 0.1681998372077942 0 0
864 1 0.16741859912872314 0 0
865 1 0.1666373461484909 0 0
866 1 0.16585609316825867 0 0
867 1 0.16507484018802643 0 0
868 1 0.16461814939975739 0 1
868 1 0.16461814939975739 0 1
