data/levels/bonus2/level15.stl
1 0 0.009991071186959743 0 0
2 0 0.009991071186959743 0 0
3 0 0.009991071186959743 0 0
4 0 0.009991071186959743 0 0
5 0 0.009991071186959743 0 0
6 0 0.009991071186959743 0 0
7 0 0.009991071186959743 0 0
8 0 0.009991071186959743 0 0
9 0 0.009991071186959743 0 0
10 0 0.009991071186959743 0 0
11 0 0.009991071186959743 0 0
12 0 0.009991071186959743 0 0
13 0 0.009991071186959743 0 0
14 0 0.009991071186959743 0 0
15 0 0.009991071186959743 0 0
16 0 0.009991071186959743 0 0
17 0 0.009991071186959743 0 0
18 0 0.009991071186959743 0 0
19 0 0.009991071186959743 0 0
20 0 0.009991071186959743 0 0
21 0 0.009991071186959743 0 0
22 0 0.009991071186959743 0 0
23 0 0.009991071186959743 0 0
24 0 0.009991071186959743 0 0
25 0 0.009991071186959743 0 0
26 0 0.009991071186959743 0 0
27 0 0.009991071186959743 0 0
28 0 0.009991071186959743 0 0
29 0 0.009991071186959743 0 0
30 0 0.009991071186959743 0 0
31 0 0.009991071186959743 0 0
32 0 0.009991071186959743 0 0
33 0 0.009991071186959743 0 0
34 0 0.009991071186959743 0 0
35 0 0.009991071186959743 0 0
36 0 0.009991071186959743 0 0
37 0 0.009991071186959743 0 0
38 0 0.009991071186959743 0 0
39 0 0.009991071186959743 0 0
40 0 0.009991071186959743 0 0
41 0 0.009991071186959743 0 0
42 0 0.009991071186959743 0 0
43 0 0.009991071186959743 0 0
44 0 0.009991071186959743 0 0
45 0 0.009991071186959743 0 0
46 0 0.009991071186959743 0 0
47 0 0.009991071186959743 0 0
48 0 0.009991071186959743 0 0
49 0 0.009991071186959743 0 0
50 0 0.009991071186959743 0 0
51 0 0.009991071186959743 0 0
52 0 0.009991071186959743 0 0
53 0 0.009991071186959743 0 0
54 0 0.009991071186959743 0 0
55 0 0.009991071186959743 0 0
56 0 0.009991071186959743 0 0
57 0 0.009991071186959743 0 0
58 0 0.009991071186959743 0 0
59 0 0.009991071186959743 0 0
60 0 0.009991071186959743 0 0
61 0 0.009991071186959743 0 0
62 0 0.009991071186959743 0 0
63 0 0.009991071186959743 0 0
64 0 0.009991071186959743 0 0
65 0 0.009991071186959743 0 0
66 0 0.009991071186959743 0 0
67 0 0.009991071186959743 0 0
68 0 0.009991071186959743 0 0
69 0 0.009991071186959743 0 0
70 0 0.009991071186959743 0 0
71 0 0.009991071186959743 0 0
72 0 0.009991071186959743 0 0
73 0 0.009991071186959743 0 0
74 0 0.009991071186959743 0 0
75 0 0.009991071186959743 0 0
76 0 0.009991071186959743 0 0
77 0 0.009991071186959743 0 0
78 0 0.009991071186959743 0 0
79 0 0.009991071186959743 0 0
80 0 0.009991071186959743 0 0
81 0 0.009991071186959743 0 0
82 0 0.009991071186959743 0 0
83 0 0.009991071186959743 0 0
84 0 0.009991071186959743 0 0
85 0 0.009991071186959743 0 0
86 0 0.009991071186959743 0 0
87 0 0.009991071186959743 0 0
88 0 0.009991071186959743 0 0
89 0 0.009991071186959743 0 0
90 0 0.009991071186959743 0 0
91 0 0.009991071186959743 0 0
92 0 0.009991071186959743 0 0
93 0 0.009991071186959743 0 0
94 0 0.009991071186959743 0 0
95 0 0.009991071186959743 0 0
96 0 0.009991071186959743 0 0
97 0 0.009991071186959743 0 0
98 0 0.009991071186959743 0 0
99 0 0.009991071186959743 0 0
100 0 0.009991071186959743 0 0
101 0 0.009991071186959743 0 0
102 0 0.009991071186959743 0 0
103 0 0.009991071186959743 0 0
104 0 0.009991071186959743 0 0
105 0 0.009991071186959743 0 0
106 0 0.009991071186959743 0 0
107 0 0.009991071186959743 0 0
108 0 0.009991071186959743 0 0
109 0 0.009991071186959743 0 0
110 0 0.009991071186959743 0 0
111 0 0.009991071186959743 0 0
112 0 0.009991071186959743 0 0
113 0 0.009991071186959743 0 0
114 0 0.009991071186959743 0 0
115 0 0.009991071186959743 0 0
116 0 0.009991071186959743 0 0
117 0 0.009991071186959743 0 0
118 0 0.009991071186959743 0 0
119 0 0.009991071186959743 0 0
120 0 0.009991071186959743 0 0
121 0 0.009991071186959743 0 0
122 0 0.009991071186959743 0 0
123 0 0.009991071186959743 0 0
124 0 0.009991071186959743 0 0
125 0 0.009991071186959743 0 0
126 0 0.009991071186959743 0 0
127 0 0.009991071186959743 0 0
128 0 0.009991071186959743 0 0
129 0 0.009991071186959743 0 0
130 0 0.009991071186959743 0 0
131 0 0.009991071186959743 0 0
132 0 0.009991071186959743 0 0
133 0 0.009991071186959743 0 0
134 0 0.009991071186959743 0 0
135 0 0.009991071186959743 0 0
136 0 0.009991071186959743 0 0
137 0 0.009991071186959743 0 0
138 0 0.009991071186959743 0 0
139 0 0.009991071186959743 0 0
140 0 0.009991071186959743 0 0
141 0 0.009991071186959743 0 0
142 0 0.009991071186959743 0 0
143 0 0.009991071186959743 0 0
144 0 0.009991071186959743 0 0
145 0 0.009991071186959743 0 0
146 0 0.009991071186959743 0 0
147 0 0.009991071186959743 0 0
148 0 0.009991071186959743 0 0
149 0 0.009991071186959743 0 0
150 0 0.009991071186959743 0 0
151 0 0.009991071186959743 0 0
152 0 0.009991071186959743 0 0
153 0 0.009991071186959743 0 0
154 0 0.009991071186959743 0 0
155 0 0.009991071186959743 0 0
156 0 0.009991071186959743 0 0
157 0 0.009991071186959743 0 0
158 0 0.009991071186959743 0 0
159 0 0.009991071186959743 0 0
160 0 0.009991071186959743 0 0
161 0 0.009991071186959743 0 0
162 0 0.009991071186959743 0 0
163 0 0.009991071186959743 0 0
164 0 0.009991071186959743 0 0
165 0 0.009991071186959743 0 0
166 0 0.009991071186959743 0 0
167 0 0.009991071186959743 0 0
168 0 0.009991071186959743 0 0
169 0 0.009991071186959743 0 0
170 0 0.009991071186959743 0 0
171 0 0.009991071186959743 0 0
172 0 0.009991071186959743 0 0
173 0 0.009991071186959743 0 0
174 0 0.009991071186959743 0 0
175 0 0.009991071186959743 0 0
176 0 0.009991071186959743 0 0
177 0 0.009991071186959743 0 0
178 2 0.009991071186959743 0 0
179 2 0.010137120261788368 0 0
180 2 0.010289708152413368 0 0
181 2 0.010448834858834743 0 0
182 18 0.010614502243697643 0 0
183 18 0.010786708444356918 0 0
184 18 0.010965454392135143 0 0
185 18 0.011150739155709743 0 0
186 18 0.011342564597725868 0 0
187 18 0.011540927924215794 0 0
188 18 0.011745831929147243 0 0
189 18 0.011957274749875069 0 0
190 18 0.012175257317721844 0 0
191 18 0.012399779632687569 0 0
192 2 0.012630841694772243 0 0
193 2 0.012868442572653294 0 0
194 2 0.013112583197653294 0 0
195 2 0.013363263569772243 0 0
196 2 0.013620482757687569 0 0
197 2 0.013884241692721844 0 0
198 0 0.014154540374875069 0 0
199 0 0.014415029436349869 0 0
200 0 0.014665709808468819 0 0
201 0 0.014906580559909344 0 0
202 0 0.015137642621994019 0 0
203 0 0.015358895063400269 0 0
204 0 0.015570337884128094 0 0
205 0 0.01577197201550007 0 0
206 1 0.01596379652619362 0 0
207 1 0.01614254340529442 0 0
208 1 0.01630820892751217 0 0
209 1 0.01646079681813717 0 0
210 1 0.01660030707716942 0 0
211 1 0.01672673597931862 0 0
212 0 0.01658068783581257 0 0
213 0 0.01644444838166237 0 0
214 0 0.01631801947951317 0 0
215 0 0.01620139740407467 0 0
216 0 0.01609458588063717 0 0
217 0 0.01599758490920067 0 0
218 0 0.01591039076447487 0 0
219 0 0.01583300717175007 0 0
220 0 0.01576543226838112 0 0
221 0 0.01570766791701317 0 0
222 0 0.01565971039235592 0 0
223 0 0.015621564351022243 0 0
224 0 0.015593226067721844 0 0
225 2 0.015574697405099869 0 0
226 2 0.01572074554860592 0 0
227 2 0.01587333343923092 0 0
228 2 0.01603246107697487 0 0
229 2 0.01619812846183777 0 0
230 2 0.01637033373117447 0 0
231 18 0.01654908061027527 0 0
232 18 0.01673436537384987 0 0
233 18 0.01692618988454342 0 0
234 18 0.01712455414235592 0 0
235 18 0.01732945814728737 0 0
236 18 0.01754090189933777 0 0
237 18 0.01775888353586197 0 0
238 18 0.01798340678215027 0 0
239 18 0.01821446791291237 0 0
240 18 0.01845206879079342 0 0
241 18 0.01869620941579342 0 0
242 2 0.01894688978791237 0 0
243 2 0.01920410990715027 0 0
244 2 0.01946786791086197 0 0
245 2 0.01973816752433777 0 0
246 2 0.02001500502228737 0 0
247 2 0.02029838226735592 0 0
248 2 0.02058829925954342 0 0
249 2 0.02088475599884987 0 0
250 2 0.02118775248527527 0 0
251 2 0.02149728685617447 0 0
252 2 0.02181336283683777 0 0
253 2 0.02213597670197487 0 0
254 2 0.022565525025129318 0 0
255 2 0.022905578836798668 0 0
256 2 0.023254351690411568 0 0
257 2 0.02361184172332287 0 0
258 2 0.02397805266082287 0 0
259 2 0.024352984502911568 0 0
260 2 0.024736633524298668 0 0
261 2 0.025129001587629318 0 0
262 2 0.025530090555548668 0 0
263 2 0.025939898565411568 0 0
264 2 0.02635842375457287 0 0
265 2 0.02678566984832287 0 0
266 2 0.027221636846661568 0 0
267 2 0.027666321024298668 0 0
268 2 0.028119724243879318 0 0
269 2 0.028566153720021248 0 0
270 2 0.029012581333518028 0 0
271 2 0.029459010809659958 0 0
272 2 0.02990543842315674 0 0
273 2 0.030351867899298668 0 0
274 2 0.03079829551279545 0 0
275 2 0.031244724988937378 0 0
276 2 0.03169115260243416 0 0
277 2 0.03213758021593094 0 0
278 2 0.03258401155471802 0 0
279 2 0.0330304391682148 0 0
280 2 0.03347686678171158 0 0
281 2 0.03392329439520836 0 0
282 2 0.03436972573399544 0 0
283 2 0.03481615334749222 0 0
284 2 0.035262580960989 0 0
285 2 0.03570901229977608 0 0
286 2 0.03615543991327286 0 0
287 2 0.03660186752676964 0 0
288 2 0.03704829514026642 0 0
289 2 0.0374947264790535 0 0
290 2 0.03794115409255028 0 0
291 2 0.03838758170604706 0 0
292 2 0.03883400931954384 0 0
293 2 0.03928044065833092 0 0
294 2 0.0397268682718277 0 0
295 2 0.04017329588532448 0 0
296 18 0.04061972349882126 0 0
297 18 0.04106615483760834 0 0
298 18 0.04151258245110512 0 0
299 18 0.0419590100646019 0 0
300 0 0.04240543767809868 0 0
301 0 0.04284205660223961 0 0
302 0 0.04326886683702469 0 0
303 0 0.04368586838245392 0 0
304 0 0.0440930612385273 0 0
305 0 0.04449044540524483 0 0
306 0 0.04487801715731621 0 0
307 0 0.04525578022003174 0 0
308 0 0.04562373459339142 0 0
309 0 0.04598188027739525 0 0
310 0 0.04633021727204323 0 0
311 0 0.04666874557733536 0 0
312 2 0.04699746146798134 0 0
313 2 0.047053392976522446 0 0
314 18 0.0471012219786644 0 0
315 18 0.047151610255241394 0 0
316 18 0.047151610255241394 0 0
317 18 0.047151610255241394 0 0
318 18 0.047151610255241394 0 0
319 18 0.047330353409051895 0 0
320 18 0.047515641897916794 0 0
321 18 0.047707464545965195 0 0
322 18 0.047905828803777695 0 0
323 18 0.048110734671354294 0 0
324 18 0.048322174698114395 0 0
325 18 0.048540160059928894 0 0
326 18 0.048764679580926895 0 0
327 18 0.048995744436979294 0 0
328 18 0.049233343452215195 0 0
329 18 0.049477484077215195 0 0
330 18 0.049728166311979294 0 0
331 18 0.049985382705926895 0 0
332 18 0.050249144434928894 0 0
333 18 0.050519440323114395 0 0
334 2 0.050796281546354294 0 0
335 2 0.051079656928777695 0 0
336 2 0.051369573920965195 0 0
337 2 0.051666032522916794 0 0
338 0 0.051969025284051895 0 0
339 0 0.052262213081121445 0 0
340 0 0.052545592188835144 0 0
341 0 0.052819158881902695 0 0
342 0 0.053082916885614395 0 0
343 0 0.053336869925260544 0 0
344 0 0.053581010550260544 0 0
345 0 0.053815338760614395 0 0
346 0 0.054039862006902695 0 0
347 0 0.054254576563835144 0 0
348 0 0.054459478706121445 0 0
349 0 0.054654572159051895 0 0
350 0 0.054839860647916794 0 0
351 0 0.055015336722135544 0 0
352 0 0.055181000381708145 0 0
353 0 0.055336859077215195 0 0
354 0 0.055482909083366394 0 0
355 0 0.055619146674871445 0 0
356 18 0.055619146674871445 0 0
357 18 0.05572303757071495 0 0
358 18 0.05572303757071495 0 0
359 18 0.05572303757071495 0 0
360 18 0.05572303757071495 0 0
361 18 0.05589524284005165 0 0
362 18 0.05607398971915245 0 0
363 18 0.05625927448272705 0 0
364 18 0.05645110085606575 0 0
365 18 0.05664946511387825 0 0
366 18 0.05685436725616455 0 0
367 18 0.05706581100821495 0 0
368 18 0.05728379264473915 0 0
369 18 0.05750831589102745 0 0
370 2 0.05773937702178955 0 0
371 2 0.05797697976231575 0 0
372 2 0.05822112038731575 0 0
373 2 0.05847179889678955 0 0
374 2 0.05872901901602745 0 0
375 2 0.05899277701973915 0 0
376 2 0.05926307663321495 0 0
377 2 0.05953991413116455 0 0
378 2 0.05982329323887825 0 0
379 2 0.06011321023106575 0 0
380 2 0.06040966510772705 0 0
381 2 0.06071266159415245 0 0
382 2 0.06102219596505165 0 0
383 2 0.06133827194571495 0 0
384 2 0.06166088581085205 0 0
385 2 0.0620904341340065 0 0
386 2 0.0624304860830307 0 0
387 2 0.0627792552113533 0 0
388 2 0.0631367489695549 0 0
389 2 0.0635029599070549 0 0
390 2 0.0638778880238533 0 0
391 2 0.0642615407705307 0 0
392 2 0.0646539106965065 0 0
393 2 0.0650549978017807 0 0
394 2 0.0654648020863533 0 0
395 2 0.0658833310008049 0 0
396 2 0.0663105770945549 0 0
397 2 0.0667465403676033 0 0
398 0 0.0671912282705307 0 0
399 0 0.06762610375881195 0 0
400 0 0.06805116683244705 0 0
401 0 0.0684664249420166 0 0
402 0 0.06887187063694 0 0
403 0 0.06926751136779785 0 0
404 16 0.06965333968400955 0 0
405 16 0.0700293630361557 0 0
406 18 0.0703955739736557 0 0
407 18 0.0707705020904541 0 0
408 18 0.0711541548371315 0 0
409 18 0.0715465247631073 0 0
410 18 0.0719476118683815 0 0
411 18 0.0723574161529541 0 0
412 2 0.0727759450674057 0 0
413 2 0.0732031911611557 0 0
414 0 0.0736391544342041 0 0
415 0 0.07406531274318695 0 0
416 0 0.07448165863752365 0 0
417 0 0.0748881995677948 0 0
418 0 0.0752849280834198 0 0
419 0 0.07567184418439865 0 0
420 0 0.07604895532131195 0 0
421 0 0.0764162540435791 0 0
422 1 0.0767737478017807 0 0
423 1 0.0771181583404541 0 0
424 1 0.0774494931101799 0 0
425 1 0.0777677446603775 0 0
426 1 0.07797471433877945 0 0
427 1 0.07826680690050125 0 0
428 0 0.07854582369327545 0 0
429 0 0.0788150355219841 0 0
430 0 0.0790744349360466 0 0
431 0 0.07932402193546295 0 0
432 0 0.07956380397081375 0 0
433 0 0.079793781042099 0 0
434 0 0.0800139382481575 0 0
435 0 0.08022429049015045 0 0
436 0 0.08042483776807785 0 0
437 0 0.0806155726313591 0 0
438 0 0.0807964950799942 0 0
439 0 0.08096761256456375 0 0
440 0 0.08112892508506775 0 0
441 1 0.081280417740345 0 0
442 1 0.08141884207725525 0 0
443 1 0.08127278834581375 0 0
444 1 0.08112020045518875 0 0
445 1 0.08096107840538025 0 0
446 1 0.08079540729522705 0 0
447 1 0.08062320202589035 0 0
448 0 0.08044445514678955 0 0
449 0 0.0802755206823349 0 0
450 0 0.0801163911819458 0 0
451 0 0.07996707409620285 0 0
452 0 0.07982756197452545 0 0
453 0 0.0796978622674942 0 0
454 0 0.0796978622674942 0 0
455 0 0.0796978622674942 0 0
456 0 0.0796978622674942 0 0
457 0 0.0796978622674942 0 0
458 0 0.0796978622674942 0 0
459 0 0.0796978622674942 0 0
460 0 0.0796978622674942 0 0
461 0 0.0796978622674942 0 0
462 0 0.0796978622674942 0 0
463 0 0.0796978622674942 0 0
464 0 0.0796978622674942 0 0
465 0 0.0796978622674942 0 0
466 0 0.0796978622674942 0 0
467 0 0.0796978622674942 0 0
468 0 0.0796978622674942 0 0
469 0 0.0796978622674942 0 0
470 0 0.0796978622674942 0 0
471 0 0.0796978622674942 0 0
472 0 0.0796978622674942 0 0
473 0 0.0796978622674942 0 0
474 0 0.0796978622674942 0 0
475 0 0.0796978622674942 0 0
476 0 0.0796978622674942 0 0
477 0 0.0796978622674942 0 0
478 0 0.0796978622674942 0 0
479 0 0.0796978622674942 0 0
480 0 0.0796978622674942 0 0
481 0 0.0796978622674942 0 0
482 0 0.0796978622674942 0 0
483 0 0.0796978622674942 0 0
484 0 0.0796978622674942 0 0
485 0 0.0796978622674942 0 0
486 0 0.0796978622674942 0 0
487 0 0.0796978622674942 0 0
488 0 0.0796978622674942 0 0
489 0 0.0796978622674942 0 0
490 0 0.0796978622674942 0 0
491 0 0.0796978622674942 0 0
492 0 0.0796978622674942 0 0
493 0 0.0796978622674942 0 0
494 0 0.0796978622674942 0 0
495 0 0.0796978622674942 0 0
496 0 0.0796978622674942 0 0
497 0 0.0796978622674942 0 0
498 0 0.0796978622674942 0 0
499 0 0.0796978622674942 0 0
500 0 0.0796978622674942 0 0
501 0 0.0796978622674942 0 0
502 0 0.0796978622674942 0 0
503 0 0.0796978622674942 0 0
504 0 0.0796978622674942 0 0
505 0 0.0796978622674942 0 0
506 0 0.0796978622674942 0 0
507 0 0.0796978622674942 0 0
508 0 0.0796978622674942 0 0
509 0 0.0796978622674942 0 0
510 0 0.0796978622674942 0 0
511 0 0.0796978622674942 0 0
512 0 0.0796978622674942 0 0
513 0 0.0796978622674942 0 0
514 0 0.0796978622674942 0 0
515 0 0.0796978622674942 0 0
516 0 0.0796978622674942 0 0
517 0 0.0796978622674942 0 0
518 0 0.0796978622674942 0 0
519 0 0.0796978622674942 0 0
520 0 0.0796978622674942 0 0
521 0 0.0796978622674942 0 0
522 0 0.0796978622674942 0 0
523 0 0.0796978622674942 0 0
524 0 0.0796978622674942 0 0
525 0 0.0796978622674942 0 0
526 0 0.0796978622674942 0 0
527 0 0.0796978622674942 0 0
528 0 0.0796978622674942 0 0
529 0 0.0796978622674942 0 0
530 0 0.0796978622674942 0 0
531 0 0.0796978622674942 0 0
532 0 0.0796978622674942 0 0
533 0 0.0796978622674942 0 0
534 0 0.0796978622674942 0 0
535 0 0.0796978622674942 0 0
536 0 0.0796978622674942 0 0
537 0 0.0796978622674942 0 0
538 0 0.0796978622674942 0 0
539 0 0.0796978622674942 0 0
540 0 0.0796978622674942 0 0
541 0 0.0796978622674942 0 0
542 0 0.0796978622674942 0 0
543 0 0.0796978622674942 0 0
544 0 0.0796978622674942 0 0
545 0 0.0796978622674942 0 0
546 0 0.0796978622674942 0 0
547 0 0.0796978622674942 0 0
548 0 0.0796978622674942 0 0
549 0 0.0796978622674942 0 0
550 0 0.0796978622674942 0 0
551 0 0.0796978622674942 0 0
552 0 0.0796978622674942 0 0
553 0 0.0796978622674942 0 0
554 0 0.0796978622674942 0 0
555 0 0.0796978622674942 0 0
556 0 0.0796978622674942 0 0
557 0 0.0796978622674942 0 0
558 0 0.0796978622674942 0 0
559 0 0.0796978622674942 0 0
560 0 0.0796978622674942 0 0
561 0 0.0796978622674942 0 0
562 0 0.0796978622674942 0 0
563 0 0.0796978622674942 0 0
564 0 0.0796978622674942 0 0
565 0 0.0796978622674942 0 0
566 0 0.0796978622674942 0 0
567 0 0.0796978622674942 0 0
568 0 0.0796978622674942 0 0
569 0 0.0796978622674942 0 0
570 0 0.0796978622674942 0 0
571 0 0.0796978622674942 0 0
572 0 0.0796978622674942 0 0
573 0 0.0796978622674942 0 0
574 0 0.0796978622674942 0 0
575 0 0.0796978622674942 0 0
576 0 0.0796978622674942 0 0
577 0 0.0796978622674942 0 0
578 0 0.0796978622674942 0 0
579 0 0.0796978622674942 0 0
580 0 0.0796978622674942 0 0
581 0 0.0796978622674942 0 0
582 0 0.0796978622674942 0 0
583 0 0.0796978622674942 0 0
584 0 0.0796978622674942 0 0
585 0 0.0796978622674942 0 0
586 0 0.0796978622674942 0 0
587 0 0.0796978622674942 0 0
588 0 0.0796978622674942 0 0
589 0 0.0796978622674942 0 0
590 0 0.0796978622674942 0 0
591 0 0.0796978622674942 0 0
592 0 0.0796978622674942 0 0
593 0 0.0796978622674942 0 0
594 0 0.0796978622674942 0 0
595 0 0.0796978622674942 0 0
596 2 0.0796978622674942 0 0
597 2 0.0798439159989357 0 0
598 2 0.0799965038895607 0 0
599 18 0.0801556259393692 0 0
600 18 0.0803212970495224 0 0
601 18 0.0804935023188591 0 0
602 18 0.0806722491979599 0 0
603 18 0.0808575302362442 0 0
604 18 0.0810493603348732 0 0
605 18 0.0812477245926857 0 0
606 18 0.0814526230096817 0 0
607 18 0.0816640704870224 0 0
608 18 0.0818820521235466 0 0
609 18 0.0821065753698349 0 0
610 2 0.0823376327753067 0 0
611 2 0.0825752392411232 0 0
612 2 0.0828193798661232 0 0
613 2 0.0830700546503067 0 0
614 2 0.0833272784948349 0 0
615 2 0.0835910364985466 0 0
616 2 0.0838613361120224 0 0
617 2 0.0841381698846817 0 0
618 0 0.08429446816444397 0 0
619 0 0.08429446816444397 0 0
620 0 0.08429446816444397 0 0
621 0 0.08429446816444397 0 0
622 0 0.08429446816444397 0 0
623 0 0.08429446816444397 0 0
624 0 0.08429446816444397 0 0
625 0 0.08429446816444397 0 0
626 0 0.08429446816444397 0 0
627 0 0.08429446816444397 0 0
628 0 0.08429446816444397 0 0
629 0 0.08429446816444397 0 0
630 0 0.08429446816444397 0 0
631 0 0.08429446816444397 0 0
632 0 0.08429446816444397 0 0
633 0 0.08429446816444397 0 0
634 0 0.08429446816444397 0 0
635 0 0.08429446816444397 0 0
636 0 0.08429446816444397 0 0
637 0 0.08429446816444397 0 0
638 0 0.08429446816444397 0 0
639 0 0.08429446816444397 0 0
640 0 0.08429446816444397 0 0
641 0 0.08429446816444397 0 0
642 0 0.08429446816444397 0 0
643 0 0.08429446816444397 0 0
644 0 0.08429446816444397 0 0
645 0 0.08429446816444397 0 0
646 0 0.08429446816444397 0 0
647 0 0.08429446816444397 0 0
648 0 0.08429446816444397 0 0
649 0 0.08429446816444397 0 0
650 2 0.08429446816444397 0 0
651 2 0.08444051444530487 0 0
652 2 0.08459310233592987 0 0
653 2 0.08475223183631897 0 0
654 2 0.08491789549589157 0 0
655 2 0.08509010076522827 0 0
656 2 0.08526884764432907 0 0
657 2 0.08545413613319397 0 0
658 2 0.08564595878124237 0 0
659 2 0.08584432303905487 0 0
660 2 0.08604922890663147 0 0
661 2 0.08626066893339157 0 0
662 0 0.08647865056991577 0 0
663 0 0.08668682724237442 0 0
664 0 0.08688519150018692 0 0
665 0 0.08707374334335327 0 0
666 0 0.08725249022245407 0 0
667 0 0.08742142468690872 0 0
668 0 0.08758055418729782 0 0
669 0 0.08772987127304077 0 0
670 0 0.08786938339471817 0 0
671 0 0.08799908310174942 0 0
672 0 0.08811897039413452 0 0
673 0 0.08832179754972458 0 1
673 0 0.08832179754972458 0 1
