data/levels/bonus2/level15.stl
1 16 0.009991071186959743 0 0
2 16 0.009991071186959743 0 0
3 16 0.009991071186959743 0 0
4 16 0.009991071186959743 0 0
5 16 0.009991071186959743 0 0
6 16 0.009991071186959743 0 0
7 16 0.009991071186959743 0 0
8 16 0.009991071186959743 0 0
9 16 0.009991071186959743 0 0
10 16 0.009991071186959743 0 0
11 0 0.009991071186959743 0 0
12 0 0.009991071186959743 0 0
13 0 0.009991071186959743 0 0
14 0 0.009991071186959743 0 0
15 0 0.009991071186959743 0 0
16 0 0.009991071186959743 0 0
17 0 0.009991071186959743 0 0
18 0 0.009991071186959743 0 0
19 0 0.009991071186959743 0 0
20 0 0.009991071186959743 0 0
21 0 0.009991071186959743 0 0
22 0 0.009991071186959743 0 0
23 0 0.009991071186959743 0 0
24 0 0.009991071186959743 0 0
25 0 0.009991071186959743 0 0
26 0 0.009991071186959743 0 0
27 2 0.009991071186959743 0 0
28 2 0.010137120261788368 0 0
29 2 0.010289708152413368 0 0
30 2 0.010448834858834743 0 0
31 2 0.010614502243697643 0 0
32 2 0.010786708444356918 0 0
33 2 0.010965454392135143 0 0
34 2 0.011150739155709743 0 0
35 2 0.011342564597725868 0 0
36 2 0.011540927924215794 0 0
37 2 0.011745831929147243 0 0
38 2 0.011957274749875069 0 0
39 2 0.012175257317721844 0 0
40 2 0.012399779632687569 0 0
41 2 0.012630841694772243 0 0
42 2 0.012865891680121422 0 0
43 2 0.012865891680121422 0 0
44 2 0.012865891680121422 0 0
45 2 0.012865891680121422 0 0
46 2 0.012865891680121422 0 0
47 2 0.012865891680121422 0 0
48 2 0.012865891680121422 0 0
49 2 0.012865891680121422 0 0
50 2 0.012865891680121422 0 0
51 2 0.012865891680121422 0 0
52 2 0.012865891680121422 0 0
53 2 0.013175427913665771 0 0
54 2 0.013491502031683922 0 0
55 2 0.013814116828143597 0 0
56 2 0.014243665151298046 0 0
57 2 0.014583718031644821 0 0
58 2 0.014932490885257721 0 0
59 2 0.01528998278081417 0 0
60 2 0.01565619371831417 0 0
61 2 0.01603112369775772 0 0
62 2 0.01641477271914482 0 0
63 2 0.01680714264512062 0 0
64 2 0.01720822975039482 0 0
65 2 0.01761803776025772 0 0
66 2 0.01803656481206417 0 0
67 2 0.01846381090581417 0 0
68 2 0.01889977604150772 0 0
69 18 0.01934446021914482 0 0
70 18 0.01979786530137062 0 0
71 18 0.0202442929148674 0 0
72 18 0.02069072239100933 0 0
73 18 0.02113715000450611 0 0
74 18 0.02158357948064804 0 0
75 18 0.02203000709414482 0 0
76 18 0.02247643657028675 0 0
77 18 0.02292286418378353 0 0
78 18 0.02336929365992546 0 0
79 18 0.02381572127342224 0 0
80 18 0.02426215074956417 0 0
81 18 0.02470857836306095 0 0
82 18 0.02515500783920288 0 0
83 18 0.02560143545269966 0 0
84 18 0.02604786492884159 0 0
85 2 0.02649429254233837 0 0
86 2 0.0269407220184803 0 0
87 2 0.02738714963197708 0 0
88 2 0.02783357910811901 0 0
89 2 0.02828000672161579 0 0
90 2 0.02872643619775772 0 0
91 2 0.0291728638112545 0 0
92 2 0.02961929328739643 0 0
93 2 0.03006572090089321 0 0
94 2 0.03051215037703514 0 0
95 2 0.03095857985317707 0 0
96 2 0.031405009329319 0 0
97 2 0.03185143694281578 0 0
98 2 0.03229786455631256 0 0
99 2 0.03274429216980934 0 0
100 2 0.03319072350859642 0 0
101 2 0.0336371511220932 0 0
102 2 0.03408357873558998 0 0
103 2 0.03453000634908676 0 0
104 2 0.03497643768787384 0 0
105 2 0.03542286530137062 0 0
106 2 0.0358692929148674 0 0
107 2 0.03598129376769066 0 0
108 2 0.03642772510647774 0 0
109 2 0.03687415271997452 0 0
110 2 0.0373205803334713 0 0
111 2 0.03776700794696808 0 0
112 2 0.03821343928575516 0 0
113 2 0.03865986689925194 0 0
114 2 0.03910629451274872 0 0
115 2 0.0395527258515358 0 0
116 2 0.03999915346503258 0 0
117 2 0.04044558107852936 0 0
118 2 0.04089200869202614 0 0
119 2 0.04133844003081322 0 0
120 2 0.04178486764431 0 0
121 2 0.04223129525780678 0 0
122 18 0.04267772287130356 0 0
123 18 0.04312415421009064 0 0
124 18 0.04341468960046768 0 1
124 18 0.04341468960046768 0 1
1 0 0.009991071186959743 0 0
2 0 0.009991071186959743 0 0
3 0 0.009991071186959743 0 0
4 0 0.009991071186959743 0 0
5 0 0.009991071186959743 0 0
6 0 0.009991071186959743 0 0
7 0 0.009991071186959743 0 0
8 0 0.009991071186959743 0 0
9 0 0.009991071186959743 0 0
10 16 0.009991071186959743 0 0
11 16 0.009991071186959743 0 0
12 0 0.009991071186959743 0 0
13 0 0.009991071186959743 0 0
14 0 0.009991071186959743 0 0
15 0 0.009991071186959743 0 0
16 0 0.009991071186959743 0 0
17 0 0.009991071186959743 0 0
18 0 0.009991071186959743 0 0
19 0 0.009991071186959743 0 0
20 0 0.009991071186959743 0 0
21 0 0.009991071186959743 0 0
22 0 0.009991071186959743 0 0
23 0 0.009991071186959743 0 0
24 0 0.009991071186959743 0 0
25 0 0.009991071186959743 0 0
26 0 0.009991071186959743 0 0
27 0 0.009991071186959743 0 0
28 0 0.009991071186959743 0 0
29 0 0.009991071186959743 0 0
30 0 0.009991071186959743 0 0
31 0 0.009991071186959743 0 0
32 0 0.009991071186959743 0 0
33 0 0.009991071186959743 0 0
34 0 0.009991071186959743 0 0
35 0 0.009991071186959743 0 0
36 0 0.009991071186959743 0 0
37 0 0.009991071186959743 0 0
38 0 0.009991071186959743 0 0
39 0 0.009991071186959743 0 0
40 0 0.009991071186959743 0 0
41 0 0.009991071186959743 0 0
42 0 0.009991071186959743 0 0
43 0 0.009991071186959743 0 0
44 0 0.009991071186959743 0 0
45 0 0.009991071186959743 0 0
46 0 0.009991071186959743 0 0
47 0 0.009991071186959743 0 0
48 0 0.009991071186959743 0 0
49 0 0.009991071186959743 0 0
50 0 0.009991071186959743 0 0
51 0 0.009991071186959743 0 0
52 0 0.009991071186959743 0 0
53 0 0.009991071186959743 0 0
54 0 0.009991071186959743 0 0
55 0 0.009991071186959743 0 0
56 0 0.009991071186959743 0 0
57 0 0.009991071186959743 0 0
58 0 0.009991071186959743 0 0
59 0 0.009991071186959743 0 0
60 0 0.009991071186959743 0 0
61 0 0.009991071186959743 0 0
62 2 0.009991071186959743 0 0
63 2 0.010137120261788368 0 0
64 2 0.010289708152413368 0 0
65 2 0.010448834858834743 0 0
66 2 0.010614502243697643 0 0
67 2 0.010786708444356918 0 0
68 2 0.010965454392135143 0 0
69 2 0.011150739155709743 0 0
70 2 0.011342564597725868 0 0
71 2 0.011540927924215794 0 0
72 2 0.011745831929147243 0 0
73 2 0.011957274749875069 0 0
74 2 0.012175257317721844 0 0
75 2 0.012399779632687569 0 0
76 2 0.012630841694772243 0 0
77 2 0.012868442572653294 0 0
78 2 0.013112583197653294 0 0
79 2 0.013363263569772243 0 0
80 2 0.013620482757687569 0 0
81 18 0.013884241692721844 0 0
82 18 0.014154540374875069 0 0
83 18 0.014431378804147243 0 0
84 18 0.014714756049215794 0 0
85 18 0.015004673041403294 0 0
86 18 0.015301129780709743 0 0
87 18 0.015604125335812569 0 0
88 2 0.01591366156935692 0 0
89 2 0.01622973568737507 0 0
90 2 0.01655234955251217 0 0
91 2 0.01698189787566662 0 0
92 2 0.017321951687335968 0 0
93 2 0.017670724540948868 0 0
94 0 0.018028216436505318 0 0
95 0 0.018375897780060768 0 0
96 2 0.01871377043426037 0 0
97 2 0.019060363993048668 0 0
98 2 0.01941567473113537 0 0
99 2 0.019779706373810768 0 0
100 2 0.020152457058429718 0 0
101 2 0.020533926784992218 0 0
102 0 0.020924115553498268 0 0
103 0 0.021304495632648468 0 0
104 0 0.021675067022442818 0 0
105 0 0.022035827860236168 0 0
106 0 0.022386780008673668 0 0
107 0 0.022727923467755318 0 0
108 0 0.023059256374835968 0 0
109 0 0.023380780592560768 0 0
110 0 0.023692496120929718 0 0
111 0 0.02389618754386902 0 0
112 0 0.02418828383088112 0 0
113 0 0.02447057142853737 0 0
114 0 0.02474305033683777 0 0
115 0 0.02500571869313717 0 0
116 0 0.02525857836008072 0 0
117 0 0.02550162933766842 0 0
118 0 0.02573487162590027 0 0
119 0 0.02595830336213112 0 0
120 0 0.02617192640900612 0 0
121 0 0.02637574076652527 0 0
122 16 0.02656974457204342 0 0
123 16 0.02675393968820572 0 0
124 18 0.02692832611501217 0 0
125 18 0.02710925228893757 0 0
126 18 0.02729671820998192 0 0
127 18 0.02749072201550007 0 0
128 18 0.02769126556813717 0 0
129 18 0.02789834886789322 0 0
130 18 0.02811197191476822 0 0
131 18 0.02833213470876217 0 0
132 18 0.02855883724987507 0 0
133 18 0.02879207953810692 0 0
134 18 0.02903185971081257 0 0
135 18 0.02927817963063717 0 0
136 18 0.02953103929758072 0 0
137 18 0.02979043871164322 0 0
138 18 0.03005637787282467 0 0
139 18 0.03032885678112507 0 0
140 18 0.03060787543654442 0 0
141 18 0.03089343197643757 0 0
142 18 0.03118552826344967 0 0
143 18 0.03148416429758072 0 0
144 18 0.03178934007883072 0 0
145 18 0.03210105746984482 0 0
146 2 0.03241931274533272 0 0
147 2 0.03274410590529442 0 0
148 2 0.03317583352327347 0 0
149 2 0.03351806476712227 0 0
150 0 0.03386901691555977 0 0
151 0 0.03421016037464142 0 0
152 0 0.03454149514436722 0 0
153 0 0.03486302122473717 0 0
154 0 0.03517473489046097 0 0
155 0 0.03537842631340027 0 0
156 0 0.03567052260041237 0 0
157 0 0.03595281019806862 0 0
158 0 0.03622528910636902 0 0
159 0 0.03648795932531357 0 0
160 16 0.03674081712961197 0 0
161 16 0.03698386996984482 0 0
162 18 0.03721711039543152 0 0
163 18 0.03745689243078232 0 0
164 18 0.03770321235060692 0 0
165 18 0.03795607015490532 0 0
166 18 0.03821546956896782 0 0
167 18 0.03848141059279442 0 0
168 2 0.03875388950109482 0 0
169 2 0.03903290629386902 0 0
170 2 0.03931846469640732 0 0
171 2 0.03961056098341942 0 0
172 2 0.03990919515490532 0 0
173 2 0.04021437093615532 0 0
174 2 0.04052608832716942 0 0
175 2 0.04084434360265732 0 0
176 2 0.04116913676261902 0 0
177 2 0.04160086438059807 0 0
178 2 0.04194309934973717 0 0
179 2 0.04229405149817467 0 0
180 2 0.04265372082591057 0 0
181 2 0.04302211105823517 0 0
182 2 0.04339922219514847 0 0
183 2 0.04378505051136017 0 0
184 2 0.04417959973216057 0 0
185 2 0.04458286985754967 0 0
186 2 0.04499485716223717 0 0
187 2 0.04541556164622307 0 0
188 2 0.04584498703479767 0 0
189 2 0.04628313332796097 0 0
190 2 0.04672999680042267 0 0
191 2 0.047053392976522446 0 0
192 2 0.0471012219786644 0 0
193 2 0.047151610255241394 0 0
194 2 0.047151610255241394 0 0
195 2 0.047151610255241394 0 0
196 2 0.047151610255241394 0 0
197 2 0.047151610255241394 0 0
198 18 0.047151610255241394 0 0
199 18 0.047151610255241394 0 0
200 18 0.047151610255241394 0 0
201 18 0.047151610255241394 0 0
202 18 0.047151610255241394 0 0
203 18 0.047323815524578094 0 0
204 18 0.047502562403678894 0 0
205 18 0.047687847167253494 0 0
206 18 0.047879669815301895 0 0
207 18 0.048078034073114395 0 0
208 18 0.048282939940690994 0 0
209 18 0.048494383692741394 0 0
210 18 0.048712365329265594 0 0
211 2 0.048936888575553894 0 0
212 2 0.049167949706315994 0 0
213 2 0.049405548721551895 0 0
214 2 0.049649689346551895 0 0
215 2 0.049900371581315994 0 0
216 2 0.050157591700553894 0 0
217 2 0.050421349704265594 0 0
218 2 0.050691649317741394 0 0
219 2 0.050968486815690994 0 0
220 2 0.051251862198114395 0 0
221 2 0.051541779190301895 0 0
222 2 0.051838237792253494 0 0
223 2 0.052141234278678894 0 0
224 2 0.052450768649578094 0 0
225 2 0.052766844630241394 0 0
226 2 0.0528658963739872 0 0
227 2 0.0528658963739872 0 0
228 2 0.0528658963739872 0 0
229 2 0.0528658963739872 0 0
230 2 0.0528658963739872 0 0
231 2 0.0528658963739872 0 0
232 0 0.0528658963739872 0 0
233 0 0.0528658963739872 0 0
234 0 0.0528658963739872 0 0
235 0 0.0528658963739872 0 0
236 0 0.0528658963739872 0 0
237 0 0.0528658963739872 0 0
238 0 0.0528658963739872 0 0
239 0 0.0528658963739872 0 0
240 0 0.0528658963739872 0 0
241 0 0.0528658963739872 0 0
242 0 0.0528658963739872 0 0
243 0 0.0528658963739872 0 0
244 16 0.0528658963739872 0 0
245 16 0.0528658963739872 0 0
246 18 0.0528658963739872 0 0
247 18 0.0528658963739872 0 0
248 18 0.0528658963739872 0 0
249 18 0.053025022149086 0 0
250 2 0.0531906895339489 0 0
251 2 0.0533628948032856 0 0
252 2 0.0535416416823864 0 0
253 2 0.053726926445961 0 0
254 2 0.0539187528192997 0 0
255 2 0.0541171170771122 0 0
256 2 0.0543220192193985 0 0
257 2 0.0545334629714489 0 0
258 2 0.0547514446079731 0 0
259 2 0.0549759678542614 0 0
260 2 0.0552070289850235 0 0
261 2 0.0554446317255497 0 0
262 2 0.0556887723505497 0 0
263 2 0.0559394508600235 0 0
264 2 0.0561966709792614 0 0
265 2 0.0564604289829731 0 0
266 2 0.0567307285964489 0 0
267 2 0.0570075660943985 0 0
268 2 0.0572909452021122 0 0
269 2 0.0575808621942997 0 0
270 2 0.057877317070961 0 0
271 2 0.0581803135573864 0 0
272 2 0.0584898479282856 0 0
273 2 0.0588059239089489 0 0
274 2 0.059128537774086 0 0
275 2 0.05955808237195015 0 0
276 2 0.05989813804626465 0 0
277 2 0.06024690717458725 0 0
278 2 0.06060440093278885 0 0
279 2 0.06097061187028885 0 0
280 2 0.06134553998708725 0 0
281 2 0.06172919273376465 0 0
282 2 0.06212155893445015 0 0
283 2 0.06252264976501465 0 0
284 2 0.06293245404958725 0 0
285 2 0.06335098296403885 0 0
286 2 0.06377822905778885 0 0
287 2 0.06421419233083725 0 0
288 2 0.06465888023376465 0 0
289 2 0.06511228531599045 0 0
290 2 0.06555870920419693 0 0
291 2 0.06600514054298401 0 0
292 18 0.06645157188177109 0 0
293 18 0.06689799576997757 0 0
294 18 0.06734442710876465 0 0
295 18 0.06779085099697113 0 0
296 18 0.06823728233575821 0 0
297 18 0.06868371367454529 0 0
298 18 0.06913013756275177 0 0
299 18 0.06957656890153885 0 0
300 18 0.07002300024032593 0 0
301 18 0.07046942412853241 0 0
302 18 0.07091585546731949 0 0
303 18 0.07136227935552597 0 0
304 18 0.07180871069431305 0 0
305 18 0.07225514203310013 0 0
306 2 0.07270156592130661 0 0
307 2 0.07314799726009369 0 0
308 2 0.07359442859888077 0 0
309 2 0.07404085248708725 0 0
310 2 0.07448728382587433 0 0
311 2 0.07493371516466141 0 0
312 2 0.07538013905286789 0 0
313 2 0.07582657039165497 0 0
314 2 0.07627299427986145 0 0
315 2 0.07671942561864853 0 0
316 2 0.07716585695743561 0 0
317 2 0.07761228084564209 0 0
318 2 0.07805871218442917 0 0
319 2 0.07850514352321625 0 0
320 2 0.07895156741142273 0 0
321 2 0.07939799875020981 0 0
322 2 0.07984442263841629 0 0
323 2 0.08029085397720337 0 0
324 2 0.08073728531599045 0 0
325 2 0.08118370920419693 0 0
326 2 0.08163014054298401 0 0
327 2 0.08207657188177109 0 0
328 2 0.08252299576997757 0 0
329 2 0.08296942710876465 0 0
330 2 0.08341585099697113 0 0
331 2 0.08386228233575821 0 0
332 2 0.08430871367454529 0 0
333 2 0.08475513756275177 0 0
334 2 0.08520156890153885 0 0
335 2 0.08564800024032593 0 0
336 2 0.08609442412853241 0 0
337 2 0.08654085546731949 0 0
338 2 0.08698727935552597 0 0
339 2 0.08743371069431305 0 0
340 2 0.08788014203310013 0 0
341 2 0.08832656592130661 0 0
342 2 0.08877299726009369 0 0
343 2 0.08921942859888077 0 0
344 2 0.08966585248708725 0 0
345 2 0.09011228382587433 0 0
346 2 0.09055871516466141 0 0
347 2 0.09100513905286789 0 0
348 2 0.09145157039165497 0 0
349 2 0.09189799427986145 0 0
350 2 0.09234442561864853 0 0
351 2 0.09279085695743561 0 0
352 0 0.09323728084564209 0 0
353 0 0.09367389976978302 0 0
354 0 0.0941007137298584 0 0
355 0 0.09451771527528763 0 0
356 0 0.09492490440607071 0 0
357 0 0.09532228857278824 0 0
358 0 0.09562482684850693 0 0
359 0 0.09552661329507828 0 0
360 0 0.09552661329507828 0 0
361 0 0.09552661329507828 0 0
362 0 0.09552661329507828 0 0
363 0 0.09552661329507828 0 0
364 0 0.09552661329507828 0 0
365 0 0.09552661329507828 0 0
366 0 0.09552661329507828 0 0
367 0 0.09552661329507828 0 0
368 0 0.09552661329507828 0 0
369 0 0.09552661329507828 0 0
370 0 0.09552661329507828 0 0
371 0 0.09552661329507828 0 0
372 0 0.09552661329507828 0 0
373 0 0.09552661329507828 0 0
374 0 0.09552661329507828 0 0
375 0 0.09552661329507828 0 0
376 0 0.09552661329507828 0 0
377 0 0.09552661329507828 0 0
378 0 0.09552661329507828 0 1
378 0 0.09552661329507828 0 1
