data/levels/bonus2/level15.stl
1 0 0.009991071186959743 0 0
2 0 0.009991071186959743 0 0
3 0 0.009991071186959743 0 0
4 1 0.009991071186959743 0 0
5 1 0.00999125000089407 0 0
6 1 0.00999125000089407 0 0
7 1 0.00999125000089407 0 0
8 1 0.00999125000089407 0 0
9 1 0.00999125000089407 0 0
10 1 0.00999125000089407 0 0
11 1 0.00999125000089407 0 0
12 0 0.00999125000089407 0 0
13 0 0.00999125000089407 0 0
14 0 0.00999125000089407 0 0
15 0 0.00999125000089407 0 0
16 0 0.00999125000089407 0 0
17 0 0.00999125000089407 0 0
18 2 0.00999125000089407 0 0
19 2 0.01013729814440012 0 0
20 2 0.01028988603502512 0 0
21 2 0.01044901367276907 0 0
22 2 0.010614680126309395 0 0
23 2 0.010786887258291245 0 0
24 2 0.010965632274746895 0 0
25 2 0.01115091796964407 0 0
26 2 0.01134274248033762 0 0
27 2 0.011541107669472694 0 0
28 2 0.011746011674404144 0 0
29 2 0.01195745449513197 0 0
30 2 0.012175437062978745 0 0
31 2 0.01239995937794447 0 0
32 2 0.012631021440029144 0 0
33 2 0.012868622317910194 0 0
34 2 0.013112762942910194 0 0
35 2 0.013363443315029144 0 0
36 2 0.01362066250294447 0 0
37 2 0.013884421437978745 0 0
38 2 0.01415472012013197 0 0
39 2 0.014431558549404144 0 0
40 2 0.014714935794472694 0 0
41 2 0.015004852786660194 0 0
42 2 0.015301309525966644 0 0
43 2 0.01560430508106947 0 0
44 2 0.015913840383291245 0 0
45 2 0.016229916363954544 0 0
46 2 0.016552530229091644 0 0
47 2 0.016982076689600945 0 0
48 2 0.017322130501270294 0 0
49 2 0.017670903354883194 0 0
50 2 0.018028393387794495 0 0
51 2 0.018394604325294495 0 0
52 18 0.018769536167383194 0 0
53 18 0.019153185188770294 0 0
54 16 0.019545553252100945 0 0
55 16 0.019928112626075745 0 0
56 16 0.020300863310694695 0 0
57 16 0.020663805305957794 0 0
58 16 0.021016936749219894 0 0
59 17 0.021360261365771294 0 0
60 17 0.021690504625439644 0 0
61 17 0.022007670253515244 0 0
62 17 0.022213540971279144 0 0
63 17 0.022504547610878944 0 0
64 1 0.022782474756240845 0 0
65 1 0.023047324270009995 0 0
66 2 0.023299094289541245 0 0
67 2 0.023557404056191444 0 0
68 2 0.023822253569960594 0 0
69 2 0.024093640968203545 0 0
70 0 0.024371569976210594 0 0
71 0 0.024639688432216644 0 0
72 0 0.024897998198866844 0 0
73 1 0.025146497413516045 0 0
74 1 0.025381918996572495 0 0
75 1 0.025604261085391045 0 0
76 1 0.025813525542616844 0 0
77 1 0.026009708642959595 0 0
78 1 0.026192814111709595 0 0
79 1 0.026362841948866844 0 0
80 1 0.026519788429141045 0 0
81 1 0.026663657277822495 0 0
82 0 0.026794446632266045 0 0
83 0 0.026915427297353745 0 0
84 0 0.027026599273085594 0 0
85 0 0.027127960696816444 0 0
86 0 0.027219513431191444 0 0
87 0 0.027301257476210594 0 0
88 0 0.027373190969228745 0 0
89 0 0.027435315772891045 0 0
90 0 0.027487631887197495 0 0
91 0 0.027530139312148094 0 0
92 0 0.027562836185097694 0 0
93 0 0.027585724368691444 0 0
94 0 0.027598803862929344 0 0
95 0 0.027602072805166245 0 0
96 0 0.027595533058047295 0 0
97 0 0.027598803862929344 0 0
98 0 0.027592264115810394 0 0
99 0 0.027595533058047295 0 0
100 0 0.027588993310928345 0 0
101 0 0.027592264115810394 0 0
102 0 0.027585724368691444 0 0
103 0 0.027588993310928345 0 0
104 0 0.027582455426454544 0 0
105 0 0.027585724368691444 0 0
106 0 0.027579184621572495 0 0
107 0 0.027582455426454544 0 0
108 0 0.027575915679335594 0 0
109 0 0.027579184621572495 0 0
110 0 0.027572644874453545 0 0
111 0 0.027575915679335594 0 0
112 0 0.027569375932216644 0 0
113 0 0.027572644874453545 0 0
114 0 0.027566105127334595 0 0
115 0 0.027569375932216644 0 0
116 0 0.027562836185097694 0 0
117 0 0.027566105127334595 0 0
118 0 0.027559567242860794 0 0
119 0 0.027562836185097694 0 0
120 0 0.027556296437978745 0 0
121 0 0.027559567242860794 0 0
122 0 0.027553027495741844 0 0
123 0 0.027556296437978745 0 0
124 0 0.027549756690859795 0 0
125 0 0.027553027495741844 0 0
126 0 0.027546487748622894 0 0
127 0 0.027549756690859795 0 0
128 0 0.027543216943740845 0 0
129 0 0.027546487748622894 0 0
130 0 0.027539948001503944 0 0
131 0 0.027543216943740845 0 0
132 0 0.027536679059267044 0 0
133 0 0.027539948001503944 0 0
134 0 0.027539948001503944 0 0
135 2 0.027539948001503944 0 0
136 2 0.027685996145009995 0 0
137 2 0.027838584035634995 0 0
138 18 0.027997711673378944 0 0
139 18 0.028163379058241844 0 0
140 0 0.028335584327578545 0 0
141 0 0.028497982770204544 0 0
142 0 0.028650570660829544 0 0
143 0 0.028793347999453545 0 0
144 0 0.028926318511366844 0 0
145 0 0.029049478471279144 0 0
146 0 0.029162829741835594 0 0
147 0 0.029266370460391045 0 0
148 0 0.029360104352235794 0 0
149 0 0.029444027692079544 0 0
150 0 0.029518140479922295 0 0
151 0 0.029582446441054344 0 0
152 0 0.029636941850185394 0 0
153 0 0.029681628569960594 0 0
154 0 0.029716504737734795 0 0
155 0 0.029741574078798294 0 0
156 0 0.029756832867860794 0 0
157 0 0.029762281104922295 0 0
158 0 0.029757922515273094 0 0
159 0 0.029763370752334595 0 0
160 0 0.029759012162685394 0 0
161 0 0.029764462262392044 0 0
162 0 0.029760101810097694 0 0
163 0 0.029765551909804344 0 0
164 0 0.029718486592173576 0 0
165 0 0.029723936691880226 0 0
166 0 0.029719576239585876 0 0
167 0 0.029725026339292526 0 0
168 0 0.029720665886998177 0 0
169 0 0.029726115986704826 0 0
170 0 0.029721755534410477 0 0
171 0 0.029727205634117126 0 0
172 0 0.029722845181822777 0 0
173 0 0.029728295281529427 0 0
174 0 0.029723936691880226 0 0
175 0 0.029729384928941727 0 0
176 0 0.029725026339292526 0 0
177 0 0.029730474576354027 0 0
178 0 0.029726115986704826 0 0
179 0 0.029731566086411476 0 0
180 0 0.029727205634117126 0 0
181 0 0.029732655733823776 0 0
182 0 0.029728295281529427 0 0
183 0 0.029733745381236076 0 0
184 0 0.029729384928941727 0 0
185 0 0.029734835028648376 0 0
186 0 0.029730474576354027 0 0
187 0 0.029735924676060677 0 0
188 0 0.029731566086411476 0 0
189 0 0.029737014323472977 0 0
190 0 0.029732655733823776 0 0
191 0 0.029738103970885277 0 0
192 0 0.029733745381236076 0 0
193 0 0.029739195480942726 0 0
194 0 0.029734835028648376 0 0
195 0 0.029740285128355026 0 0
196 0 0.029735924676060677 0 0
197 0 0.029741374775767326 0 0
198 0 0.029737014323472977 0 0
199 0 0.029742464423179626 0 0
200 0 0.029738103970885277 0 0
201 0 0.029743554070591927 0 0
202 0 0.029739195480942726 0 0
203 0 0.029744643718004227 0 0
204 0 0.029740285128355026 0 0
205 0 0.029745733365416527 0 0
206 0 0.029741374775767326 0 0
207 0 0.029741374775767326 0 0
208 18 0.029741374775767326 0 0
209 18 0.029887422919273376 0 0
210 18 0.030040010809898376 0 0
211 18 0.030199138447642326 0 0
212 18 0.030364805832505226 0 0
213 18 0.030537011101841927 0 0
214 18 0.030715757980942726 0 0
215 18 0.030901042744517326 0 0
216 18 0.031092867255210876 0 0
217 18 0.031291231513023376 0 0
218 18 0.03149613365530968 0 0
219 18 0.03170757740736008 0 0
220 18 0.031925562769174576 0 0
221 18 0.03215008229017258 0 0
222 18 0.03238114342093468 0 0
223 18 0.032618746161460876 0 0
224 18 0.032862886786460876 0 0
225 18 0.03311356529593468 0 0
226 2 0.03337078541517258 0 0
227 2 0.033634547144174576 0 0
228 2 0.03390484303236008 0 0
229 2 0.03418168053030968 0 0
230 2 0.034465059638023376 0 0
231 2 0.034754976630210876 0 0
232 2 0.03505143150687218 0 0
233 2 0.03535442799329758 0 0
234 2 0.035663966089487076 0 0
235 2 0.03598003834486008 0 0
236 2 0.03630265220999718 0 0
237 2 0.03673220053315163 0 0
238 2 0.037072256207466125 0 0
239 2 0.037421029061079025 0 0
240 2 0.037778519093990326 0 0
241 2 0.038144730031490326 0 0
242 2 0.038519661873579025 0 0
243 2 0.038903310894966125 0 0
244 2 0.03929567709565163 0 0
245 2 0.039696767926216125 0 0
246 2 0.040106575936079025 0 0
247 2 0.040525101125240326 0 0
248 2 0.040952347218990326 0 0
249 2 0.041388314217329025 0 0
250 2 0.041832998394966125 0 0
251 2 0.04228639975190163 0 0
252 2 0.042732831090688705 0 0
253 2 0.043179258704185486 0 0
254 2 0.043625686317682266 0 0
255 2 0.04407211393117905 0 0
256 2 0.044196248054504395 0 0
257 2 0.044196248054504395 0 0
258 2 0.044196248054504395 0 0
259 2 0.044196248054504395 0 0
260 2 0.044196248054504395 0 0
261 2 0.044196248054504395 0 0
262 18 0.044244080781936646 0 0
263 18 0.04429446533322334 0 0
264 18 0.04429446533322334 0 0
265 18 0.04429446533322334 0 0
266 18 0.04429446533322334 0 0
267 18 0.044473208487033844 0 0
268 2 0.044658493250608444 0 0
269 2 0.044850319623947144 0 0
270 2 0.045048683881759644 0 0
271 2 0.045253586024045944 0 0
272 2 0.045465029776096344 0 0
273 2 0.04568301513791084 0 0
274 2 0.04590753838419914 0 0
275 2 0.04613859951496124 0 0
276 2 0.04637620225548744 0 0
277 2 0.04662034288048744 0 0
278 2 0.04687102138996124 0 0
279 2 0.04712824150919914 0 0
280 2 0.04739199951291084 0 0
281 2 0.04766229912638664 0 0
282 2 0.04793913662433624 0 0
283 2 0.04822251573204994 0 0
284 2 0.04851243272423744 0 0
285 2 0.04880888760089874 0 0
286 2 0.04911188408732414 0 0
287 2 0.04942141845822334 0 0
288 18 0.04973749443888664 0 0
289 18 0.05000875145196915 0 0
290 18 0.0499105341732502 0 0
291 18 0.0499105341732502 0 0
292 18 0.0499105341732502 0 0
293 18 0.0502680279314518 0 0
294 2 0.0506342388689518 0 0
295 2 0.0510091669857502 0 0
296 2 0.0513928160071373 0 0
297 2 0.0517851859331131 0 0
298 2 0.0521862730383873 0 0
299 2 0.0525960810482502 0 0
300 2 0.0530146099627018 0 0
301 2 0.0534418560564518 0 0
302 2 0.0538778193295002 0 0
303 2 0.0543225035071373 0 0
304 2 0.0547759085893631 0 0
305 2 0.05522233620285988 0 0
306 2 0.055624820291996 0 0
307 2 0.055672649294137955 0 0
308 2 0.05572303757071495 0 0
309 2 0.05572303757071495 0 0
310 2 0.05572303757071495 0 0
311 2 0.05572303757071495 0 0
312 18 0.05572303757071495 0 0
313 18 0.05572303757071495 0 0
314 18 0.05572303757071495 0 0
315 2 0.05572303757071495 0 0
316 2 0.05572303757071495 0 0
317 2 0.05589524284005165 0 0
318 2 0.05607398971915245 0 0
319 2 0.05625927448272705 0 0
320 2 0.05645110085606575 0 0
321 2 0.05664946511387825 0 0
322 2 0.05685436725616455 0 0
323 2 0.05706581100821495 0 0
324 2 0.05728379264473915 0 0
325 2 0.05750831589102745 0 0
326 2 0.05773937702178955 0 0
327 2 0.05797697976231575 0 0
328 2 0.05822112038731575 0 0
329 2 0.05847179889678955 0 0
330 2 0.05872901901602745 0 0
331 2 0.05899277701973915 0 0
332 2 0.05926307663321495 0 0
333 2 0.05953991413116455 0 0
334 2 0.05982329323887825 0 0
335 2 0.06011321023106575 0 0
336 2 0.06040966510772705 0 0
337 2 0.06071266159415245 0 0
338 2 0.06102219596505165 0 0
339 2 0.06133827194571495 0 0
340 2 0.06166088581085205 0 0
341 2 0.0620904341340065 0 0
342 2 0.0624304860830307 0 0
343 2 0.0627792552113533 0 0
344 2 0.0631367489695549 0 0
345 2 0.0635029599070549 0 0
346 2 0.0638778880238533 0 0
347 2 0.0642615407705307 0 0
348 2 0.0646539106965065 0 0
349 2 0.0650549978017807 0 0
350 2 0.0654648020863533 0 0
351 2 0.0658833310008049 0 0
352 2 0.0663105770945549 0 0
353 2 0.0667465403676033 0 0
354 2 0.0671912282705307 0 0
355 2 0.0676446333527565 0 0
356 2 0.06809105724096298 0 0
357 2 0.06853748857975006 0 0
358 2 0.06898391991853714 0 0
359 2 0.06943034380674362 0 0
360 2 0.0698767751455307 0 0
361 2 0.07032320648431778 0 0
362 2 0.07076963037252426 0 0
363 2 0.07121606171131134 0 0
364 2 0.07166248559951782 0 0
365 2 0.0721089169383049 0 0
366 2 0.07255534827709198 0 0
367 2 0.07300177216529846 0 0
368 18 0.07344820350408554 0 0
369 18 0.07389463484287262 0 0
370 18 0.0743410587310791 0 0
371 18 0.07478749006986618 0 0
372 18 0.07523391395807266 0 0
373 18 0.07568034529685974 0 0
374 18 0.07612677663564682 0 0
375 18 0.0765732005238533 0 0
376 18 0.07701963186264038 0 0
377 18 0.07746606320142746 0 0
378 2 0.07791248708963394 0 0
379 2 0.07835891842842102 0 0
380 2 0.0788053423166275 0 0
381 2 0.07925177365541458 0 0
382 2 0.07969820499420166 0 0
383 2 0.08014462888240814 0 0
384 0 0.08059106022119522 0 0
385 0 0.08102767914533615 0 0
386 0 0.08133910596370697 0 0
387 0 0.08124088495969772 0 0
388 0 0.08124088495969772 0 0
389 1 0.08124088495969772 0 0
390 1 0.08109483867883682 0 0
391 1 0.08094225078821182 0 0
392 1 0.08078312128782272 0 0
393 1 0.08061745762825012 0 0
394 1 0.08044525235891342 0 0
395 1 0.08026650547981262 0 0
396 1 0.08008121699094772 0 0
397 1 0.07988939434289932 0 0
398 0 0.07969103008508682 0 0
399 0 0.07950247824192047 0 0
400 0 0.07932373136281967 0 0
401 0 0.07915479689836502 0 0
402 0 0.07899566739797592 0 0
403 0 0.07884635031223297 0 0
404 0 0.07870683819055557 0 0
405 0 0.07857713848352432 0 0
406 0 0.07845725119113922 0 0
407 0 0.07834716886281967 0 0
408 2 0.07824689894914627 0 0
409 2 0.07839294523000717 0 0
410 2 0.07854553312063217 0 0
411 2 0.07870466262102127 0 0
412 2 0.07887032628059387 0 0
413 2 0.07904253154993057 0 0
414 0 0.07922127842903137 0 0
415 0 0.07939021289348602 0 0
416 0 0.07954934239387512 0 0
417 0 0.07969865947961807 0 0
418 0 0.07983817160129547 0 0
419 0 0.07996787130832672 0 0
420 0 0.08008775860071182 0 0
421 0 0.08019784092903137 0 0
422 1 0.08029811084270477 0 0
423 1 0.08015206456184387 0 0
424 1 0.07999947667121887 0 0
425 1 0.07984034717082977 0 0
426 0 0.07967468351125717 0 0
427 0 0.07951882481575012 0 0
428 0 0.07937277853488922 0 0
429 0 0.07923653721809387 0 0
430 0 0.07911010831594467 0 0
431 0 0.07899348437786102 0 0
432 0 0.07888667285442352 0 0
433 0 0.07878967374563217 0 0
434 0 0.07870247960090637 0 0
435 0 0.07862509787082672 0 0
436 0 0.07855752110481262 0 0
437 0 0.07849975675344467 0 0
438 0 0.07845179736614227 0 0
439 0 0.07841365039348602 0 0
440 2 0.07838531583547592 0 0
441 2 0.07853136211633682 0 0
442 2 0.07868395000696182 0 0
443 2 0.07884307950735092 0 0
444 0 0.07900874316692352 0 0
445 0 0.07916460186243057 0 0
446 0 0.07931064814329147 0 0
447 0 0.07944688946008682 0 0
448 0 0.07957331836223602 0 0
449 0 0.07968994230031967 0 0
450 0 0.07979675382375717 0 0
451 0 0.07979675382375717 0 0
452 1 0.07979675382375717 0 0
453 1 0.07965070754289627 0 0
454 17 0.07949811965227127 0 0
455 17 0.07933899015188217 0 0
456 17 0.07917331904172897 0 0
457 17 0.07900111377239227 0 0
458 17 0.07882236689329147 0 0
459 18 0.07863708585500717 0 0
460 18 0.07846488058567047 0 0
461 18 0.07830575108528137 0 0
462 18 0.07815970480442047 0 0
463 18 0.07802673429250717 0 0
464 18 0.07817278057336807 0 0
465 18 0.07832536846399307 0 0
466 18 0.07848449796438217 0 0
467 18 0.07865016162395477 0 0
468 18 0.07882236689329147 0 0
469 18 0.07900111377239227 0 0
470 18 0.07918640226125717 0 0
471 18 0.07937822490930557 0 0
472 18 0.07957658916711807 0 0
473 18 0.07978149503469467 0 0
474 18 0.07999293506145477 0 0
475 18 0.08021091669797897 0 0
476 18 0.08043543994426727 0 0
477 18 0.08066650480031967 0 0
478 2 0.08090410381555557 0 0
479 2 0.08114824444055557 0 0
480 0 0.08139892667531967 0 0
481 0 0.08143732696771622 0 0
482 0 0.08143732696771622 0 0
483 0 0.08143732696771622 0 0
484 0 0.08143732696771622 0 0
485 0 0.08143732696771622 0 0
486 0 0.08143732696771622 0 0
487 0 0.08143732696771622 0 0
488 0 0.08143732696771622 0 0
489 0 0.08143732696771622 0 0
490 0 0.08143732696771622 0 0
491 0 0.08143732696771622 0 0
492 0 0.08143732696771622 0 0
493 0 0.08143732696771622 0 0
494 0 0.08143732696771622 0 0
495 0 0.08143732696771622 0 0
496 0 0.08143732696771622 0 0
497 0 0.08143732696771622 0 0
498 0 0.08143732696771622 0 0
499 0 0.08143732696771622 0 0
500 0 0.08143732696771622 0 0
501 0 0.08143732696771622 0 0
502 0 0.08143732696771622 0 0
503 0 0.08143732696771622 0 0
504 0 0.08143732696771622 0 0
505 0 0.08143732696771622 0 0
506 0 0.08143732696771622 0 0
507 0 0.08143732696771622 0 0
508 2 0.08143732696771622 0 0
509 2 0.08158337324857712 0 0
510 2 0.08173596113920212 0 0
511 2 0.08189509063959122 0 0
512 2 0.08206075429916382 0 0
513 2 0.08223295956850052 0 0
514 2 0.08241170644760132 0 0
515 2 0.08259699493646622 0 0
516 2 0.08278881758451462 0 0
517 2 0.08298718184232712 0 0
518 2 0.08319208770990372 0 0
519 0 0.08340352773666382 0 0
520 0 0.08360516279935837 0 0
521 0 0.08379698544740677 0 0
522 0 0.08397900313138962 0 0
523 0 0.08415120840072632 0 0
524 0 0.08431360870599747 0 0
525 0 0.08446619659662247 0 0
526 0 0.08460897207260132 0 0
527 0 0.08474194258451462 0 0
528 2 0.08486510068178177 0 0
529 2 0.08501114696264267 0 0
530 2 0.08516373485326767 0 0
531 0 0.08532286435365677 0 0
532 0 0.08547218143939972 0 0
533 0 0.08561169356107712 0 0
534 0 0.08574139326810837 0 0
535 0 0.08586128056049347 0 0
536 0 0.08597136288881302 0 0
537 0 0.08597136288881302 0 0
538 0 0.08597136288881302 0 0
539 0 0.08597136288881302 0 0
540 2 0.08597136288881302 0 0
541 2 0.08611740916967392 0 0
542 0 0.08626999706029892 0 0
543 0 0.08641277998685837 0 0
544 0 0.08654575049877167 0 0
545 0 0.08713410794734955 0 0
546 0 0.08713410794734955 0 0
547 0 0.08713410794734955 0 0
548 2 0.08713410794734955 0 0
549 2 0.08728015422821045 0 0
550 0 0.08743274211883545 0 0
551 0 0.0875755175948143 0 0
552 0 0.0877084881067276 0 0
553 0 0.08783164620399475 0 0
554 0 0.08794499933719635 0 0
555 0 0.0880485400557518 0 0
556 0 0.0881422758102417 0 0
557 0 0.08822619915008545 0 0
558 0 0.08830031007528305 0 0
559 0 0.0883646160364151 0 0
560 0 0.0883646160364151 0 0
561 0 0.0883646160364151 0 0
562 0 0.0883646160364151 0 0
563 0 0.0883646160364151 0 0
564 0 0.0883646160364151 0 0
565 0 0.0883646160364151 0 0
566 0 0.0883646160364151 0 0
567 0 0.0883646160364151 0 0
568 2 0.0883646160364151 0 0
569 2 0.088510662317276 0 0
570 2 0.088663250207901 0 0
571 2 0.0888223797082901 0 0
572 2 0.0889880508184433 0 0
573 2 0.08916025608778 0 0
574 18 0.0893390029668808 0 0
575 18 0.0895242840051651 0 0
576 18 0.0897161066532135 0 0
577 18 0.089914470911026 0 0
578 18 0.0901193767786026 0 0
579 18 0.0903308242559433 0 0
580 18 0.0905488058924675 0 0
581 18 0.0907733291387558 0 0
582 18 0.0910043865442276 0 0
583 18 0.0912419855594635 0 0
584 2 0.0914861261844635 0 0
585 2 0.0917368084192276 0 0
586 2 0.0919940322637558 0 0
587 2 0.0922577902674675 0 0
588 2 0.0925280898809433 0 0
589 2 0.0928049236536026 0 0
590 2 0.093088299036026 0 0
591 2 0.0933782160282135 0 0
592 2 0.0936746746301651 0 0
593 2 0.0939776748418808 0 0
594 2 0.09428720921278 0 0
595 2 0.0946032851934433 0 0
596 2 0.0949258953332901 0 0
597 2 0.09535544365644455 0 0
598 2 0.09569549560546875 0 0
599 0 0.09604426473379135 0 0
600 0 0.0963832288980484 0 0
601 0 0.0967123880982399 0 0
602 2 0.09703172743320465 0 0
603 2 0.09725940227508545 0 0
604 2 0.09769221395254135 0 0
605 2 0.0980355367064476 0 0
606 2 0.09838758409023285 0 0
607 2 0.0987483412027359 0 0
608 2 0.09911782294511795 0 0
609 2 0.0994960218667984 0 0
610 2 0.09988294541835785 0 0
611 0 0.1002785786986351 0 0
612 0 0.1006644144654274 0 0
613 0 0.10104043036699295 0 0
614 0 0.10140664130449295 0 0
615 0 0.1017630472779274 0 0
616 0 0.1021096333861351 0 0
617 0 0.10244642198085785 0 0
618 0 0.10277339071035385 0 0
619 0 0.1030905619263649 0 0
620 0 0.10329969972372055 0 0
621 0 0.1035972461104393 0 0
622 0 0.1038849875330925 0 0
623 0 0.10416291654109955 0 0
624 0 0.10443103313446045 0 0
625 0 0.1046893447637558 0 0
626 0 0.104937843978405 0 0
627 0 0.10517653077840805 0 0
628 0 0.10540541261434555 0 0
629 0 0.1056244894862175 0 0
630 0 0.1058337539434433 0 0
631 0 0.10603320598602295 0 0
632 0 0.10622285306453705 0 0
633 0 0.106402687728405 0 0
634 0 0.1065727099776268 0 0
635 0 0.10673292726278305 0 0
636 0 0.10688333958387375 0 0
637 0 0.1070239394903183 0 0
638 2 0.1071547269821167 0 0
639 2 0.1073007732629776 0 0
640 2 0.1074533611536026 0 0
641 2 0.1076124906539917 0 0
642 2 0.1077781543135643 0 0
643 2 0.107950359582901 0 0
644 2 0.1081291064620018 0 0
645 2 0.1083143949508667 0 0
646 2 0.1085062175989151 0 0
647 2 0.1087045818567276 0 0
648 2 0.1089094877243042 0 0
649 2 0.1091209277510643 0 0
650 2 0.1093389093875885 0 0
651 2 0.1095634326338768 0 0
652 0 0.1097944974899292 0 0
653 0 0.11001574993133545 0 0
654 0 0.11022718995809555 0 0
655 0 0.1104288250207901 0 0
656 0 0.1106206476688385 0 0
657 0 0.11080266535282135 0 0
658 0 0.11097487062215805 0 0
659 0 0.1111372709274292 0 0
660 0 0.1112898588180542 0 0
661 0 0.11143263429403305 0 0
662 2 0.11156560480594635 0 0
663 2 0.11171165108680725 0 0
664 0 0.11186423897743225 0 0
665 0 0.1120070219039917 0 0
666 0 0.112139992415905 0 0
667 0 0.112139992415905 0 0
668 0 0.112139992415905 0 0
669 2 0.112139992415905 0 0
670 2 0.1122860386967659 0 0
671 2 0.1124386265873909 0 0
672 0 0.11259775608778 0 0
673 0 0.11274707317352295 0 0
674 0 0.11288657784461975 0 0
675 0 0.113016277551651 0 0
676 0 0.113016277551651 0 0
677 0 0.113016277551651 0 0
678 0 0.113016277551651 0 0
679 0 0.113016277551651 0 0
680 0 0.113016277551651 0 0
681 0 0.113016277551651 0 0
682 0 0.113016277551651 0 0
683 0 0.113016277551651 0 0
684 0 0.113016277551651 0 0
685 2 0.113016277551651 0 0
686 2 0.1131623312830925 0 0
687 2 0.1133149191737175 0 0
688 0 0.113474041223526 0 0
689 0 0.11362336575984955 0 0
690 0 0.11376287043094635 0 0
691 0 0.1138925701379776 0 0
692 0 0.1138925701379776 0 0
693 0 0.1138925701379776 0 0
694 0 0.1138925701379776 0 0
695 2 0.1138925701379776 0 0
696 2 0.1140386164188385 0 0
697 2 0.1141912043094635 0 0
698 0 0.1143503338098526 0 0
699 0 0.11449965089559555 0 0
700 0 0.11463916301727295 0 0
701 0 0.1147688627243042 0 0
702 2 0.1147688627243042 0 0
703 2 0.1149149090051651 0 0
704 2 0.1150674968957901 0 0
705 2 0.1152266263961792 0 0
706 2 0.1153922900557518 0 0
707 2 0.1155644953250885 0 0
708 2 0.1157432422041893 0 0
709 0 0.1159285306930542 0 0
710 0 0.11610400676727295 0 0
711 0 0.11626967042684555 0 0
712 0 0.1164255291223526 0 0
713 0 0.1165715754032135 0 0
714 0 0.11670781672000885 0 0
715 2 0.11670781672000885 0 0
716 2 0.11685386300086975 0 0
717 2 0.11700645089149475 0 0
718 2 0.11716558039188385 0 0
719 2 0.11733125150203705 0 0
720 2 0.11750345677137375 0 0
721 2 0.11768220365047455 0 0
722 0 0.11786748468875885 0 0
723 0 0.1180429607629776 0 0
724 0 0.1182086318731308 0 0
725 2 0.11836448311805725 0 0
726 2 0.1185268834233284 0 0
727 2 0.11869581788778305 0 0
728 2 0.1188712939620018 0 0
729 2 0.11905331164598465 0 0
730 0 0.119241863489151 0 0
731 0 0.1194206103682518 0 0
732 0 0.11958955228328705 0 0
733 0 0.11974867433309555 0 0
734 0 0.1198979914188385 0 0
735 0 0.1200375035405159 0 0
736 0 0.12016720324754715 0 0
737 0 0.12016720324754715 0 0
738 0 0.12016720324754715 0 0
739 2 0.12016720324754715 0 0
740 2 0.12031324952840805 0 0
741 2 0.12046583741903305 0 0
742 2 0.12062496691942215 0 0
743 2 0.12079063057899475 0 0
744 0 0.12096284329891205 0 0
745 0 0.1211252361536026 0 0
746 0 0.1212778240442276 0 0
747 0 0.12142060697078705 0 0
748 0 0.12155357003211975 0 0
749 0 0.12155357003211975 0 0
750 2 0.12155357003211975 0 0
751 2 0.12169962376356125 0 0
752 2 0.12185221165418625 0 0
753 2 0.12201133370399475 0 0
754 2 0.12217700481414795 0 0
755 2 0.12234921008348465 0 0
756 2 0.12252795696258545 0 0
757 2 0.12271323800086975 0 0
758 0 0.12290506809949875 0 0
759 0 0.123087078332901 0 0
760 0 0.1232592910528183 0 0
761 0 0.12342168390750885 0 0
762 0 0.12357427179813385 0 0
763 0 0.1237170547246933 0 0
764 0 0.123850017786026 0 0
765 0 0.123850017786026 0 0
766 0 0.123850017786026 0 0
767 0 0.123850017786026 0 0
768 0 0.123850017786026 0 0
769 0 0.123850017786026 0 0
770 0 0.123850017786026 0 0
771 0 0.123850017786026 0 0
772 0 0.123850017786026 0 0
773 0 0.123850017786026 0 0
774 0 0.123850017786026 0 0
775 0 0.123850017786026 0 0
776 2 0.123850017786026 0 0
777 2 0.1239960715174675 0 0
778 2 0.1241486594080925 0 0
779 2 0.124307781457901 0 0
780 0 0.1244734525680542 0 0
781 0 0.12462931126356125 0 0
782 0 0.12477535754442215 0 0
783 0 0.1249115988612175 0 0
784 0 0.1249115988612175 0 0
785 0 0.1249115988612175 0 0
786 0 0.1249115988612175 0 0
787 0 0.1249115988612175 0 0
788 0 0.1249115988612175 0 0
789 0 0.1249115988612175 0 0
790 0 0.1249115988612175 0 0
791 0 0.1249115988612175 0 0
792 0 0.1249115988612175 0 0
793 0 0.1249115988612175 0 0
794 2 0.1249115988612175 0 0
795 2 0.125057652592659 0 0
796 2 0.125210240483284 0 0
797 2 0.1253693550825119 0 0
798 2 0.1255350261926651 0 0
799 2 0.1257072389125824 0 0
800 2 0.1258859783411026 0 0
801 2 0.1260712593793869 0 0
802 2 0.1262630969285965 0 0
803 2 0.126461461186409 0 0
804 0 0.1266663521528244 0 0
805 0 0.12686145305633545 0 0
806 0 0.12704673409461975 0 0
807 0 0.1272222101688385 0 0
808 0 0.1273878812789917 0 0
809 0 0.12754373252391815 0 0
810 0 0.12768979370594025 0 0
811 0 0.1278260201215744 0 0
812 0 0.1278260201215744 0 0
813 0 0.1278260201215744 0 0
814 0 0.1278260201215744 0 0
815 0 0.1278260201215744 0 0
816 2 0.1278260201215744 0 0
817 2 0.1279720813035965 0 0
818 2 0.1281246691942215 0 0
819 2 0.1282837837934494 0 0
820 2 0.1284494549036026 0 0
821 2 0.1286216676235199 0 0
822 0 0.1288004070520401 0 0
823 0 0.12896934151649475 0 0
824 0 0.12912847101688385 0 0
825 0 0.1292777955532074 0 0
826 0 0.1294173002243042 0 0
827 0 0.12954699993133545 0 0
828 0 0.12954699993133545 0 0
829 0 0.12954699993133545 0 0
830 0 0.12954699993133545 0 0
831 0 0.12954699993133545 0 0
832 0 0.12954699993133545 0 0
833 0 0.12954699993133545 0 0
834 2 0.12954699993133545 0 0
835 2 0.12969304621219635 0 0
836 2 0.12984563410282135 0 0
837 2 0.13000476360321045 0 0
838 0 0.13017043471336365 0 0
839 0 0.1303262859582901 0 0
840 0 0.130472332239151 0 0
841 0 0.13060857355594635 0 0
842 0 0.13060857355594635 0 0
843 0 0.13060857355594635 0 0
844 0 0.13060857355594635 0 0
845 0 0.13060857355594635 0 0
846 0 0.13060857355594635 0 0
847 0 0.13060857355594635 0 0
848 0 0.13060857355594635 0 0
849 0 0.13060857355594635 0 0
850 0 0.13060857355594635 0 0
851 0 0.13060857355594635 0 0
852 2 0.13060857355594635 0 0
853 2 0.13075461983680725 0 0
854 2 0.13090720772743225 0 0
855 2 0.13106633722782135 0 0
856 2 0.13123200833797455 0 0
857 2 0.13140420615673065 0 0
858 2 0.13158296048641205 0 0
859 2 0.13176824152469635 0 0
860 0 0.13196006417274475 0 0
861 0 0.1321420818567276 0 0
862 0 0.1323142945766449 0 0
863 0 0.13247668743133545 0 0
864 0 0.13262927532196045 0 0
865 0 0.1327720582485199 0 0
866 0 0.1329050213098526 0 0
867 0 0.1329050213098526 0 0
868 0 0.1329050213098526 0 0
869 0 0.1329050213098526 0 0
870 0 0.1329050213098526 0 0
871 0 0.1329050213098526 0 0
872 0 0.1329050213098526 0 0
873 0 0.1329050213098526 0 0
874 0 0.1329050213098526 0 0
875 0 0.1329050213098526 0 0
876 0 0.1329050213098526 0 0
877 0 0.1329050213098526 0 0
878 0 0.1329050213098526 0 0
879 0 0.1329050213098526 0 0
880 0 0.1329050213098526 0 0
881 0 0.1329050213098526 0 0
882 0 0.1329050213098526 0 0
883 0 0.1329050213098526 0 0
884 0 0.1329050213098526 0 0
885 0 0.1329050213098526 0 0
886 0 0.1329050213098526 0 0
887 0 0.1329050213098526 0 0
888 0 0.1329050213098526 0 0
889 0 0.1329050213098526 0 0
890 0 0.1329050213098526 0 0
891 0 0.1329050213098526 0 0
892 0 0.1329050213098526 0 0
893 0 0.1329050213098526 0 0
894 0 0.1329050213098526 0 0
895 0 0.1329050213098526 0 0
896 0 0.1329050213098526 0 0
897 0 0.1329050213098526 0 0
898 0 0.1329050213098526 0 0
899 0 0.1329050213098526 0 0
900 0 0.1329050213098526 0 0
901 0 0.1329050213098526 0 0
902 0 0.1329050213098526 0 0
903 0 0.1329050213098526 0 0
904 0 0.1329050213098526 0 0
905 0 0.1329050213098526 0 0
906 0 0.1329050213098526 0 0
907 1 0.1329050213098526 0 0
908 1 0.1327589750289917 0 0
909 1 0.1326063871383667 0 0
910 1 0.1324472576379776 0 0
911 1 0.1322815865278244 0 0
912 1 0.1321093887090683 0 0
913 1 0.1319306343793869 0 0
914 1 0.1317453533411026 0 0
915 0 0.1315535306930542 0 0
916 0 0.13137151300907135 0 0
917 0 0.13119931519031525 0 0
918 2 0.1310369074344635 0 0
919 2 0.13088759779930115 0 0
920 2 0.1307513564825058 0 0
921 2 0.1308974027633667 0 0
922 2 0.1310499906539917 0 0
923 2 0.1312091201543808 0 0
924 2 0.131374791264534 0 0
925 2 0.1315469890832901 0 0
926 2 0.1317257434129715 0 0
927 2 0.1319110244512558 0 0
928 2 0.1321028470993042 0 0
929 2 0.1323012113571167 0 0
930 2 0.1325061172246933 0 0
931 2 0.132717564702034 0 0
932 2 0.1329355388879776 0 0
933 2 0.1331600695848465 0 0
934 2 0.1333911269903183 0 0
935 2 0.1336287260055542 0 0
936 2 0.1338728666305542 0 0
937 2 0.1341235488653183 0 0
938 2 0.1343807727098465 0 0
939 2 0.1346445232629776 0 0
940 2 0.134914830327034 0 0
941 2 0.1351916640996933 0 0
942 2 0.1354750394821167 0 0
943 2 0.1357649564743042 0 0
944 2 0.1360614150762558 0 0
945 2 0.1363644152879715 0 0
946 2 0.1366739422082901 0 0
947 2 0.136990025639534 0 0
948 2 0.1373126357793808 0 0
949 2 0.13774217665195465 0 0
950 2 0.13808223605155945 0 0
951 2 0.13843099772930145 0 0
952 2 0.13878849148750305 0 0
953 2 0.13915470242500305 0 0
954 2 0.13952963054180145 0 0
955 2 0.13991329073905945 0 0
956 18 0.14030565321445465 0 0
957 18 0.14070674777030945 0 0
958 18 0.14111654460430145 0 0
959 18 0.14153507351875305 0 0
960 18 0.14196231961250305 0 0
961 18 0.14239828288555145 0 0
962 18 0.14284297823905945 0 0
963 18 0.14329637587070465 0 0
964 18 0.14374279975891113 0 0
965 18 0.1441892385482788 0 0
966 18 0.1446356624364853 0 0
967 18 0.14508208632469177 0 0
968 18 0.14552852511405945 0 0
969 18 0.14597494900226593 0 0
970 18 0.1464213728904724 0 0
971 18 0.1468678116798401 0 0
972 18 0.14731423556804657 0 0
973 18 0.14776065945625305 0 0
974 18 0.14820709824562073 0 0
975 18 0.1486535221338272 0 0
976 18 0.1490999460220337 0 0
977 18 0.14954638481140137 0 0
978 18 0.14999280869960785 0 0
979 18 0.15043923258781433 0 0
980 2 0.1508856564760208 0 0
981 0 0.1513320952653885 0 0
982 0 0.15176871418952942 0 0
983 0 0.1521955281496048 0 0
984 0 0.15261252224445343 0 0
985 0 0.1530197113752365 0 0
986 0 0.15341709554195404 0 0
987 0 0.15380467474460602 0 0
988 0 0.15418243408203125 0 0
989 0 0.15455038845539093 0 0
990 0 0.15490853786468506 0 0
991 0 0.15525686740875244 0 0
992 0 0.15559539198875427 0 0
993 0 0.15592411160469055 0 0
994 0 0.15624302625656128 0 0
995 0 0.1564539074897766 0 0
996 0 0.15675319731235504 0 0
997 0 0.15704268217086792 0 0
998 0 0.15732236206531525 0 0
999 0 0.15759222209453583 0 0
1000 0 0.15785227715969086 0 0
1001 0 0.15810251235961914 0 0
1002 0 0.15834294259548187 0 0
1003 0 0.15857358276844025 0 0
1004 0 0.15879438817501068 0 0
1005 0 0.15900540351867676 0 0
1006 0 0.1592065989971161 0 0
1007 0 0.15939798951148987 0 0
1008 0 0.1595795601606369 0 0
1009 0 0.15975134074687958 0 0
1010 0 0.1599133014678955 0 0
1011 0 0.1600654423236847 0 0
1012 0 0.16020779311656952 0 0
1013 0 0.1603403240442276 0 0
1014 0 0.16046305000782013 0 0
1015 0 0.1605759710073471 0 0
1016 0 0.16067907214164734 0 0
1017 0 0.16077236831188202 0 0
1018 0 0.16085585951805115 0 0
1019 0 0.16092953085899353 0 0
1020 0 0.16099339723587036 0 0
1021 0 0.16104745864868164 0 0
1022 0 0.16109171509742737 0 0
1023 0 0.16112615168094635 0 0
1024 2 0.16115078330039978 0 0
1025 2 0.16129682958126068 0 0
1026 2 0.16144941747188568 0 0
1027 2 0.16160854697227478 0 0
1028 2 0.16177421808242798 0 0
1029 2 0.16194641590118408 0 0
1030 2 0.16212517023086548 0 0
1031 2 0.16231045126914978 0 0
1032 2 0.16250227391719818 0 0
1033 2 0.16270063817501068 0 0
1034 2 0.16290554404258728 0 0
1035 2 0.16311699151992798 0 0
1036 2 0.16333496570587158 0 0
1037 2 0.16355949640274048 0 0
1038 2 0.16379055380821228 0 0
1039 2 0.16402815282344818 0 0
1040 2 0.16427229344844818 0 0
1041 2 0.16452297568321228 0 0
1042 2 0.16478019952774048 0 0
1043 2 0.16504395008087158 0 0
1044 2 0.16531425714492798 0 0
1045 2 0.16559109091758728 0 0
1046 18 0.16587446630001068 0 0
1047 18 0.16616438329219818 0 0
1048 18 0.16646084189414978 0 0
1049 18 0.16676384210586548 0 0
1050 18 0.16707336902618408 0 0
1051 18 0.16738945245742798 0 0
1052 18 0.16771206259727478 0 0
1053 18 0.16814160346984863 0 0
1054 18 0.16848166286945343 0 0
1055 18 0.16883043944835663 0 0
1056 18 0.16918793320655823 0 0
1057 18 0.16955414414405823 0 0
1058 18 0.16992907226085663 0 0
1059 18 0.17031271755695343 0 0
1060 18 0.17070508003234863 0 0
1061 18 0.17110617458820343 0 0
1062 18 0.17151598632335663 0 0
1063 18 0.17193451523780823 0 0
1064 18 0.17236176133155823 0 0
1065 18 0.17279772460460663 0 0
1066 18 0.17324240505695343 0 0
1067 18 0.17369580268859863 0 0
1068 18 0.1741422414779663 0 0
1069 18 0.1745886653661728 0 0
1070 18 0.17503508925437927 0 0
1071 18 0.17548152804374695 0 0
1072 2 0.17592795193195343 0 0
1073 2 0.1763743758201599 0 0
1074 2 0.1768208146095276 0 0
1075 2 0.17726723849773407 0 0
1076 2 0.17771366238594055 0 0
1077 2 0.17816010117530823 0 0
1078 2 0.1786065250635147 0 0
1079 2 0.1790529489517212 0 0
1080 2 0.17949938774108887 0 0
1081 2 0.17994581162929535 0 0
1082 2 0.18039223551750183 0 0
1083 2 0.1808386594057083 0 0
1084 2 0.181285098195076 0 0
1085 2 0.18173152208328247 0 0
1086 2 0.18217794597148895 0 0
1087 2 0.18262438476085663 0 0
1088 2 0.1830708086490631 0 0
1089 2 0.1835172325372696 0 0
1090 2 0.18396367132663727 0 0
1091 2 0.18441009521484375 0 0
1092 2 0.18485651910305023 0 0
1093 2 0.1853029578924179 0 0
1094 2 0.1857493817806244 0 0
1095 0 0.18619580566883087 0 0
1096 0 0.1866324245929718 0 0
1097 0 0.18705923855304718 0 0
1098 0 0.1874762326478958 0 0
1099 0 0.1878834366798401 0 0
1100 0 0.18828082084655762 0 0
1101 0 0.1886683851480484 0 0
1102 0 0.18904614448547363 0 0
1103 0 0.1894140988588333 0 0
1104 0 0.18977224826812744 0 0
1105 0 0.19012059271335602 0 0
1106 0 0.19045911729335785 0 0
1107 2 0.19078783690929413 0 0
1108 2 0.1911252737045288 0 0
1109 2 0.1914714276790619 0 0
1110 2 0.19182629883289337 0 0
1111 2 0.19218990206718445 0 0
1112 18 0.19256220757961273 0 0
1113 18 0.1929432451725006 0 0
1114 18 0.1933329999446869 0 0
1115 18 0.19373147189617157 0 0
1116 18 0.19413866102695465 0 0
1117 18 0.19455456733703613 0 0
1118 18 0.1949792057275772 0 0
1119 18 0.1954125612974167 0 0
1120 2 0.19585461914539337 0 0
1121 2 0.19630540907382965 0 0
1122 0 0.19675183296203613 0 0
1123 0 0.19718845188617706 0 0
1124 0 0.19761526584625244 0 0
1125 0 0.19803227484226227 0 0
1126 0 0.19843946397304535 0 0
1127 0 0.19883684813976288 0 0
1128 0 0.19922441244125366 0 0
1129 0 0.1996021866798401 0 0
1130 0 0.19997014105319977 0 0
1131 0 0.2003282755613327 0 0
1132 0 0.20067662000656128 0 0
1133 0 0.2010151445865631 0 0
1134 0 0.2013438642024994 0 0
1135 0 0.20166277885437012 0 0
1136 0 0.20187364518642426 0 0
1137 0 0.20217293500900269 0 0
1138 0 0.20246241986751556 0 0
1139 0 0.2027420848608017 0 0
1140 0 0.20301195979118347 0 0
1141 0 0.2032720148563385 0 0
1142 0 0.20352225005626678 0 0
1143 0 0.20376268029212952 0 0
1144 0 0.2039933055639267 0 0
1145 0 0.20421412587165833 0 0
1146 0 0.2044251412153244 0 0
1147 0 0.20462633669376373 0 0
1148 0 0.2048177272081375 0 0
1149 1 0.20499929785728455 0 0
1150 1 0.20516780018806458 0 0
1151 1 0.2053232192993164 0 0
1152 0 0.20546557009220123 0 0
1153 0 0.20559810101985931 0 0
1154 1 0.20559810101985931 0 0
1155 1 0.2054520547389984 0 0
1156 0 0.2052994668483734 0 0
1157 0 0.20515668392181396 0 0
1158 0 0.20502372086048126 0 0
1159 0 0.20502372086048126 0 0
1160 0 0.20502372086048126 0 0
1161 0 0.20502372086048126 0 0
1162 0 0.20502372086048126 0 0
1163 0 0.20502372086048126 0 0
1164 0 0.20502372086048126 0 0
1165 0 0.20502372086048126 0 0
1166 0 0.20502372086048126 0 0
1167 0 0.20502372086048126 0 0
1168 0 0.20502372086048126 0 0
1169 0 0.20502372086048126 0 0
1170 0 0.20502372086048126 0 0
1171 0 0.20502372086048126 0 0
1172 0 0.20502372086048126 0 0
1173 0 0.20502372086048126 0 0
1174 0 0.20502372086048126 0 0
1175 2 0.20502372086048126 0 0
1176 2 0.20516976714134216 0 0
1177 2 0.20532235503196716 0 0
1178 2 0.20548148453235626 0 0
1179 2 0.20564714074134827 0 0
1180 2 0.20581935346126556 0 0
1181 2 0.20599809288978577 0 0
1182 2 0.20618338882923126 0 0
1183 2 0.20637521147727966 0 0
1184 2 0.20657357573509216 0 0
1185 2 0.20677848160266876 0 0
1186 18 0.20698991417884827 0 0
1187 18 0.20720790326595306 0 0
1188 18 0.20743241906166077 0 0
1189 18 0.20766349136829376 0 0
1190 18 0.20790109038352966 0 0
1191 18 0.20814523100852966 0 0
1192 18 0.20839591324329376 0 0
1193 18 0.20865312218666077 0 0
1194 18 0.20891688764095306 0 0
1195 18 0.20918717980384827 0 0
1196 18 0.20946402847766876 0 0
1197 18 0.20974740386009216 0 0
1198 18 0.21003732085227966 0 0
1199 18 0.21033377945423126 0 0
1200 18 0.21063676476478577 0 0
1201 18 0.21094630658626556 0 0
1202 18 0.21126237511634827 0 0
1203 18 0.21158500015735626 0 0
1204 18 0.2120145559310913 0 0
1205 18 0.2123546004295349 0 0
1206 18 0.2127033770084381 0 0
1207 18 0.2130608707666397 0 0
1208 18 0.2134270817041397 0 0
1209 18 0.2138020098209381 0 0
1210 18 0.2141856551170349 0 0
1211 18 0.2145780324935913 0 0
1212 2 0.2149791121482849 0 0
1213 2 0.2153889238834381 0 0
1214 2 0.2158074527978897 0 0
1215 2 0.2162346988916397 0 0
1216 0 0.2166706621646881 0 0
1217 0 0.21709682047367096 0 0
1218 0 0.21751315891742706 0 0
1219 0 0.2179197072982788 0 0
1220 0 0.2183164358139038 0 0
1221 0 0.21870334446430206 0 0
1222 0 0.21908046305179596 0 0
1223 0 0.2194477617740631 0 0
1224 0 0.2198052555322647 0 0
1225 0 0.22015292942523956 0 0
1226 0 0.22049081325531006 0 0
1227 0 0.2208188772201538 0 0
1228 0 0.2211371213197708 0 0
1229 0 0.22134734690189362 0 0
1230 1 0.22164598107337952 0 0
1231 1 0.2219315469264984 0 0
1232 1 0.2222040295600891 0 0
1233 1 0.2224634289741516 0 0
1234 0 0.2227097451686859 0 0
1235 0 0.22294625639915466 0 0
1236 0 0.22317296266555786 0 0
1237 0 0.22338984906673431 0 0
1238 0 0.22359693050384521 0 0
1239 0 0.22379420697689056 0 0
1240 0 0.22398167848587036 0 0
1241 0 0.2241593301296234 0 0
1242 0 0.2243271768093109 0 0
1243 0 0.22448521852493286 0 0
1244 0 0.22463344037532806 0 0
1245 0 0.22477185726165771 0 0
1246 1 0.22490046918392181 0 0
1247 1 0.2247544229030609 0 0
1248 0 0.2246018350124359 0 0
1249 0 0.22445905208587646 0 0
1250 0 0.22432608902454376 0 0
1251 0 0.22432608902454376 0 0
1252 0 0.22432608902454376 0 0
1253 0 0.22432608902454376 0 0
1254 0 0.22432608902454376 0 0
1255 0 0.22432608902454376 0 0
1256 0 0.22432608902454376 0 0
1257 0 0.22432608902454376 0 0
1258 0 0.22432608902454376 0 0
1259 0 0.22432608902454376 0 0
1260 0 0.22432608902454376 0 0
1261 0 0.22432608902454376 0 0
1262 0 0.22432608902454376 0 0
1263 0 0.22432608902454376 0 0
1264 2 0.22432608902454376 0 0
1265 2 0.22447213530540466 0 0
1266 2 0.22462472319602966 0 0
1267 2 0.22478385269641876 0 0
1268 2 0.22494950890541077 0 0
1269 2 0.22512172162532806 0 0
1270 2 0.22530046105384827 0 0
1271 2 0.22548575699329376 0 0
1272 2 0.22567757964134216 0 0
1273 2 0.22587594389915466 0 0
1274 2 0.22608084976673126 0 0
1275 18 0.22629228234291077 0 0
1276 18 0.22651027143001556 0 0
1277 18 0.22673478722572327 0 0
1278 18 0.22696585953235626 0 0
1279 18 0.22720345854759216 0 0
1280 18 0.22744759917259216 0 0
1281 18 0.22769828140735626 0 0
1282 18 0.22795549035072327 0 0
1283 18 0.22821925580501556 0 0
1284 18 0.22848954796791077 0 0
1285 18 0.22876639664173126 0 0
1286 18 0.22904977202415466 0 0
1287 18 0.22933968901634216 0 0
1288 18 0.22963614761829376 0 0
1289 18 0.22993913292884827 0 0
1290 18 0.23024867475032806 0 0
1291 18 0.23056474328041077 0 0
1292 18 0.23088736832141876 0 0
1293 18 0.2313169240951538 0 0
1294 2 0.2316569685935974 0 0
1295 2 0.2320057451725006 0 0
1296 2 0.2323632389307022 0 0
1297 2 0.2327294498682022 0 0
1298 2 0.2331043779850006 0 0
1299 2 0.2334880232810974 0 0
1300 2 0.2338804006576538 0 0
1301 2 0.2342814803123474 0 0
1302 2 0.2346912920475006 0 0
1303 2 0.2351098209619522 0 0
1304 2 0.2355370670557022 0 0
1305 0 0.2359730303287506 0 0
1306 0 0.23639918863773346 0 0
1307 0 0.23681552708148956 0 0
1308 0 0.2372220754623413 0 0
1309 0 0.2376188039779663 0 0
1310 0 0.23800571262836456 0 0
1311 0 0.23838283121585846 0 0
1312 0 0.2387501299381256 0 0
1313 0 0.2391076236963272 0 0
1314 0 0.23945529758930206 0 0
1315 0 0.23979318141937256 0 0
1316 0 0.2401212453842163 0 0
1317 0 0.2404394894838333 0 0
1318 0 0.24064971506595612 0 0
1319 0 0.24094834923744202 0 0
1320 0 0.24123717844486237 0 0
1321 0 0.24151620268821716 0 0
1322 1 0.24178540706634521 0 0
1323 1 0.24204154312610626 0 0
1324 0 0.2422845959663391 0 0
1325 0 0.24251782894134521 0 0
1326 0 0.24274125695228577 0 0
1327 0 0.24295487999916077 0 0
1328 0 0.24315869808197021 0 0
1329 0 0.2433527112007141 0 0
1330 0 0.24353690445423126 0 0
1331 0 0.24371129274368286 0 0
1332 0 0.24387586116790771 0 0
1333 0 0.24403062462806702 0 0
1334 0 0.24417558312416077 0 0
1335 0 0.24431073665618896 0 0
1336 0 0.24431073665618896 0 0
1337 0 0.24431073665618896 0 0
1338 0 0.24431073665618896 0 0
1339 0 0.24431073665618896 0 0
1340 16 0.24431073665618896 0 0
1341 16 0.24431073665618896 0 0
1342 16 0.24431073665618896 0 0
1343 16 0.24431073665618896 0 0
1344 16 0.24431073665618896 0 0
1345 16 0.24431073665618896 0 0
1346 16 0.24431073665618896 0 0
1347 16 0.24431073665618896 0 0
1348 0 0.24431073665618896 0 0
1349 0 0.24431073665618896 0 0
1350 0 0.24431073665618896 0 0
1351 0 0.24431073665618896 0 0
1352 0 0.24431073665618896 0 0
1353 0 0.24431073665618896 0 0
1354 0 0.24431073665618896 0 0
1355 0 0.24431073665618896 0 0
1356 0 0.24431073665618896 0 0
1357 0 0.24431073665618896 0 0
1358 0 0.24431073665618896 0 0
1359 0 0.24431073665618896 0 0
1360 2 0.24431073665618896 0 0
1361 2 0.24445678293704987 0 0
1362 2 0.24460937082767487 0 0
1363 0 0.24476850032806396 0 0
1364 0 0.2449178248643875 0 0
1365 0 0.24505732953548431 0 0
1366 0 0.24518702924251556 0 0
1367 0 0.24530692398548126 0 0
1368 2 0.24541699886322021 0 0
1369 2 0.24556304514408112 0 0
1370 0 0.24571563303470612 0 0
1371 0 0.24585841596126556 0 0
1372 2 0.24599137902259827 0 0
1373 2 0.24613744020462036 0 0
1374 0 0.24629002809524536 0 0
1375 0 0.24643279612064362 0 0
1376 0 0.2465657740831375 0 0
1377 0 0.2465657740831375 0 0
1378 0 0.2465657740831375 0 0
1379 0 0.2465657740831375 0 0
1380 0 0.2465657740831375 0 0
1381 0 0.2465657740831375 0 0
1382 0 0.2465657740831375 0 0
1383 0 0.2465657740831375 0 0
1384 1 0.2465657740831375 0 0
1385 1 0.2464197278022766 0 0
1386 1 0.2462671399116516 0 0
1387 1 0.2461080104112625 0 0
1388 1 0.24594233930110931 0 0
1389 1 0.24577012658119202 0 0
1390 1 0.24559138715267181 0 0
1391 1 0.2454061061143875 0 0
1392 0 0.2452142834663391 0 0
1393 0 0.24503226578235626 0 0
1394 0 0.24486005306243896 0 0
1395 0 0.2446976602077484 0 0
1396 1 0.2445450723171234 0 0
1397 1 0.24438594281673431 0 0
1398 1 0.24422027170658112 0 0
1399 0 0.244048073887825 0 0
1400 0 0.24388566613197327 0 0
1401 1 0.24373307824134827 0 0
1402 0 0.24357396364212036 0 0
1403 0 0.24342463910579681 0 0
1404 0 0.2432851344347 0 0
1405 0 0.24315543472766876 0 0
1406 0 0.24315543472766876 0 0
1407 0 0.24315543472766876 0 0
1408 0 0.24315543472766876 0 0
1409 0 0.24315543472766876 0 0
1410 2 0.24315543472766876 0 0
1411 2 0.24330148100852966 0 0
1412 2 0.24345406889915466 0 0
1413 2 0.24361319839954376 0 0
1414 2 0.24377885460853577 0 0
1415 2 0.24395106732845306 0 0
1416 2 0.24412980675697327 0 0
1417 2 0.24431510269641876 0 0
1418 2 0.24450692534446716 0 0
1419 2 0.24470528960227966 0 0
1420 2 0.24491019546985626 0 0
1421 2 0.24512162804603577 0 0
1422 2 0.24533961713314056 0 0
1423 2 0.24556413292884827 0 0
1424 2 0.24579520523548126 0 0
1425 2 0.24603280425071716 0 0
1426 2 0.24627694487571716 0 0
1427 2 0.24652762711048126 0 0
1428 18 0.24678483605384827 0 0
1429 18 0.24704860150814056 0 0
1430 18 0.24731889367103577 0 0
1431 18 0.24759574234485626 0 0
1432 18 0.24787911772727966 0 0
1433 18 0.24816903471946716 0 0
1434 18 0.24846549332141876 0 0
1435 18 0.24876847863197327 0 0
1436 18 0.24907802045345306 0 0
1437 18 0.24939408898353577 0 0
1438 2 0.24971671402454376 0 0
1439 2 0.2501462697982788 0 0
1440 2 0.2504863142967224 0 0
1441 2 0.2508350908756256 0 0
1442 2 0.251192569732666 0 0
1443 2 0.251558780670166 0 0
1444 2 0.2519337236881256 0 0
1445 0 0.2523173689842224 0 0
1446 0 0.25269120931625366 0 0
1447 0 0.25305524468421936 0 0
1448 0 0.2534094750881195 0 0
1449 0 0.2537538707256317 0 0
1450 0 0.25408849120140076 0 0
1451 0 0.25441327691078186 0 0
1452 0 0.2547282576560974 0 0
1453 0 0.25493520498275757 0 0
1454 0 0.255230575799942 0 0
1455 0 0.2555161416530609 0 0
1456 0 0.25579187273979187 0 0
1457 0 0.25605782866477966 0 0
1458 0 0.2563139498233795 0 0
1459 0 0.2565602660179138 0 0
1460 0 0.25679677724838257 0 0
1461 0 0.25702348351478577 0 0
1462 0 0.2572403848171234 0 0
1463 0 0.2574474513530731 0 0
1464 0 0.25764474272727966 0 0
1465 0 0.25783219933509827 0 0
1466 0 0.2580098509788513 0 0
1467 0 0.2581776976585388 0 0
1468 0 0.25833573937416077 0 0
1469 0 0.25848397612571716 0 0
1470 0 0.2586223781108856 0 0
1471 0 0.2587510049343109 0 0
1472 0 0.25886979699134827 0 0
1473 0 0.25886979699134827 0 0
1474 0 0.25886979699134827 0 0
1475 0 0.25886979699134827 0 0
1476 0 0.25886979699134827 0 0
1477 2 0.25886979699134827 0 0
1478 2 0.25901585817337036 0 0
1479 2 0.25916844606399536 0 0
1480 2 0.25932756066322327 0 0
1481 2 0.25949323177337646 0 0
1482 2 0.25966542959213257 0 0
1483 2 0.25984418392181396 0 0
1484 2 0.26002946496009827 0 0
1485 2 0.26022130250930786 0 0
1486 2 0.26041966676712036 0 0
1487 2 0.26062455773353577 0 0
1488 2 0.26083600521087646 0 0
1489 2 0.26105397939682007 0 0
1490 2 0.26127851009368896 0 0
1491 2 0.26150956749916077 0 0
1492 2 0.26174718141555786 0 0
1493 2 0.26199132204055786 0 0
1494 2 0.26224198937416077 0 0
1495 2 0.26249921321868896 0 0
1496 2 0.26276296377182007 0 0
1497 2 0.26303327083587646 0 0
1498 2 0.26331010460853577 0 0
1499 18 0.26359349489212036 0 0
1500 18 0.26388341188430786 0 0
1501 18 0.26417985558509827 0 0
1502 18 0.26448285579681396 0 0
1503 18 0.26479238271713257 0 0
1504 18 0.26510846614837646 0 0
1505 18 0.26543107628822327 0 0
1506 18 0.2658606469631195 0 0
1507 18 0.2662006914615631 0 0
1508 18 0.2665494680404663 0 0
1509 18 0.2669069468975067 0 0
1510 18 0.2672731578350067 0 0
1511 18 0.2676481008529663 0 0
1512 18 0.2680317461490631 0 0
1513 18 0.2684241235256195 0 0
1514 18 0.2688252031803131 0 0
1515 18 0.2692350149154663 0 0
1516 18 0.2696535289287567 0 0
1517 18 0.2700807750225067 0 0
1518 18 0.2705167531967163 0 0
1519 18 0.2709614336490631 0 0
1520 18 0.2714148461818695 0 0
1521 18 0.2718612551689148 0 0
1522 18 0.27230769395828247 0 0
1523 18 0.27275413274765015 0 0
1524 18 0.27320054173469543 0 0
1525 18 0.2736469805240631 0 0
1526 18 0.2740934193134308 0 0
1527 18 0.2745398283004761 0 0
1528 18 0.27498626708984375 0 0
1529 2 0.2754327058792114 0 0
1530 2 0.2758791148662567 0 0
1531 2 0.2763255536556244 0 0
1532 0 0.27677199244499207 0 0
1533 0 0.2772085964679718 0 0
1534 0 0.2776354253292084 0 0
1535 0 0.278052419424057 0 0
1536 0 0.2784596085548401 0 0
1537 0 0.2788569927215576 0 0
1538 0 0.2792445719242096 0 0
1539 0 0.27962231636047363 0 0
1540 0 0.2799902856349945 0 0
1541 0 0.28034842014312744 0 0
1542 0 0.2806967496871948 0 0
1543 0 0.28103527426719666 0 0
1544 0 0.28136399388313293 0 0
1545 0 0.28168290853500366 0 0
1546 1 0.281893789768219 0 0
1547 1 0.28218981623649597 0 0
1548 0 0.28247275948524475 0 0
1549 0 0.282745897769928 0 0
1550 0 0.28300920128822327 0 0
1551 0 0.2832627296447754 0 0
1552 0 0.2835064232349396 0 0
1553 0 0.2837403118610382 0 0
1554 0 0.2839643955230713 0 0
1555 0 0.2841786742210388 0 0
1556 0 0.2843831479549408 0 0
1557 0 0.2845778167247772 0 0
1558 0 0.2847626507282257 0 0
1559 1 0.28493770956993103 0 0
1560 1 0.28509965538978577 0 0
1561 1 0.2852485477924347 0 0
1562 0 0.2853843569755554 0 0
1563 0 0.2853843569755554 0 0
1564 0 0.2853843569755554 0 0
1565 0 0.2853843569755554 0 0
1566 0 0.2853843569755554 0 0
1567 0 0.2853843569755554 0 0
1568 0 0.2853843569755554 0 0
1569 0 0.2853843569755554 0 0
1570 0 0.2853843569755554 0 0
1571 0 0.2853843569755554 0 0
1572 0 0.2853843569755554 0 0
1573 0 0.2853843569755554 0 0
1574 0 0.2853843569755554 0 0
1575 0 0.2853843569755554 0 0
1576 2 0.2853843569755554 0 0
1577 2 0.2855303883552551 0 0
1578 2 0.2856829762458801 0 0
1579 18 0.2858421206474304 0 0
1580 18 0.2860077917575836 0 0
1581 18 0.2861799895763397 0 0
1582 18 0.2863587439060211 0 0
1583 18 0.2865440249443054 0 0
1584 18 0.2867358326911926 0 0
1585 18 0.2869341969490051 0 0
1586 18 0.2871391177177429 0 0
1587 18 0.2873505651950836 0 0
1588 18 0.2875685393810272 0 0
1589 18 0.2877930700778961 0 0
1590 18 0.2880241274833679 0 0
1591 18 0.2882617115974426 0 0
1592 18 0.2885058522224426 0 0
1593 2 0.2887565493583679 0 0
1594 0 0.2890137732028961 0 0
1595 0 0.2892611622810364 0 0
1596 0 0.28949877619743347 0 0
1597 0 0.2897265553474426 0 0
1598 0 0.2899445593357086 0 0
1599 0 0.29015272855758667 0 0
1600 0 0.29035109281539917 0 0
1601 0 0.2905396521091461 0 0
1602 0 0.2907183766365051 0 0
1603 0 0.29088732600212097 0 0
1604 0 0.2910464406013489 0 0
1605 0 0.2911957800388336 0 0
1606 2 0.2913352847099304 0 0
1607 2 0.2914813160896301 0 0
1608 2 0.2916339039802551 0 0
1609 2 0.2917930483818054 0 0
1610 2 0.2919587194919586 0 0
1611 2 0.2921309173107147 0 0
1612 2 0.2923096716403961 0 0
1613 2 0.2924949526786804 0 0
1614 2 0.2926867604255676 0 0
1615 2 0.2928851246833801 0 0
1616 2 0.2930900454521179 0 0
1617 2 0.2933014929294586 0 0
1618 2 0.2935194671154022 0 0
1619 2 0.2937439978122711 0 0
1620 2 0.2939750552177429 0 0
1621 2 0.2942126393318176 0 0
1622 2 0.2944567799568176 0 0
1623 2 0.2947074770927429 0 0
1624 2 0.2949647009372711 0 0
1625 2 0.2952284514904022 0 0
1626 2 0.2954987585544586 0 0
1627 2 0.2957755923271179 0 0
1628 0 0.2960589528083801 0 0
1629 0 0.29633253812789917 0 0
1630 2 0.2965962886810303 0 0
1631 2 0.29686659574508667 0 0
1632 0 0.29714342951774597 0 0
1633 0 0.2974104583263397 0 0
1634 2 0.2976676821708679 0 0
1635 2 0.297931432723999 0 0
1636 2 0.2982017397880554 0 0
1637 2 0.2984785735607147 0 0
1638 2 0.29876193404197693 0 0
1639 2 0.29905185103416443 0 0
1640 2 0.2993483245372772 0 0
1641 2 0.2996513247489929 0 0
1642 2 0.2999608516693115 0 0
1643 2 0.3002769351005554 0 0
1644 0 0.3005995452404022 0 0
1645 0 0.3010105788707733 0 0
1646 0 0.30121535062789917 0 0
1647 0 0.30150851607322693 0 0
1648 0 0.3017919063568115 0 0
1649 0 0.3020654618740082 0 0
1650 2 0.30232924222946167 0 0
1651 2 0.3025995194911957 0 0
1652 2 0.30287638306617737 0 0
1653 2 0.3031597435474396 0 0
1654 0 0.3034496605396271 0 0
1655 0 0.303729772567749 0 0
1656 0 0.3040000796318054 0 0
1657 0 0.3042605519294739 0 0
1658 0 0.30451124906539917 0 0
1659 0 0.3047521114349365 0 0
1660 0 0.3049831688404083 0 0
1661 0 0.3052044212818146 0 0
1662 0 0.3054158687591553 0 0
1663 0 0.3056175112724304 0 0
1664 0 0.3058093190193176 0 0
1665 0 0.30599135160446167 0 0
1666 0 0.3061635494232178 0 0
1667 0 0.3063259422779083 0 0
1668 0 0.3064785301685333 0 0
1669 0 0.3066213130950928 0 0
1670 2 0.30675429105758667 0 0
1671 2 0.3069003224372864 0 0
1672 18 0.3070529103279114 0 0
1673 18 0.30721205472946167 0 0
1674 18 0.30737772583961487 0 0
1675 18 0.30754992365837097 0 0
1676 18 0.30772867798805237 0 0
1677 18 0.30791395902633667 0 0
1678 18 0.3081057667732239 0 0
1679 18 0.3083041310310364 0 0
1680 16 0.30850905179977417 0 0
1681 16 0.308704137802124 0 0
1682 0 0.3088894188404083 0 0
1683 0 0.3090648949146271 0 0
1684 0 0.3092305660247803 0 0
1685 0 0.3093864321708679 0 0
1686 0 0.3095324635505676 0 0
1687 0 0.30966871976852417 0 0
1688 0 0.3097951412200928 0 0
1689 0 0.3099117577075958 0 0
1690 0 0.3100185692310333 0 0
1691 0 0.3101155757904053 0 0
1692 0 0.31020277738571167 0 0
1693 0 0.3102801442146301 0 0
1694 0 0.3103477358818054 0 0
1695 0 0.3104054927825928 0 0
1696 0 0.3104534447193146 0 0
1697 0 0.3104915916919708 0 0
1698 0 0.3105199337005615 0 0
1699 0 0.31053847074508667 0 0
1700 2 0.3105471730232239 0 0
1701 2 0.31069323420524597 0 0
1702 2 0.31084582209587097 0 0
1703 0 0.3110049366950989 0 0
1704 0 0.3111542761325836 0 0
1705 2 0.3112937808036804 0 0
1706 0 0.3114398121833801 0 0
1707 2 0.31157606840133667 0 0
1708 18 0.3117220997810364 0 0
1709 18 0.3118746876716614 0 0
1710 18 0.31203383207321167 0 0
1711 18 0.31219950318336487 0 0
1712 18 0.31237170100212097 0 0
1713 18 0.31255045533180237 0 0
1714 16 0.31273573637008667 0 0
1715 16 0.3129112124443054 0 0
1716 0 0.3128659129142761 0 0
1717 0 0.3128659129142761 0 0
1718 2 0.3128659129142761 0 0
1719 2 0.3128659129142761 0 0
1720 18 0.3128659129142761 0 0
1721 18 0.3128659129142761 0 1
1721 18 0.3128659129142761 0 1
