data/levels/bonus1/abednego-level3.stl
1 0 0.012072917073965073 0 0
2 0 0.012072917073965073 0 0
3 0 0.012072917073965073 0 0
4 0 0.012072917073965073 0 0
5 0 0.012072917073965073 0 0
6 0 0.012072917073965073 0 0
7 0 0.012072917073965073 0 0
8 0 0.012072917073965073 0 0
9 0 0.012072917073965073 0 0
10 0 0.012072917073965073 0 0
11 0 0.012072917073965073 0 0
12 0 0.012072917073965073 0 0
13 2 0.012072917073965073 0 0
14 2 0.012243306264281273 0 0
15 2 0.012421325780451298 0 0
16 2 0.012606974691152573 0 0
17 2 0.012800252065062523 0 0
18 2 0.013001159764826298 0 0
19 2 0.013209696859121323 0 0
20 2 0.013425862416625023 0 0
21 2 0.013649657368659973 0 0
22 2 0.013881082646548748 0 0
23 2 0.014120137318968773 0 0
24 2 0.014366820454597473 0 0
25 2 0.014621133916079998 0 0
26 2 0.014883076772093773 0 0
27 2 0.015152648091316223 0 0
28 2 0.015429849736392498 0 0
29 2 0.015714680776000023 0 0
30 2 0.016007140278816223 0 0
31 2 0.016307229176163673 0 0
32 2 0.016614949330687523 0 0
33 2 0.016930297017097473 0 0
34 2 0.017253274098038673 0 0
35 2 0.017583882436156273 0 0
36 2 0.017922118306159973 0 0
37 2 0.018267983570694923 0 0
38 2 0.018621480092406273 0 0
39 2 0.018982604146003723 0 0
40 2 0.019351357594132423 0 0
41 2 0.019727742299437523 0 0
42 2 0.020228881388902664 0 0
43 2 0.020625609904527664 0 0
44 2 0.021032512187957764 0 0
45 2 0.021449584513902664 0 0
46 2 0.021876830607652664 0 0
47 2 0.022314250469207764 0 0
48 2 0.022761840373277664 0 0
49 2 0.023219604045152664 0 0
50 2 0.023687541484832764 0 0
51 2 0.024165648967027664 0 0
52 2 0.024653930217027664 0 0
53 2 0.025152385234832764 0 0
54 2 0.025661010295152664 0 0
55 2 0.026179809123277664 0 0
56 2 0.026708781719207764 0 0
57 2 0.027229614555835724 0 0
58 2 0.027750447392463684 0 0
59 2 0.028271280229091644 0 0
60 2 0.028792114928364754 0 0
61 2 0.029312947764992714 0 0
62 2 0.029833780601620674 0 0
63 2 0.030354613438248634 0 0
64 2 0.030875448137521744 0 0
65 2 0.031396280974149704 0 0
66 2 0.031917113810777664 0 0
67 2 0.032437946647405624 0 0
68 2 0.032958779484033585 0 0
69 2 0.03347961604595184 0 0
70 2 0.0340004488825798 0 0
71 2 0.034521281719207764 0 0
72 2 0.035042114555835724 0 0
73 2 0.035562947392463684 0 0
74 2 0.036083780229091644 0 0
75 2 0.036604613065719604 0 0
76 2 0.037125445902347565 0 0
77 2 0.03764628246426582 0 0
78 2 0.038167115300893784 0 0
79 2 0.038687948137521744 0 0
80 2 0.039208780974149704 0 0
81 2 0.039729613810777664 0 0
82 2 0.040250446647405624 0 0
83 2 0.040771279484033585 0 0
84 2 0.04129211604595184 0 0
85 2 0.0418129488825798 0 0
86 2 0.042333781719207764 0 0
87 2 0.042854614555835724 0 0
88 2 0.043375447392463684 0 0
89 2 0.043896280229091644 0 0
90 2 0.044417113065719604 0 0
91 2 0.044937945902347565 0 0
92 2 0.04545878246426582 0 0
93 2 0.045979615300893784 0 0
94 2 0.046500448137521744 0 0
95 2 0.047021280974149704 0 0
96 2 0.047542113810777664 0 0
97 2 0.048062946647405624 0 0
98 2 0.048583779484033585 0 0
99 2 0.04910461604595184 0 0
100 2 0.0496254488825798 0 0
101 18 0.050146281719207764 0 0
102 18 0.050667114555835724 0 0
103 18 0.051187947392463684 0 0
104 18 0.051708780229091644 0 0
105 18 0.052229613065719604 0 0
106 18 0.052750445902347565 0 0
107 18 0.05327128246426582 0 0
108 18 0.053792115300893784 0 0
109 18 0.054312948137521744 0 0
110 18 0.054833780974149704 0 0
111 18 0.055354613810777664 0 0
112 18 0.055875446647405624 0 0
113 18 0.056396279484033585 0 0
114 18 0.05691711604595184 0 0
115 18 0.0574379488825798 0 0
116 18 0.057958781719207764 0 0
117 18 0.058479614555835724 0 0
118 18 0.059000447392463684 0 0
119 2 0.059521280229091644 0 0
120 2 0.060042113065719604 0 0
121 2 0.060562945902347565 0 0
122 2 0.06108378246426582 0 0
123 2 0.061604615300893784 0 0
124 2 0.062125448137521744 0 0
125 2 0.0626462772488594 0 0
126 2 0.06316711753606796 0 0
127 2 0.06368795037269592 0 0
128 2 0.06420878320932388 0 0
129 2 0.06472961604595184 0 0
130 2 0.0652504488825798 0 0
131 2 0.06577128171920776 0 0
132 2 0.06629211455583572 0 0
133 2 0.06681294739246368 0 0
134 2 0.06733378022909164 0 0
135 2 0.0678546130657196 0 0
136 2 0.06837544590234756 0 0
137 2 0.06889627873897552 0 0
138 2 0.06941711157560349 0 0
139 2 0.06993794441223145 0 0
140 2 0.0704587772488594 0 0
141 2 0.07097961753606796 0 0
142 2 0.07150045037269592 0 0
143 2 0.07202128320932388 0 0
144 2 0.07254211604595184 0 0
145 2 0.0730629488825798 0 0
146 2 0.07358378171920776 0 0
147 2 0.07410461455583572 0 0
148 2 0.07462544739246368 0 0
149 2 0.07514628022909164 0 0
150 2 0.0756671130657196 0 0
151 2 0.07618794590234756 0 0
152 2 0.07670877873897552 0 0
153 2 0.07722961157560349 0 0
154 2 0.07775044441223145 0 0
155 2 0.0782712772488594 0 0
156 2 0.07879211753606796 0 0
157 2 0.07931295037269592 0 0
158 2 0.07983378320932388 0 0
159 2 0.08035461604595184 0 0
160 2 0.0808754488825798 0 0
161 2 0.08139628171920776 0 0
162 2 0.08191711455583572 0 0
163 2 0.08243794739246368 0 0
164 2 0.08295878022909164 0 0
165 2 0.0834796130657196 0 0
166 2 0.08400044590234756 0 0
167 2 0.08452127873897552 0 0
168 2 0.08504211157560349 0 0
169 2 0.08556294441223145 0 0
170 2 0.0860837772488594 0 0
171 2 0.08660461753606796 0 0
172 2 0.08712545037269592 0 0
173 2 0.08764628320932388 0 0
174 2 0.08816711604595184 0 0
175 2 0.0886879488825798 0 0
176 2 0.08920878171920776 0 0
177 2 0.08972961455583572 0 0
178 2 0.09025044739246368 0 0
179 2 0.09077128022909164 0 0
180 2 0.0912921130657196 0 0
181 2 0.09181294590234756 0 0
182 2 0.09233377873897552 0 0
183 0 0.09285461157560349 0 0
184 0 0.09336400032043457 0 0
185 0 0.09386194497346878 0 0
186 0 0.09434845298528671 0 0
187 0 0.09482350945472717 0 0
188 0 0.09528712183237076 0 0
189 0 0.09573929011821747 0 0
190 0 0.0961800143122673 0 0
191 0 0.09660929441452026 0 0
192 1 0.09702713042497635 0 0
193 1 0.09742589294910431 0 0
194 1 0.09780939668416977 0 0
195 1 0.09817764163017273 0 0
196 1 0.0984160453081131 0 0
197 1 0.09875378012657166 0 0
198 1 0.09907624870538712 0 0
199 1 0.09938345849514008 0 0
200 1 0.09967540949583054 0 0
201 1 0.0999521017074585 0 0
202 1 0.10021353513002396 0 0
203 1 0.10045970976352692 0 0
204 1 0.10069062560796738 0 0
205 1 0.10090628266334534 0 0
206 1 0.1011066809296608 0 0
207 1 0.10129182040691376 0 0
208 1 0.10146170109510422 0 0
209 1 0.10161632299423218 0 0
210 1 0.10144593566656113 0 0
211 1 0.10126791894435883 0 0
212 1 0.10108226537704468 0 0
213 1 0.10088898986577988 0 0
214 1 0.10068808495998383 0 0
215 1 0.10047954320907593 0 0
216 1 0.10026337951421738 0 0
217 1 0.10003958642482758 0 0
218 1 0.09980815649032593 0 0
219 1 0.09956910461187363 0 0
220 1 0.09932242333889008 0 0
221 1 0.09906810522079468 0 0
222 1 0.09880616515874863 0 0
223 17 0.09853659570217133 0 0
224 17 0.09825938940048218 0 0
225 17 0.09797456115484238 0 0
226 17 0.09768210351467133 0 0
227 17 0.09738200902938843 0 0
228 17 0.09707429260015488 0 0
229 17 0.09675894677639008 0 0
230 17 0.09643596410751343 0 0
231 17 0.09610535949468613 0 0
232 17 0.09576712548732758 0 0
233 17 0.09542125463485718 0 0
234 17 0.09506776183843613 0 0
235 17 0.09470663964748383 0 0
236 17 0.09433788061141968 0 0
237 17 0.09396149963140488 0 0
238 17 0.09368952363729477 0 0
239 17 0.09329279512166977 0 0
240 17 0.09288589656352997 0 0
241 17 0.09246882051229477 0 0
242 17 0.09204157441854477 0 0
243 17 0.09177104383707047 0 0
244 17 0.09165645390748978 0 0
245 17 0.09165645390748978 0 0
246 17 0.09165645390748978 0 0
247 17 0.09165645390748978 0 0
248 17 0.09165645390748978 0 0
249 1 0.09144791960716248 0 0
250 1 0.09123175591230392 0 0
251 0 0.09100795537233353 0 0
252 0 0.0907956063747406 0 0
253 0 0.09059470146894455 0 0
254 0 0.09040523320436478 0 0
255 0 0.09022721648216248 0 0
256 0 0.09006064385175705 0 0
257 0 0.0899055078625679 0 0
258 0 0.0899055078625679 0 0
259 0 0.0899055078625679 0 0
260 0 0.0899055078625679 0 0
261 1 0.0899055078625679 0 0
262 1 0.08973512053489685 0 0
263 1 0.08955710381269455 0 0
264 1 0.0893714502453804 0 0
265 1 0.0891781747341156 0 0
266 1 0.08897726982831955 0 0
267 1 0.08876872807741165 0 0
268 1 0.0885525643825531 0 0
269 1 0.0883287712931633 0 0
270 1 0.08809734135866165 0 0
271 1 0.08785828948020935 0 0
272 1 0.0876116082072258 0 0
273 1 0.0873572900891304 0 0
274 1 0.08709535002708435 0 0
275 17 0.08682578057050705 0 0
276 17 0.0865485742688179 0 0
277 17 0.0862637460231781 0 0
278 17 0.08597128838300705 0 0
279 17 0.08567119389772415 0 0
280 17 0.0853634774684906 0 0
281 17 0.0850481316447258 0 0
282 17 0.08472514897584915 0 0
283 17 0.08439454436302185 0 0
284 17 0.0840563103556633 0 0
285 17 0.0837104395031929 0 0
286 17 0.08335694670677185 0 0
287 17 0.08299582451581955 0 0
288 17 0.0826270654797554 0 0
289 17 0.0822506844997406 0 0
290 17 0.08197871595621109 0 0
291 17 0.08158198744058609 0 0
292 17 0.08117508888244629 0 0
293 0 0.08075801283121109 0 0
294 0 0.08035238087177277 0 0
295 0 0.07995820045471191 0 0
296 0 0.07957545667886734 0 0
297 0 0.07920415699481964 0 0
298 0 0.07872971892356873 0 0
299 0 0.07838130742311478 0 0
300 0 0.0780443474650383 0 0
301 0 0.0777188241481781 0 0
302 0 0.07740474492311478 0 0
303 0 0.07710211724042892 0 0
304 0 0.07681092619895935 0 0
305 0 0.07653117924928665 0 0
306 0 0.07626288384199142 0 0
307 0 0.07600602507591248 0 0
308 0 0.0757606104016304 0 0
309 0 0.0755266472697258 0 0
310 0 0.07530412077903748 0 0
311 0 0.07509303838014603 0 0
312 0 0.07489340752363205 0 0
313 0 0.07470521330833435 0 0
314 0 0.07452846318483353 0 0
315 0 0.07436316460371017 0 0
316 0 0.0742093026638031 0 0
317 0 0.0742093026638031 0 0
318 0 0.0742093026638031 0 0
319 1 0.0742093026638031 0 0
320 1 0.07403891533613205 0 0
321 1 0.07386089116334915 0 0
322 1 0.0736752450466156 0 0
323 0 0.0734819695353508 0 0
324 0 0.07330013066530228 0 0
325 0 0.07312974333763123 0 0
326 0 0.07297080010175705 0 0
327 0 0.07297080010175705 0 0
328 0 0.07297080010175705 0 0
329 0 0.07297080010175705 0 0
330 2 0.07297080010175705 0 0
331 2 0.0731411874294281 0 0
332 2 0.0733192041516304 0 0
333 2 0.07350485771894455 0 0
334 2 0.07369813323020935 0 0
335 2 0.0738990381360054 0 0
336 2 0.0741075798869133 0 0
337 2 0.07432374358177185 0 0
338 2 0.07454753667116165 0 0
339 2 0.0747789666056633 0 0
340 2 0.0750180184841156 0 0
341 18 0.07526469975709915 0 0
342 18 0.07551901787519455 0 0
343 18 0.0757809579372406 0 0
344 18 0.0760505273938179 0 0
345 18 0.07632773369550705 0 0
346 18 0.07661256194114685 0 0
347 18 0.0769050195813179 0 0
348 18 0.0772051140666008 0 0
349 18 0.07751283049583435 0 0
350 18 0.07782817631959915 0 0
351 18 0.0781511589884758 0 0
352 18 0.0784817636013031 0 0
353 18 0.07881999760866165 0 0
354 18 0.07916586846113205 0 0
355 18 0.0795193612575531 0 0
356 18 0.0798804834485054 0 0
357 18 0.08024924248456955 0 0
358 18 0.08062562346458435 0 0
359 18 0.08112676441669464 0 0
360 18 0.08152349293231964 0 0
361 2 0.08193039894104004 0 0
362 2 0.08234746754169464 0 0
363 2 0.08277471363544464 0 0
364 2 0.08321213722229004 0 0
365 0 0.08365972340106964 0 0
366 0 0.08409587293863297 0 0
367 0 0.08452057838439941 0 0
368 0 0.08493383228778839 0 0
369 0 0.08533564954996109 0 0
370 0 0.08572602272033691 0 0
371 0 0.08610494434833527 0 0
372 0 0.08647242933511734 0 0
373 0 0.08671388030052185 0 0
374 0 0.08705847710371017 0 0
375 0 0.08739162236452103 0 0
376 0 0.0877133309841156 0 0
377 2 0.0880235955119133 0 0
378 2 0.08834148198366165 0 0
379 2 0.08866700530052185 0 0
380 2 0.0890001580119133 0 0
381 2 0.0893409326672554 0 0
382 2 0.08968934416770935 0 0
383 2 0.09004538506269455 0 0
384 2 0.0904090479016304 0 0
385 2 0.0907803475856781 0 0
386 2 0.09115927666425705 0 0
387 2 0.09166295826435089 0 0
388 18 0.09206223487854004 0 0
389 18 0.09247167408466339 0 0
390 18 0.09289129078388214 0 0
391 18 0.09332108497619629 0 0
392 18 0.09376104176044464 0 0
393 18 0.09421117603778839 0 0
394 18 0.09467148780822754 0 0
395 18 0.09514196217060089 0 0
396 18 0.09562261402606964 0 0
397 18 0.09611344337463379 0 0
398 18 0.09661443531513214 0 0
399 18 0.09712560474872589 0 0
400 18 0.09764695167541504 0 0
401 18 0.098167784512043 0 0
402 18 0.09868861734867096 0 0
403 18 0.09920945018529892 0 0
404 18 0.09973028302192688 0 0
405 18 0.10025111585855484 0 0
406 18 0.1007719486951828 0 0
407 18 0.10129278153181076 0 0
408 18 0.10181361436843872 0 0
409 18 0.10233444720506668 0 0
410 18 0.10285528004169464 0 0
411 18 0.1033761128783226 0 0
412 18 0.10389694571495056 0 0
413 18 0.10441777855157852 0 0
414 18 0.10493861138820648 0 0
415 18 0.10545944422483444 0 0
416 18 0.1059802770614624 0 0
417 18 0.10650110989809036 0 0
418 18 0.10702194273471832 0 0
419 18 0.10754277557134628 0 0
420 18 0.10843770205974579 0 0
421 18 0.10895853489637375 0 0
422 18 0.10947936773300171 0 0
423 18 0.11000020056962967 0 0
424 18 0.11052103340625763 0 0
425 18 0.11104187369346619 0 0
426 18 0.11156270653009415 0 1
426 18 0.11156270653009415 0 1
