data/levels/world2/Going_Underground.stl
1 16 0.02343629114329815 0 0
2 16 0.02343629114329815 0 0
3 16 0.02343629114329815 0 0
4 16 0.02343629114329815 0 0
5 16 0.02343629114329815 0 0
6 16 0.02343629114329815 0 0
7 16 0.02343629114329815 0 0
8 0 0.02343629114329815 0 0
9 0 0.02343629114329815 0 0
10 0 0.02343629114329815 0 0
11 0 0.02343629114329815 0 0
12 0 0.02343629114329815 0 0
13 0 0.02343629114329815 0 0
14 0 0.02343629114329815 0 0
15 0 0.02343629114329815 0 0
16 0 0.02343629114329815 0 0
17 0 0.02343629114329815 0 0
18 0 0.02343629114329815 0 0
19 0 0.02343629114329815 0 0
20 0 0.02343629114329815 0 0
21 2 0.02343629114329815 0 0
22 2 0.0237770713865757 0 0
23 2 0.02413311041891575 0 0
24 2 0.02450440637767315 0 0
25 2 0.0248909629881382 0 0
26 2 0.02529277838766575 0 0
27 2 0.02570985071361065 0 0
28 2 0.0261421836912632 0 0
29 2 0.02658977545797825 0 0
30 2 0.02705262415111065 0 0
31 2 0.0275307334959507 0 0
32 2 0.02802410162985325 0 0
33 2 0.02853272669017315 0 0
34 2 0.0290566124022007 0 0
35 2 0.02959575690329075 0 0
36 2 0.03015015833079815 0 0
37 2 0.0307198204100132 0 0
38 2 0.0313047394156456 0 0
39 2 0.0319049209356308 0 0
40 2 0.0325203575193882 0 0
41 2 0.0331510528922081 0 0
42 2 0.0337970107793808 0 0
43 2 0.0344582237303257 0 0
44 2 0.0351346954703331 0 0
45 2 0.0358264297246933 0 0
46 2 0.0365334190428257 0 0
47 2 0.0372556671500206 0 0
48 2 0.0379931777715683 0 0
49 2 0.0387459434568882 0 0
50 2 0.03974822536110878 0 0
51 2 0.04054168239235878 0 0
52 2 0.04135548323392868 0 0
53 2 0.04218963161110878 0 0
54 2 0.04304412379860878 0 0
55 2 0.04391895979642868 0 0
56 2 0.04481414332985878 0 0
57 2 0.04572967067360878 0 0
58 2 0.04666554182767868 0 0
59 2 0.04762176051735878 0 0
60 2 0.04859832301735878 0 0
61 2 0.04959522932767868 0 0
62 2 0.05061248317360878 0 0
63 2 0.05165008082985878 0 0
64 2 0.05270802229642868 0 0
65 2 0.0537496879696846 0 0
66 2 0.05479135364294052 0 0
67 2 0.05583302304148674 0 0
68 2 0.05687468871474266 0 0
69 2 0.05791635438799858 0 0
70 2 0.0589580200612545 0 0
71 2 0.05999968945980072 0 0
72 2 0.06104135513305664 0 0
73 2 0.06208302080631256 0 0
74 2 0.06312468647956848 0 0
75 2 0.0641663521528244 0 0
76 2 0.06520802527666092 0 0
77 2 0.06624969094991684 0 0
78 2 0.06729135662317276 0 0
79 2 0.06833302229642868 0 0
80 2 0.0693746879696846 0 0
81 2 0.07041635364294052 0 0
82 2 0.07145801931619644 0 0
83 2 0.07249968498945236 0 0
84 2 0.07354135811328888 0 0
85 2 0.0745830237865448 0 0
86 2 0.07562468945980072 0 0
87 2 0.07666635513305664 0 0
88 2 0.07770802080631256 0 0
89 2 0.07874968647956848 0 0
90 2 0.0797913521528244 0 0
91 2 0.08083302527666092 0 0
92 2 0.08187469094991684 0 0
93 2 0.08291635662317276 0 0
94 2 0.08395802229642868 0 0
95 2 0.0849996879696846 0 0
96 2 0.08604135364294052 0 0
97 2 0.08708301931619644 0 0
98 2 0.08812468498945236 0 0
99 2 0.08916635811328888 0 0
100 2 0.0902080237865448 0 0
101 2 0.09124968945980072 0 0
102 2 0.09229135513305664 0 0
103 2 0.09333302080631256 0 0
104 2 0.09437468647956848 0 0
105 2 0.0954163521528244 0 0
106 2 0.09645802527666092 0 0
107 2 0.09749969094991684 0 0
108 2 0.09854135662317276 0 0
109 2 0.09958302229642868 0 0
110 2 0.1006246879696846 0 0
111 2 0.10166635364294052 0 0
112 2 0.10270801931619644 0 0
113 2 0.10374969244003296 0 0
114 2 0.10479135811328888 0 0
115 2 0.1058330312371254 0 0
116 2 0.10687469691038132 0 0
117 2 0.10791636258363724 0 0
118 2 0.10895802825689316 0 0
119 2 0.10999969393014908 0 0
120 2 0.111041359603405 0 0
121 2 0.11208302527666092 0 0
122 2 0.11312469840049744 0 0
123 2 0.11416636407375336 0 0
124 2 0.11520802974700928 0 0
125 2 0.1162496954202652 0 0
126 2 0.11729136109352112 0 0
127 2 0.11833302676677704 0 0
128 2 0.11937469244003296 0 0
129 2 0.12041635811328888 0 0
130 2 0.1214580312371254 0 0
131 2 0.12249969691038132 0 0
132 2 0.12354136258363724 0 0
133 2 0.12458302825689316 0 0
134 2 0.12562470138072968 0 0
135 2 0.1266663670539856 0 0
136 2 0.12770803272724152 0 0
137 2 0.12874969840049744 0 0
138 2 0.12979136407375336 0 0
139 2 0.13083302974700928 0 0
140 2 0.1318746954202652 0 0
141 2 0.13291636109352112 0 0
142 2 0.13395802676677704 0 0
143 2 0.13499969244003296 0 0
144 2 0.13604135811328888 0 0
145 2 0.1370830237865448 0 0
146 2 0.13812468945980072 0 0
147 2 0.13916635513305664 0 0
148 2 0.14020802080631256 0 0
149 2 0.14124970138072968 0 0
150 2 0.1422913670539856 0 0
151 2 0.14333303272724152 0 0
152 2 0.14437469840049744 0 0
153 18 0.14541636407375336 0 0
154 18 0.14645802974700928 0 0
155 18 0.1474996954202652 0 0
156 18 0.14854136109352112 0 0
157 18 0.14958302676677704 0 0
158 18 0.15062469244003296 0 0
159 18 0.15166635811328888 0 0
160 18 0.1527080237865448 0 0
161 18 0.15374968945980072 0 0
162 18 0.15479135513305664 0 0
163 18 0.15583302080631256 0 0
164 18 0.15687470138072968 0 0
165 18 0.1579163670539856 0 0
166 18 0.15895803272724152 0 0
167 2 0.15999969840049744 0 0
168 2 0.16104136407375336 0 0
169 2 0.16208302974700928 0 0
170 2 0.1631246954202652 0 0
171 2 0.16416636109352112 0 0
172 2 0.16520802676677704 0 0
173 2 0.16624969244003296 0 0
174 2 0.16729135811328888 0 0
175 2 0.1683330237865448 0 0
176 2 0.16937468945980072 0 0
177 2 0.17041635513305664 0 0
178 2 0.17145802080631256 0 0
179 0 0.17249970138072968 0 0
180 0 0.17351847887039185 0 0
181 0 0.17451436817646027 0 0
182 0 0.17548736929893494 0 0
183 0 0.17643748223781586 0 0
184 0 0.17736470699310303 0 0
185 0 0.17826904356479645 0 0
186 0 0.17915049195289612 0 0
187 0 0.18000905215740204 0 0
188 0 0.1808447241783142 0 0
189 0 0.18165750801563263 0 0
190 0 0.1824474036693573 0 0
191 0 0.18321441113948822 0 0
192 0 0.1839585304260254 0 0
193 2 0.18445061147212982 0 0
194 2 0.18518710136413574 0 0
195 2 0.18593885004520416 0 0
196 2 0.18694010376930237 0 0
197 2 0.1877325475215912 0 0
198 2 0.1885453313589096 0 0
199 18 0.18937845528125763 0 0
200 18 0.19023193418979645 0 0
201 18 0.19110575318336487 0 0
202 18 0.1919999122619629 0 0
203 18 0.1929144263267517 0 0
204 18 0.19384928047657013 0 0
205 18 0.19480448961257935 0 0
206 18 0.19578002393245697 0 0
207 18 0.1967759132385254 0 0
208 18 0.1977921575307846 0 0
209 18 0.19882874190807343 0 0
210 18 0.19988566637039185 0 0
211 18 0.20092733204364777 0 0
212 18 0.2019689977169037 0 0
213 18 0.2030106633901596 0 0
214 18 0.20312458276748657 0 0
215 18 0.20312458276748657 0 0
216 18 0.20312458276748657 0 0
217 18 0.2032361924648285 0 0
218 18 0.20335374772548676 0 0
219 18 0.20372505486011505 0 0
220 18 0.20411160588264465 0 0
221 18 0.20451341569423676 0 0
222 18 0.20493049919605255 0 0
223 18 0.20536282658576965 0 0
224 18 0.20581041276454926 0 0
225 18 0.20627327263355255 0 0
226 18 0.20675137639045715 0 0
227 18 0.20724473893642426 0 0
228 18 0.20775337517261505 0 0
229 2 0.20827725529670715 0 0
230 2 0.20881639420986176 0 0
231 2 0.20937080681324005 0 0
232 2 0.20994046330451965 0 0
233 2 0.21052537858486176 0 0
234 0 0.21112556755542755 0 0
235 0 0.2117028534412384 0 0
236 0 0.2122572511434555 0 0
237 0 0.21278877556324005 0 0
238 0 0.21329739689826965 0 0
239 0 0.2137831300497055 0 0
240 0 0.2142459899187088 0 0
241 0 0.21468594670295715 0 0
242 0 0.21510301530361176 0 0
243 0 0.2154972106218338 0 0
244 0 0.2158685028553009 0 0
245 0 0.21621690690517426 0 0
246 0 0.21654243767261505 0 0
247 2 0.2168450653553009 0 0
248 2 0.217185840010643 0 0
249 2 0.2175418883562088 0 0
250 2 0.2179131805896759 0 0
251 2 0.2182997316122055 0 0
252 2 0.2187015563249588 0 0
253 2 0.2191186249256134 0 0
254 2 0.2195509523153305 0 0
255 2 0.2199985533952713 0 0
256 2 0.2204613983631134 0 0
257 2 0.220939502120018 0 0
258 2 0.2214328795671463 0 0
259 2 0.2219415009021759 0 0
260 2 0.222465381026268 0 0
261 18 0.2230045348405838 0 0
262 18 0.2235589325428009 0 0
263 18 0.2241285890340805 0 0
264 18 0.2247135192155838 0 0
265 18 0.2253136932849884 0 0
266 18 0.2259291261434555 0 0
267 18 0.2265598326921463 0 0
268 18 0.2272057831287384 0 0
269 18 0.227866992354393 0 0
270 18 0.2285434752702713 0 0
271 18 0.2292352020740509 0 0
272 18 0.229942187666893 0 0
273 0 0.2306644469499588 0 0
274 0 0.23136380314826965 0 0
275 0 0.23204027116298676 0 0
276 0 0.2326938658952713 0 0
277 0 0.2333245575428009 0 0
278 0 0.23393236100673676 0 0
279 0 0.23451729118824005 0 0
280 0 0.2350793182849884 0 0
281 1 0.235618457198143 0 0
282 1 0.2361270934343338 0 0
283 1 0.2366051971912384 0 0
284 1 0.237052783370018 0 0
285 1 0.2374698668718338 0 0
286 1 0.2378564178943634 0 0
287 1 0.238212451338768 0 0
288 1 0.2385379821062088 0 0
289 1 0.2388329803943634 0 0
290 1 0.2384922057390213 0 0
291 1 0.2381361573934555 0 0
292 1 0.2377648651599884 0 0
293 1 0.2373783141374588 0 0
294 1 0.2369764894247055 0 0
295 1 0.2365594208240509 0 0
296 1 0.2361270934343338 0 0
297 1 0.235679492354393 0 0
298 1 0.2352166473865509 0 0
299 1 0.2347385436296463 0 0
300 1 0.234245166182518 0 0
301 1 0.2337365448474884 0 0
302 1 0.2332126647233963 0 0
303 1 0.2326735109090805 0 0
304 1 0.2321191132068634 0 0
305 2 0.2315494567155838 0 0
306 2 0.231010302901268 0 0
307 2 0.2305016815662384 0 0
308 2 0.2300235778093338 0 0
309 2 0.229575976729393 0 0
310 2 0.2291589081287384 0 0
311 2 0.2287723571062088 0 0
312 2 0.228416308760643 0 0
313 2 0.2280907928943634 0 0
314 2 0.2277957946062088 0 0
315 2 0.2281365692615509 0 0
316 18 0.2284926027059555 0 0
317 18 0.2288639098405838 0 0
318 18 0.2292504608631134 0 0
319 18 0.2296522706747055 0 0
320 18 0.2300693541765213 0 0
321 18 0.2305016815662384 0 0
322 18 0.230949267745018 0 0
323 18 0.2314121276140213 0 0
324 18 0.2318902313709259 0 0
325 18 0.232383593916893 0 0
326 18 0.2328922301530838 0 0
327 18 0.2334161102771759 0 0
328 18 0.2339552491903305 0 0
329 18 0.2345096617937088 0 0
330 18 0.2350793182849884 0 0
331 18 0.2356642335653305 0 0
332 18 0.2362644225358963 0 0
333 2 0.2368798553943634 0 0
334 2 0.237510547041893 0 0
335 2 0.2381565123796463 0 0
336 2 0.2388177216053009 0 0
337 2 0.239494189620018 0 0
338 2 0.2401859313249588 0 0
339 2 0.2408929169178009 0 0
340 2 0.2416151612997055 0 0
341 2 0.2423526793718338 0 0
342 2 0.2431054413318634 0 0
343 2 0.24410772323608398 0 0
344 2 0.24490118026733398 0 0
345 2 0.2457149773836136 0 0
346 2 0.24654912948608398 0 0
347 2 0.24740362167358398 0 0
348 2 0.2482784539461136 0 0
349 2 0.24917364120483398 0 0
350 2 0.250089168548584 0 0
351 2 0.2510250210762024 0 0
352 2 0.251981258392334 0 0
353 2 0.252957820892334 0 0
354 2 0.2539547085762024 0 0
355 2 0.254971981048584 0 0
356 2 0.256009578704834 0 0
357 2 0.2570675015449524 0 0
358 2 0.2581091821193695 0 0
359 2 0.2591508626937866 0 0
360 2 0.26019251346588135 0 0
361 2 0.26123419404029846 0 0
362 2 0.2622758448123932 0 0
363 0 0.2633175253868103 0 0
364 0 0.2643362879753113 0 0
365 0 0.2653321921825409 0 0
366 0 0.26630517840385437 0 0
367 0 0.2672553062438965 0 0
368 0 0.26818251609802246 0 0
369 0 0.2690868675708771 0 0
370 0 0.26996830105781555 0 0
371 0 0.27082687616348267 0 0
372 0 0.27166253328323364 0 0
373 0 0.27247533202171326 0 0
374 0 0.2732652425765991 0 0
375 0 0.27403223514556885 0 0
376 0 0.2747763693332672 0 0
377 0 0.27526843547821045 0 0
378 0 0.2759667634963989 0 0
379 0 0.27664223313331604 0 0
380 0 0.277294784784317 0 0
381 0 0.27792447805404663 0 0
382 0 0.2785312533378601 0 0
383 0 0.2791151702404022 0 0
384 0 0.2796761691570282 0 0
385 0 0.2802143096923828 0 0
386 0 0.2807295620441437 0 0
387 0 0.2812218964099884 0 0
388 0 0.28169137239456177 0 0
389 0 0.282137930393219 0 0
390 0 0.28256163001060486 0 0
391 0 0.2829624116420746 0 0
392 0 0.28334033489227295 0 0
393 0 0.2836953401565552 0 0
394 0 0.28402748703956604 0 0
395 0 0.28433671593666077 0 0
396 0 0.28462308645248413 0 0
397 0 0.28488653898239136 0 0
398 0 0.2851271331310272 0 0
399 0 0.28534480929374695 0 0
400 0 0.2855396270751953 0 0
401 0 0.2857115566730499 0 0
402 0 0.2858605682849884 0 0
403 0 0.2859867215156555 0 0
404 0 0.2860899567604065 0 0
405 0 0.2861703336238861 0 0
406 0 0.2862277925014496 0 0
407 0 0.2862623929977417 0 0
408 0 0.2862740755081177 0 0
409 2 0.2862628996372223 0 0
410 2 0.2866036593914032 0 0
411 2 0.286959707736969 0 0
412 2 0.2873310148715973 0 0
413 2 0.2877175509929657 0 0
414 2 0.288119375705719 0 0
415 2 0.2885364592075348 0 0
416 2 0.2889687716960907 0 0
417 2 0.2894163727760315 0 0
418 2 0.2898792326450348 0 0
419 2 0.2903573215007782 0 0
420 2 0.2908506989479065 0 0
421 2 0.2913593351840973 0 0
422 2 0.2918832004070282 0 0
423 2 0.292422354221344 0 0
424 2 0.2929767668247223 0 0
425 2 0.2935464084148407 0 0
426 18 0.294131338596344 0 0
427 18 0.2947315275669098 0 0
428 18 0.2953469455242157 0 0
429 18 0.2959776520729065 0 0
430 18 0.2966236174106598 0 0
431 18 0.2972848117351532 0 0
432 18 0.2979612946510315 0 0
433 18 0.2986530363559723 0 0
434 18 0.2993600070476532 0 0
435 18 0.300082266330719 0 0
436 18 0.3008197844028473 0 0
437 18 0.3015725314617157 0 0
438 18 0.3025748133659363 0 0
439 18 0.3033682703971863 0 0
440 18 0.3041820824146271 0 0
441 2 0.3050162196159363 0 0
442 2 0.3058707118034363 0 0
443 2 0.3067455589771271 0 0
444 2 0.3076407313346863 0 0
445 2 0.3085562586784363 0 0
446 2 0.3094921410083771 0 0
447 2 0.3104483485221863 0 0
448 2 0.3114249110221863 0 0
449 2 0.3124218285083771 0 0
450 2 0.3134390711784363 0 0
451 2 0.3144766688346863 0 0
452 2 0.3155346214771271 0 0
453 2 0.3165762722492218 0 0
454 2 0.3176179528236389 0 0
455 2 0.31865960359573364 0 0
456 2 0.31970128417015076 0 0
457 2 0.32074296474456787 0 0
458 2 0.3217846155166626 0 0
459 2 0.3228262960910797 0 0
460 2 0.32386794686317444 0 0
461 2 0.32490962743759155 0 0
462 2 0.3259512782096863 0 0
463 2 0.3269929587841034 0 0
464 2 0.3280346095561981 0 0
465 2 0.32907629013061523 0 0
466 2 0.33011794090270996 0 0
467 2 0.3311596214771271 0 0
468 2 0.3322012722492218 0 0
469 2 0.3332429528236389 0 0
470 2 0.33428460359573364 0 0
471 2 0.33532628417015076 0 0
472 2 0.33636796474456787 0 0
473 2 0.3374096155166626 0 0
474 2 0.3384512960910797 0 0
475 2 0.33949294686317444 0 0
476 2 0.34053462743759155 0 0
477 2 0.3415762782096863 0 0
478 2 0.3426179587841034 0 0
479 0 0.3436596095561981 0 0
480 2 0.3446784019470215 0 0
481 2 0.34571751952171326 0 0
482 2 0.3467769920825958 0 0
483 2 0.34781864285469055 0 0
484 2 0.34886032342910767 0 0
485 2 0.3499019742012024 0 0
486 2 0.3509436547756195 0 0
487 2 0.3519853353500366 0 0
488 2 0.35302698612213135 0 0
489 2 0.35406866669654846 0 0
490 2 0.3551103174686432 0 0
491 2 0.3561519980430603 0 0
492 2 0.35719364881515503 0 0
493 2 0.35823532938957214 0 0
494 2 0.35927698016166687 0 0
495 2 0.360318660736084 0 0
496 2 0.3613603115081787 0 0
497 2 0.3624019920825958 0 0
498 2 0.36344364285469055 0 0
499 2 0.36448532342910767 0 0
500 2 0.3655269742012024 0 0
501 2 0.3665686547756195 0 0
502 2 0.3676103353500366 0 0
503 2 0.36865198612213135 0 0
504 2 0.36969366669654846 0 0
505 2 0.3707353174686432 0 0
506 2 0.3717769980430603 0 0
507 2 0.37281864881515503 0 0
508 2 0.37386032938957214 0 0
509 2 0.37490198016166687 0 0
510 2 0.375943660736084 0 0
511 2 0.3769853115081787 0 0
512 2 0.3780269920825958 0 0
513 2 0.37906864285469055 0 0
514 2 0.38011032342910767 0 0
515 2 0.3811519742012024 0 0
516 2 0.3821936547756195 0 0
517 2 0.3832353353500366 0 0
518 2 0.38427698612213135 0 0
519 2 0.38531866669654846 0 0
520 2 0.3863603174686432 0 0
521 2 0.3874019980430603 0 0
522 2 0.38844364881515503 0 0
523 2 0.38948532938957214 0 0
524 2 0.39052698016166687 0 0
525 2 0.391568660736084 0 0
526 2 0.3926103115081787 0 0
527 2 0.3936519920825958 0 0
528 2 0.39469364285469055 0 0
529 2 0.39573532342910767 0 0
530 2 0.3967769742012024 0 0
531 2 0.3978186547756195 0 0
532 2 0.3988603353500366 0 0
533 2 0.39990198612213135 0 0
534 2 0.40094366669654846 0 0
535 2 0.4019853174686432 0 0
536 2 0.4030269980430603 0 0
537 2 0.40406864881515503 0 0
538 2 0.40511032938957214 0 0
539 2 0.40615198016166687 0 0
540 2 0.407193660736084 0 0
541 2 0.4082353115081787 0 0
542 2 0.4092769920825958 0 0
543 2 0.41031864285469055 0 0
544 2 0.41136032342910767 0 0
545 2 0.4124019742012024 0 0
546 2 0.4134436547756195 0 0
547 2 0.4144853353500366 0 0
548 2 0.41552698612213135 0 0
549 2 0.41656866669654846 0 0
550 2 0.4176103174686432 0 0
551 2 0.4186519980430603 0 0
552 2 0.41969364881515503 0 0
553 2 0.42073532938957214 0 0
554 2 0.42177698016166687 0 0
555 2 0.422818660736084 0 0
556 2 0.4238603115081787 0 0
557 2 0.4249019920825958 0 0
558 2 0.42594364285469055 0 0
559 2 0.42698532342910767 0 0
560 2 0.4280269742012024 0 0
561 2 0.4290686547756195 0 0
562 2 0.4301103353500366 0 0
563 2 0.43115198612213135 0 0
564 2 0.43219366669654846 0 0
565 2 0.4332353174686432 0 0
566 2 0.4342769980430603 0 0
567 2 0.43531864881515503 0 0
568 2 0.43636032938957214 0 0
569 2 0.43740198016166687 0 0
570 2 0.438443660736084 0 0
571 2 0.4394853115081787 0 0
572 2 0.4405269920825958 0 0
573 2 0.44156864285469055 0 0
574 2 0.44261032342910767 0 0
575 2 0.4436519742012024 0 0
576 2 0.4446936547756195 0 0
577 2 0.4457353353500366 0 0
578 2 0.44677698612213135 0 0
579 2 0.44781866669654846 0 0
580 2 0.4488603174686432 0 0
581 2 0.4499019980430603 0 0
582 2 0.45094364881515503 0 0
583 2 0.45198532938957214 0 0
584 18 0.45302698016166687 0 0
585 18 0.454068660736084 0 0
586 18 0.4551103115081787 0 0
587 18 0.4561519920825958 0 0
588 18 0.4564579129219055 0 0
589 18 0.4564579129219055 0 0
590 18 0.4564579129219055 0 0
591 18 0.4564579129219055 0 0
592 18 0.4564579129219055 0 0
593 18 0.4564579129219055 0 0
594 18 0.4564579129219055 0 0
595 18 0.4564579129219055 0 0
596 18 0.4564579129219055 0 0
597 18 0.4564579129219055 0 0
598 18 0.45749959349632263 0 0
599 18 0.45854127407073975 0 0
600 18 0.4595829248428345 0 0
601 18 0.4606246054172516 0 0
602 18 0.4616662561893463 0 0
603 18 0.4627079367637634 0 0
604 18 0.46374958753585815 0 0
605 2 0.46479126811027527 0 0
606 2 0.46583291888237 0 0
607 2 0.4668745994567871 0 0
608 2 0.46791625022888184 0 0
609 2 0.46895793080329895 0 0
610 2 0.4699995815753937 0 0
611 2 0.4710412621498108 0 0
612 2 0.4720829129219055 0 0
613 2 0.47312459349632263 0 0
614 2 0.47416627407073975 0 0
615 2 0.4752079248428345 0 0
616 2 0.4762496054172516 0 0
617 2 0.4772912561893463 0 0
618 2 0.4783329367637634 0 0
619 2 0.47937458753585815 0 0
620 2 0.48041626811027527 0 0
621 2 0.48145791888237 0 0
622 2 0.4824995994567871 0 0
623 2 0.48354125022888184 0 0
624 2 0.48458293080329895 0 0
625 2 0.4856245815753937 0 0
626 2 0.4866662621498108 0 0
627 2 0.4877079129219055 0 0
628 2 0.48874959349632263 0 0
629 2 0.48979127407073975 0 0
630 2 0.4908329248428345 0 0
631 2 0.4918746054172516 0 0
632 2 0.4929162561893463 0 0
633 2 0.4939579367637634 0 0
634 2 0.49499958753585815 0 0
635 2 0.49604126811027527 0 0
636 2 0.49708291888237 0 0
637 2 0.4981245994567871 0 0
638 2 0.49916625022888184 0 0
639 2 0.5002079010009766 0 0
640 2 0.5012496113777161 0 0
641 2 0.5022912621498108 0 0
642 2 0.5033329129219055 0 0
643 2 0.5043745636940002 0 0
644 2 0.5054162740707397 0 0
645 2 0.5064579248428345 0 0
646 2 0.5074995756149292 0 0
647 2 0.5085412859916687 0 0
648 2 0.5095829367637634 0 0
649 2 0.5106245875358582 0 0
650 2 0.5116662383079529 0 0
651 2 0.5127079486846924 0 0
652 2 0.5137495994567871 0 0
653 18 0.5147912502288818 0 0
654 18 0.5158329010009766 0 0
655 18 0.5164579153060913 0 0
656 18 0.5164579153060913 0 0
657 18 0.517499566078186 0 0
658 18 0.5185412764549255 0 0
659 2 0.5195829272270203 0 0
660 2 0.520624577999115 0 0
661 2 0.5216662883758545 0 0
662 2 0.5227079391479492 0 0
663 2 0.523749589920044 0 0
664 2 0.5247912406921387 0 0
665 2 0.5258329510688782 0 0
666 2 0.5268746018409729 0 0
667 2 0.5279162526130676 0 0
668 2 0.5289579033851624 0 0
669 2 0.5299996137619019 0 0
670 2 0.5310412645339966 0 0
671 2 0.5320829153060913 0 0
672 2 0.533124566078186 0 0
673 2 0.5341662764549255 0 0
674 2 0.5352079272270203 0 0
675 2 0.536249577999115 0 0
676 2 0.5372912883758545 0 0
677 2 0.5383329391479492 0 0
678 2 0.539374589920044 0 0
679 2 0.5404162406921387 0 0
680 2 0.5414579510688782 0 0
681 2 0.5424996018409729 0 0
682 2 0.5435412526130676 0 0
683 2 0.5445829033851624 0 0
684 2 0.5456246137619019 0 0
685 2 0.5466662645339966 0 0
686 2 0.5477079153060913 0 0
687 2 0.548749566078186 0 0
688 2 0.5497912764549255 0 0
689 2 0.5508329272270203 0 0
690 2 0.551874577999115 0 0
691 2 0.5529162883758545 0 0
692 2 0.5539579391479492 0 0
693 2 0.554999589920044 0 0
694 2 0.5560412406921387 0 0
695 2 0.5570829510688782 0 0
696 2 0.5581246018409729 0 0
697 2 0.5591662526130676 0 0
698 2 0.5602079033851624 0 0
699 2 0.5612496137619019 0 0
700 2 0.5622912645339966 0 0
701 2 0.5633329153060913 0 0
702 2 0.564374566078186 0 0
703 2 0.5654162764549255 0 0
704 2 0.5664579272270203 0 0
705 2 0.567499577999115 0 0
706 2 0.5685412883758545 0 0
707 2 0.5695829391479492 0 0
708 2 0.570624589920044 0 0
709 2 0.5716662406921387 0 0
710 2 0.5727079510688782 0 0
711 2 0.5737496018409729 0 0
712 2 0.5747912526130676 0 0
713 2 0.5758329033851624 0 0
714 2 0.5768746137619019 0 0
715 2 0.5779162645339966 0 0
716 2 0.5789579153060913 0 0
717 2 0.579999566078186 0 0
718 2 0.5810412764549255 0 0
719 2 0.5820829272270203 0 0
720 2 0.583124577999115 0 0
721 0 0.5841662883758545 0 0
722 0 0.5851850509643555 0 0
723 0 0.5861809253692627 0 0
724 0 0.5871539115905762 0 0
725 0 0.5881040692329407 0 0
726 0 0.5890312790870667 0 0
727 0 0.5899356007575989 0 0
728 0 0.5908170342445374 0 0
729 0 0.5916756391525269 0 0
730 0 0.5925112962722778 0 0
731 1 0.5933240652084351 0 0
732 1 0.5941063165664673 0 0
733 1 0.5948581099510193 0 0
734 1 0.5955793261528015 0 0
735 1 0.5960408449172974 0 0
736 1 0.5967010259628296 0 0
737 1 0.5973307490348816 0 0
738 1 0.5979298949241638 0 0
739 1 0.598498523235321 0 0
740 1 0.5990366339683533 0 0
741 1 0.5995442867279053 0 0
742 1 0.6000213623046875 0 0
743 1 0.6004679203033447 0 0
744 1 0.6008840203285217 0 0
745 1 0.601269543170929 0 0
746 1 0.6016245484352112 0 0
747 1 0.6019490361213684 0 0
748 1 0.6016082763671875 0 0
749 1 0.6012522578239441 0 0
750 1 0.6008809208869934 0 0
751 1 0.600494384765625 0 0
752 1 0.6000925898551941 0 0
753 1 0.5996754765510559 0 0
754 1 0.5992431640625 0 0
755 1 0.5987955927848816 0 0
756 1 0.5983327031135559 0 0
757 1 0.5978546142578125 0 0
758 1 0.5973612666130066 0 0
759 1 0.5968526005744934 0 0
760 1 0.5963287353515625 0 0
761 0 0.5957896113395691 0 0
762 0 0.5952733159065247 0 0
763 0 0.5947799682617188 0 0
764 0 0.5943095088005066 0 0
765 0 0.5938618779182434 0 0
766 0 0.5934371948242188 0 0
767 0 0.5930353999137878 0 0
768 0 0.5926564335823059 0 0
769 0 0.5923004150390625 0 0
770 0 0.5919672846794128 0 0
771 1 0.5916569828987122 0 0
772 1 0.5913162231445312 0 0
773 1 0.5909602046012878 0 0
774 1 0.5905888676643372 0 0
775 1 0.5902023315429688 0 0
776 1 0.5898005366325378 0 0
777 17 0.5893834233283997 0 0
778 17 0.5889511108398438 0 0
779 17 0.5885035395622253 0 0
780 17 0.5880406498908997 0 0
781 17 0.5875625610351562 0 0
782 17 0.5870692133903503 0 0
783 17 0.5865605473518372 0 0
784 17 0.5860366821289062 0 0
785 17 0.5854975581169128 0 0
786 17 0.5849431157112122 0 0
787 17 0.5843734741210938 0 0
788 17 0.5837885737419128 0 0
789 17 0.5831883549690247 0 0
790 17 0.5825729370117188 0 0
791 17 0.5819422602653503 0 0
792 17 0.5812962651252747 0 0
793 17 0.5806350708007812 0 0
794 17 0.5799586176872253 0 0
795 17 0.5792668461799622 0 0
796 17 0.5785598754882812 0 0
797 17 0.5778376460075378 0 0
798 17 0.5771000981330872 0 0
799 17 0.5763473510742188 0 0
800 17 0.5758033990859985 0 0
801 17 0.5750099420547485 0 0
802 17 0.5741961598396301 0 0
803 17 0.5733619928359985 0 0
804 17 0.5725075006484985 0 0
805 17 0.5716326832771301 0 0
806 17 0.5707374811172485 0 0
807 17 0.5698219537734985 0 0
808 17 0.5688861012458801 0 0
809 17 0.5679298639297485 0 0
810 17 0.5669533014297485 0 0
811 17 0.5659564137458801 0 0
812 17 0.5649391412734985 0 0
813 17 0.5639015436172485 0 0
814 17 0.5628436207771301 0 0
815 1 0.5618019700050354 0 0
816 1 0.5607603192329407 0 0
817 1 0.5597186088562012 0 0
818 1 0.5586769580841064 0 0
819 1 0.5576353073120117 0 0
820 1 0.556593656539917 0 0
821 1 0.5555519461631775 0 0
822 1 0.5545102953910828 0 0
823 1 0.553468644618988 0 0
824 1 0.5524269342422485 0 0
825 1 0.5513852834701538 0 0
826 1 0.5503436326980591 0 0
827 1 0.5493019819259644 0 0
828 1 0.5482602715492249 0 0
829 1 0.5472186207771301 0 0
830 1 0.5461769700050354 0 0
831 1 0.5451353192329407 0 0
832 1 0.5440936088562012 0 0
833 1 0.5430519580841064 0 0
834 1 0.5420103073120117 0 0
835 1 0.540968656539917 0 0
836 1 0.5399269461631775 0 0
837 1 0.5388852953910828 0 0
838 1 0.537843644618988 0 0
839 1 0.5368019342422485 0 0
840 1 0.5357602834701538 0 0
841 1 0.5347186326980591 0 0
842 1 0.5336769819259644 0 0
843 1 0.5326352715492249 0 0
844 1 0.5315936207771301 0 0
845 1 0.5305519700050354 0 0
846 1 0.5295103192329407 0 0
847 1 0.5284686088562012 0 0
848 1 0.5274269580841064 0 0
849 1 0.5263853073120117 0 0
850 1 0.525343656539917 0 0
851 1 0.5243019461631775 0 0
852 1 0.5232602953910828 0 0
853 1 0.522218644618988 0 0
854 1 0.5211769342422485 0 0
855 1 0.5201352834701538 0 0
856 1 0.5190936326980591 0 0
857 1 0.5180519819259644 0 0
858 1 0.5170102715492249 0 0
859 1 0.5159686207771301 0 0
860 1 0.5149269700050354 0 0
861 1 0.5138853192329407 0 0
862 1 0.5128436088562012 0 0
863 1 0.5118019580841064 0 0
864 1 0.5107603073120117 0 0
865 1 0.509718656539917 0 0
866 1 0.5086769461631775 0 0
867 0 0.5076352953910828 0 0
868 0 0.5066165328025818 0 0
869 0 0.5056205987930298 0 0
870 0 0.5046476125717163 0 0
871 0 0.5036975145339966 0 0
872 0 0.5027703046798706 0 0
873 0 0.5018659234046936 0 0
874 0 0.5009844899177551 0 0
875 0 0.5001259446144104 0 0
876 0 0.49929025769233704 0 0
877 0 0.4984774887561798 0 0
878 0 0.49768757820129395 0 0
879 0 0.4969205856323242 0 0
880 0 0.49617645144462585 0 0
881 1 0.49522602558135986 0 0
882 1 0.49448955059051514 0 0
883 1 0.4937377870082855 0 0
884 1 0.4931948781013489 0 0
885 1 0.49240243434906006 0 0
886 1 0.49158966541290283 0 0
887 1 0.4907565414905548 0 0
888 1 0.489903062582016 0 0
889 1 0.4890292286872864 0 0
890 1 0.48813506960868835 0 0
891 1 0.48722055554389954 0 0
892 1 0.4862857162952423 0 0
893 1 0.4853304922580719 0 0
894 1 0.48435497283935547 0 0
895 0 0.48335906863212585 0 0
896 0 0.4823860824108124 0 0
897 0 0.48143595457077026 0 0
898 0 0.4805087149143219 0 0
899 1 0.4796043932437897 0 0
900 1 0.47867971658706665 0 0
901 0 0.47773468494415283 0 0
902 0 0.47681254148483276 0 0
903 0 0.47591328620910645 0 0
904 0 0.4750369191169739 0 0
905 0 0.47418344020843506 0 0
906 0 0.4733528792858124 0 0
907 0 0.47254517674446106 0 0
908 0 0.4717603623867035 0 0
909 0 0.4709984362125397 0 0
910 0 0.4702593982219696 0 0
911 0 0.4693140685558319 0 0
912 0 0.46862080693244934 0 0
913 0 0.4679504334926605 0 0
914 0 0.46730294823646545 0 0
915 0 0.46667835116386414 0 0
916 0 0.46607667207717896 0 0
917 0 0.46549785137176514 0 0
918 0 0.46494191884994507 0 0
919 1 0.46440887451171875 0 0
920 1 0.46386057138442993 0 0
921 1 0.4632970094680786 0 0
922 1 0.4627181887626648 0 0
923 1 0.46212413907051086 0 0
924 1 0.46151480078697205 0 0
925 1 0.4608902037143707 0 0
926 1 0.4602503478527069 0 0
927 1 0.4595952332019806 0 0
928 1 0.4589248597621918 0 0
929 1 0.45823922753334045 0 0
930 1 0.45753833651542664 0 0
931 0 0.4568222165107727 0 0
932 0 0.45612895488739014 0 0
933 0 0.4554585814476013 0 0
934 0 0.45481109619140625 0 0
935 0 0.45418649911880493 0 0
936 0 0.45358479022979736 0 0
937 2 0.45300596952438354 0 0
938 2 0.4524576961994171 0 0
939 2 0.4519399106502533 0 0
940 2 0.4514526426792145 0 0
941 2 0.45099589228630066 0 0
942 2 0.45056965947151184 0 0
943 2 0.450173944234848 0 0
944 2 0.4498087465763092 0 0
945 2 0.4494740664958954 0 0
946 2 0.44916993379592896 0 0
947 2 0.44951069355010986 0 0
948 2 0.44986674189567566 0 0
949 2 0.45023804903030396 0 0
950 2 0.45062458515167236 0 0
951 2 0.45102640986442566 0 0
952 2 0.45144349336624146 0 0
953 2 0.45187580585479736 0 0
954 2 0.45232340693473816 0 0
955 2 0.45278626680374146 0 0
956 2 0.45326435565948486 0 0
957 2 0.45375773310661316 0 0
958 2 0.45426636934280396 0 0
959 0 0.45479023456573486 0 0
960 0 0.4552912414073944 0 0
961 0 0.4557693600654602 0 0
962 0 0.45622456073760986 0 0
963 0 0.45665690302848816 0 0
964 0 0.4570663571357727 0 0
965 1 0.4574528932571411 0 0
966 1 0.4578089416027069 0 0
967 1 0.4581344723701477 0 0
968 1 0.4584294557571411 0 0
969 1 0.4580886960029602 0 0
970 1 0.4577326476573944 0 0
971 1 0.4573613405227661 0 0
972 1 0.4569748044013977 0 0
973 1 0.45664623379707336 0 0
974 1 0.45664623379707336 0 0
975 1 0.45664623379707336 0 0
976 1 0.45664623379707336 0 0
977 1 0.45664623379707336 0 0
978 1 0.45664623379707336 0 0
979 1 0.45664623379707336 0 0
980 1 0.45664623379707336 0 0
981 1 0.45664623379707336 0 0
982 1 0.45664623379707336 0 0
983 1 0.45664623379707336 0 0
984 1 0.45664623379707336 0 0
985 1 0.45664623379707336 0 0
986 1 0.45664623379707336 0 0
987 1 0.45603078603744507 0 0
988 1 0.4554000794887543 0 0
989 1 0.45475414395332336 0 0
990 1 0.45409291982650757 0 0
991 1 0.4534164369106293 0 0
992 1 0.45272472500801086 0 0
993 1 0.45201772451400757 0 0
994 1 0.4512954652309418 0 0
995 1 0.45055797696113586 0 0
996 1 0.44980520009994507 0 0
997 1 0.44926127791404724 0 0
998 1 0.44846782088279724 0 0
999 1 0.44765400886535645 0 0
1000 1 0.44681987166404724 0 0
1001 1 0.44596537947654724 0 0
1002 1 0.44509053230285645 0 0
1003 1 0.44419535994529724 0 0
1004 1 0.44327983260154724 0 0
1005 1 0.44234395027160645 0 0
1006 1 0.44138774275779724 0 0
1007 1 0.44041118025779724 0 0
1008 1 0.43941426277160645 0 0
1009 1 0.43839702010154724 0 0
1010 1 0.43735942244529724 0 0
1011 1 0.43630146980285645 0 0
1012 1 0.4352598190307617 0 0
1013 17 0.4342181384563446 0 0
1014 17 0.4331764876842499 0 0
1015 17 0.43213480710983276 0 0
1016 17 0.43109312653541565 0 0
1017 17 0.4300514757633209 0 0
1018 17 0.4290097951889038 0 0
1019 1 0.4279681444168091 0 0
1020 1 0.42692646384239197 0 0
1021 1 0.42588481307029724 0 0
1022 1 0.4248431324958801 0 0
1023 1 0.4238014817237854 0 0
1024 1 0.4227598011493683 0 0
1025 1 0.42171815037727356 0 0
1026 1 0.42067646980285645 0 0
1027 1 0.4196348190307617 0 0
1028 1 0.4185931384563446 0 0
1029 0 0.4175514876842499 0 0
1030 0 0.4165326952934265 0 0
1031 0 0.4155367910861969 0 0
1032 0 0.4145638048648834 0 0
1033 0 0.4136136770248413 0 0
1034 0 0.41268646717071533 0 0
1035 0 0.4117821156978607 0 0
1036 0 0.41090068221092224 0 0
1037 0 0.4100421071052551 0 0
1038 0 0.40920644998550415 0 0
1039 0 0.40839365124702454 0 0
1040 0 0.40760377049446106 0 0
1041 0 0.40683674812316895 0 0
1042 0 0.40609264373779297 0 0
1043 0 0.40514224767684937 0 0
1044 0 0.4044438898563385 0 0
1045 0 0.4037684500217438 0 0
1046 0 0.4031158685684204 0 0
1047 0 0.4024862051010132 0 0
1048 0 0.4018794000148773 0 0
1049 0 0.4012954831123352 0 0
1050 0 0.40073448419570923 0 0
1051 0 0.4001963436603546 0 0
1052 0 0.39968112111091614 0 0
1053 2 0.399188756942749 0 0
1054 2 0.3987269401550293 0 0
1055 2 0.3982956111431122 0 0
1056 2 0.39789482951164246 0 0
1057 2 0.39752453565597534 0 0
1058 2 0.3971847891807556 0 0
1059 2 0.3968755304813385 0 0
1060 2 0.3972163200378418 0 0
1061 2 0.3975723385810852 0 0
1062 2 0.3979436457157135 0 0
1063 0 0.3983302116394043 0 0
1064 0 0.39869385957717896 0 0
1065 0 0.39903464913368225 0 0
1066 0 0.3993525505065918 0 0
1067 2 0.3993525505065918 0 0
1068 2 0.3996933102607727 0 0
1069 2 0.4000493586063385 0 0
1070 2 0.4004206657409668 0 0
1071 2 0.4008072018623352 0 0
1072 2 0.4012090265750885 0 0
1073 0 0.4016261100769043 0 0
1074 0 0.40202027559280396 0 0
1075 0 0.40239158272743225 0 0
1076 1 0.4027400016784668 0 0
1077 1 0.40305787324905396 0 0
1078 1 0.40271711349487305 0 0
1079 17 0.40236106514930725 0 0
1080 17 0.40198975801467896 0 0
1081 17 0.40160322189331055 0 0
1082 17 0.40120139718055725 0 0
1083 17 0.40078431367874146 0 0
1084 17 0.40035200119018555 0 0
1085 17 0.39990440011024475 0 0
1086 17 0.39944154024124146 0 0
1087 17 0.39896345138549805 0 0
1088 17 0.39847007393836975 0 0
1089 17 0.3985849916934967 0 1
1089 17 0.3985849916934967 0 1
