data/levels/world2/Mouldy_Grotto.stl
1 0 0.022484373301267624 0 0
2 0 0.022484373301267624 0 0
3 0 0.022484373301267624 0 0
4 0 0.022484373301267624 0 0
5 0 0.022484373301267624 0 0
6 0 0.022484373301267624 0 0
7 0 0.022484373301267624 0 0
8 0 0.022484373301267624 0 0
9 0 0.022484373301267624 0 0
10 0 0.022484373301267624 0 0
11 0 0.022484373301267624 0 0
12 0 0.022484373301267624 0 0
13 0 0.022484373301267624 0 0
14 0 0.022484373301267624 0 0
15 0 0.022484373301267624 0 0
16 0 0.022484373301267624 0 0
17 0 0.022484373301267624 0 0
18 0 0.022484373301267624 0 0
19 0 0.022484373301267624 0 0
20 0 0.022484373301267624 0 0
21 0 0.022484373301267624 0 0
22 0 0.022484373301267624 0 0
23 0 0.022484373301267624 0 0
24 0 0.022484373301267624 0 0
25 0 0.022484373301267624 0 0
26 0 0.022484373301267624 0 0
27 0 0.022484373301267624 0 0
28 0 0.022484373301267624 0 0
29 0 0.022484373301267624 0 0
30 0 0.022484373301267624 0 0
31 0 0.022484373301267624 0 0
32 0 0.022484373301267624 0 0
33 0 0.022484373301267624 0 0
34 0 0.022484373301267624 0 0
35 0 0.022484373301267624 0 0
36 0 0.022484373301267624 0 0
37 0 0.022484373301267624 0 0
38 0 0.022484373301267624 0 0
39 0 0.022484373301267624 0 0
40 0 0.022484373301267624 0 0
41 0 0.022484373301267624 0 0
42 0 0.022484373301267624 0 0
43 0 0.022484373301267624 0 0
44 0 0.022484373301267624 0 0
45 0 0.022484373301267624 0 0
46 2 0.022484373301267624 0 0
47 2 0.0227399580180645 0 0
48 2 0.02300698682665825 0 0
49 2 0.023285459727048874 0 0
50 2 0.023575376719236374 0 0
51 2 0.02387673780322075 0 0
52 2 0.024189542979002 0 0
53 2 0.024513792246580124 0 0
54 2 0.024849485605955124 0 0
55 2 0.025196623057127 0 0
56 2 0.02555520460009575 0 0
57 2 0.025925230234861374 0 0
58 2 0.026306699961423874 0 0
59 2 0.02669961377978325 0 0
60 2 0.0271039716899395 0 0
61 2 0.027519773691892624 0 0
62 2 0.027947019785642624 0 0
63 2 0.0283857099711895 0 0
64 2 0.02883584424853325 0 0
65 2 0.029297422617673874 0 0
66 2 0.029770445078611374 0 0
67 2 0.03025491163134575 0 0
68 2 0.030750822275877 0 0
69 2 0.031258177012205124 0 0
70 18 0.031776975840330124 0 0
71 18 0.032307218760252 0 0
72 18 0.03284890577197075 0 0
73 18 0.033402036875486374 0 0
74 18 0.033966612070798874 0 0
75 18 0.03471832349896431 0 0
76 18 0.03531341627240181 0 0
77 18 0.03592376783490181 0 0
78 18 0.03654937818646431 0 0
79 18 0.03719024732708931 0 0
80 2 0.03784637525677681 0 0
81 2 0.03851776197552681 0 0
82 2 0.03920440748333931 0 0
83 2 0.03990631178021431 0 0
84 2 0.04062347486615181 0 0
85 2 0.04135589674115181 0 0
86 2 0.04210357740521431 0 0
87 2 0.04234343394637108 0 0
88 2 0.042427144944667816 0 0
89 2 0.042515311390161514 0 0
90 2 0.042515311390161514 0 0
91 2 0.042515311390161514 0 0
92 2 0.042515311390161514 0 0
93 2 0.042515311390161514 0 0
94 2 0.042515311390161514 0 0
95 2 0.042515311390161514 0 0
96 2 0.042515311390161514 0 0
97 2 0.042515311390161514 0 0
98 2 0.042515311390161514 0 0
99 2 0.042515311390161514 0 0
100 2 0.042515311390161514 0 0
101 2 0.042851004749536514 0 0
102 2 0.04319814220070839 0 0
103 2 0.04355672374367714 0 0
104 2 0.043926749378442764 0 0
105 2 0.044308219105005264 0 0
106 2 0.04470113292336464 0 0
107 2 0.04510549083352089 0 0
108 2 0.045521292835474014 0 0
109 2 0.045948538929224014 0 0
110 2 0.04638722911477089 0 0
111 2 0.04683736339211464 0 0
112 2 0.047298941761255264 0 0
113 2 0.047771964222192764 0 0
114 2 0.04825643077492714 0 0
115 2 0.04875234141945839 0 0
116 2 0.049259696155786514 0 0
117 2 0.049778494983911514 0 0
118 2 0.05030873790383339 0 0
119 2 0.05085042491555214 0 0
120 2 0.051403556019067764 0 0
121 2 0.051968131214380264 0 0
122 2 0.0527198426425457 0 0
123 2 0.0533149354159832 0 0
124 2 0.0539252869784832 0 0
125 2 0.0545508973300457 0 0
126 2 0.0551917664706707 0 0
127 2 0.0558478944003582 0 0
128 2 0.0565192811191082 0 0
129 2 0.0572059266269207 0 0
130 2 0.0579078309237957 0 0
131 2 0.0586249940097332 0 0
132 2 0.0593574158847332 0 0
133 2 0.0601050965487957 0 0
134 2 0.0608680360019207 0 0
135 2 0.0616462342441082 0 0
136 2 0.0624396912753582 0 0
137 2 0.06322094053030014 0 0
138 2 0.06400218605995178 0 0
139 2 0.06478343904018402 0 0
140 2 0.06556469202041626 0 0
141 2 0.0663459375500679 0 0
142 2 0.06712719053030014 0 0
143 2 0.06790843605995178 0 0
144 2 0.06868968904018402 0 0
145 2 0.06947094202041626 0 0
146 2 0.0702521875500679 0 0
147 2 0.07103344053030014 0 0
148 2 0.07181468605995178 0 0
149 2 0.07259593904018402 0 0
150 2 0.07337719202041626 0 0
151 2 0.0741584375500679 0 0
152 2 0.07493969053030014 0 0
153 2 0.07572093605995178 0 0
154 2 0.07650218904018402 0 0
155 2 0.07728344202041626 0 0
156 2 0.0780646875500679 0 0
157 2 0.07884594053030014 0 0
158 2 0.07962718605995178 0 0
159 2 0.08040843904018402 0 0
160 2 0.08118969202041626 0 0
161 2 0.0819709375500679 0 0
162 2 0.08275219053030014 0 0
163 2 0.08353343605995178 0 0
164 2 0.08431468904018402 0 0
165 2 0.08509594202041626 0 0
166 2 0.0858771875500679 0 0
167 2 0.08665844053030014 0 0
168 2 0.08743968605995178 0 0
169 2 0.08822093904018402 0 0
170 2 0.08900219202041626 0 0
171 2 0.0897834375500679 0 0
172 2 0.09056469053030014 0 0
173 2 0.09134593605995178 0 0
174 2 0.09212718904018402 0 0
175 2 0.09290844202041626 0 0
176 2 0.0936896875500679 0 0
177 2 0.09447094053030014 0 0
178 2 0.09525218605995178 0 0
179 2 0.09603343904018402 0 0
180 2 0.09681469202041626 0 0
181 2 0.0975959375500679 0 0
182 0 0.09837719053030014 0 0
183 0 0.09914126992225647 0 0
184 0 0.09988819062709808 0 0
185 0 0.10061794519424438 0 0
186 0 0.10133052617311478 0 0
187 0 0.10202594846487045 0 0
188 0 0.10270419716835022 0 0
189 0 0.10336528718471527 0 0
190 0 0.10400921106338501 0 0
191 0 0.10463596135377884 0 0
192 0 0.10524555295705795 0 0
193 0 0.10583797097206116 0 0
194 0 0.10641323029994965 0 0
195 0 0.10697132349014282 0 0
196 0 0.10734037309885025 0 0
197 0 0.1078641340136528 0 0
198 0 0.10837072134017944 0 0
199 0 0.10886014997959137 0 0
200 0 0.10933241248130798 0 0
201 0 0.10978750139474869 0 0
202 0 0.11022543162107468 0 0
203 0 0.11064618825912476 0 0
204 0 0.11104978621006012 0 0
205 0 0.11143621802330017 0 0
206 1 0.11180547624826431 0 0
207 1 0.1121518537402153 0 0
208 1 0.11247533559799194 0 0
209 1 0.11277593672275543 0 0
210 1 0.11305364966392517 0 0
211 1 0.11330846697092056 0 0
212 1 0.1135404035449028 0 0
213 1 0.11328481882810593 0 0
214 1 0.11301779001951218 0 0
215 1 0.11273931711912155 0 0
216 1 0.11244940012693405 0 0
217 1 0.11214803904294968 0 0
218 1 0.11183523386716843 0 0
219 1 0.1115109845995903 0 0
220 1 0.1111752912402153 0 0
221 1 0.11082815378904343 0 0
222 1 0.11046957224607468 0 0
223 1 0.11009954661130905 0 0
224 0 0.10971807688474655 0 0
225 0 0.10935377329587936 0 0
226 0 0.10900663584470749 0 0
227 0 0.10867666453123093 0 0
228 0 0.10836385935544968 0 0
229 0 0.10806822031736374 0 0
230 0 0.10778974741697311 0 0
231 0 0.1075284406542778 0 0
232 0 0.1072843000292778 0 0
233 0 0.10705732554197311 0 0
234 2 0.10684751719236374 0 0
235 2 0.10710310190916061 0 0
236 2 0.10737013071775436 0 0
237 2 0.10764860361814499 0 0
238 2 0.10793852061033249 0 0
239 2 0.10823988169431686 0 0
240 2 0.10855268687009811 0 0
241 2 0.10887693613767624 0 0
242 2 0.10921262949705124 0 0
243 2 0.10955976694822311 0 0
244 2 0.10991834849119186 0 0
245 2 0.11028837412595749 0 0
246 2 0.11066984385251999 0 0
247 2 0.11106275767087936 0 0
248 2 0.11146711558103561 0 0
249 2 0.11188291758298874 0 0
250 2 0.11231016367673874 0 0
251 2 0.11274885386228561 0 0
252 2 0.11319898813962936 0 0
253 2 0.11366056650876999 0 0
254 2 0.11413358896970749 0 0
255 2 0.11461805552244186 0 0
256 2 0.11511396616697311 0 0
257 2 0.11562132090330124 0 0
258 2 0.11614011973142624 0 0
259 2 0.11667036265134811 0 0
260 2 0.11721204966306686 0 0
261 2 0.11776518076658249 0 0
262 2 0.11832975596189499 0 0
263 2 0.11908145993947983 0 0
264 2 0.11967655271291733 0 0
265 2 0.12028690427541733 0 0
266 2 0.12091251462697983 0 0
267 2 0.12155338376760483 0 0
268 2 0.12220951169729233 0 0
269 2 0.12288089841604233 0 0
270 2 0.12356754392385483 0 0
271 2 0.12426944822072983 0 0
272 2 0.12498661130666733 0 0
273 2 0.12571902573108673 0 0
274 2 0.12646670639514923 0 0
275 2 0.12722964584827423 0 0
276 2 0.12800784409046173 0 0
277 2 0.12880130112171173 0 0
278 2 0.12958255410194397 0 0
279 2 0.1303638070821762 0 0
280 2 0.13114506006240845 0 0
281 2 0.13192631304264069 0 0
282 2 0.13270755112171173 0 0
283 2 0.13348880410194397 0 0
284 2 0.1342700570821762 0 0
285 2 0.13505131006240845 0 0
286 2 0.13583256304264069 0 0
287 2 0.13661380112171173 0 0
288 2 0.13739505410194397 0 0
289 2 0.1381763070821762 0 0
290 2 0.13895756006240845 0 0
291 2 0.13973881304264069 0 0
292 2 0.14052005112171173 0 0
293 2 0.14130130410194397 0 0
294 2 0.1420825570821762 0 0
295 18 0.14286381006240845 0 0
296 18 0.14364506304264069 0 0
297 18 0.14442630112171173 0 0
298 18 0.14520755410194397 0 0
299 18 0.1459888070821762 0 0
300 2 0.14677006006240845 0 0
301 2 0.1473434418439865 0 0
302 2 0.14742714166641235 0 0
303 2 0.14751531183719635 0 0
304 2 0.14751531183719635 0 0
305 2 0.14751531183719635 0 0
306 2 0.14751531183719635 0 0
307 2 0.14751531183719635 0 0
308 18 0.14751531183719635 0 0
309 18 0.14751531183719635 0 0
310 18 0.14751531183719635 0 0
311 18 0.14751531183719635 0 0
312 2 0.14751531183719635 0 0
313 2 0.14781667292118073 0 0
314 2 0.14812947809696198 0 0
315 2 0.1484537273645401 0 0
316 2 0.1487894207239151 0 0
317 2 0.14913655817508698 0 0
318 2 0.14949513971805573 0 0
319 2 0.14986516535282135 0 0
320 2 0.15024663507938385 0 0
321 2 0.15063954889774323 0 0
322 2 0.15104390680789948 0 0
323 2 0.1514597088098526 0 0
324 2 0.1518869549036026 0 0
325 2 0.15232564508914948 0 0
326 2 0.15277577936649323 0 0
327 2 0.15323735773563385 0 0
328 2 0.15371038019657135 0 0
329 2 0.15419484674930573 0 0
330 2 0.15469075739383698 0 0
331 2 0.1551981121301651 0 0
332 2 0.1557169109582901 0 0
333 2 0.15624715387821198 0 0
334 2 0.15678884088993073 0 0
335 2 0.15734197199344635 0 0
336 2 0.15790654718875885 0 0
337 2 0.1586582511663437 0 0
338 2 0.1592533439397812 0 0
339 2 0.1598636955022812 0 0
340 2 0.1604893058538437 0 0
341 2 0.1611301749944687 0 0
342 2 0.1617863029241562 0 0
343 2 0.16234344244003296 0 0
344 18 0.16242715716362 0 0
345 18 0.1625153124332428 0 0
346 2 0.1625153124332428 0 0
347 2 0.1625153124332428 0 0
348 2 0.1625153124332428 0 0
349 2 0.16282811760902405 0 0
350 2 0.16315236687660217 0 0
351 2 0.16348806023597717 0 0
352 2 0.16383519768714905 0 0
353 2 0.1641937792301178 0 0
354 2 0.16456380486488342 0 0
355 2 0.16494527459144592 0 0
356 2 0.1653381884098053 0 0
357 2 0.16574254631996155 0 0
358 2 0.16615834832191467 0 0
359 2 0.16658559441566467 0 0
360 2 0.16702428460121155 0 0
361 2 0.1674744188785553 0 0
362 2 0.16793599724769592 0 0
363 2 0.16840901970863342 0 0
364 2 0.1688934862613678 0 0
365 2 0.16938939690589905 0 0
366 2 0.16989675164222717 0 0
367 2 0.17041555047035217 0 0
368 2 0.17094579339027405 0 0
369 2 0.1714874804019928 0 0
370 2 0.17204061150550842 0 0
371 2 0.17251531779766083 0 0
372 18 0.17251531779766083 0 0
373 18 0.17251531779766083 0 0
374 2 0.17251531779766083 0 0
375 2 0.17251531779766083 0 0
376 2 0.17251531779766083 0 0
377 2 0.1728166788816452 0 0
378 2 0.17312948405742645 0 0
379 2 0.17345373332500458 0 0
380 2 0.17378942668437958 0 0
381 2 0.17413656413555145 0 0
382 2 0.1744951456785202 0 0
383 2 0.17486517131328583 0 0
384 2 0.17524664103984833 0 0
385 2 0.1756395548582077 0 0
386 2 0.17604391276836395 0 0
387 2 0.17645971477031708 0 0
388 2 0.17688696086406708 0 0
389 2 0.17732565104961395 0 0
390 2 0.17751531302928925 0 0
391 2 0.17751531302928925 0 0
392 2 0.17751531302928925 0 0
393 2 0.17751531302928925 0 0
394 2 0.17751531302928925 0 0
395 2 0.17751531302928925 0 0
396 18 0.17751531302928925 0 0
397 18 0.17751531302928925 0 0
398 18 0.17751531302928925 0 0
399 18 0.17751531302928925 0 0
400 2 0.17751531302928925 0 0
401 2 0.17751531302928925 0 0
402 2 0.17751531302928925 0 0
403 2 0.17751531302928925 0 0
404 2 0.17751531302928925 0 0
405 2 0.17751531302928925 0 0
406 2 0.17751531302928925 0 0
407 2 0.17795400321483612 0 0
408 2 0.17840413749217987 0 0
409 2 0.1788657158613205 0 0
410 2 0.179338738322258 0 0
411 2 0.17982320487499237 0 0
412 2 0.18031911551952362 0 0
413 2 0.18082647025585175 0 0
414 2 0.18134526908397675 0 0
415 2 0.18187551200389862 0 0
416 2 0.18241719901561737 0 0
417 2 0.18251532316207886 0 0
418 2 0.18251532316207886 0 0
419 2 0.18251532316207886 0 0
420 18 0.18251532316207886 0 0
421 18 0.18251532316207886 0 0
422 2 0.18251532316207886 0 0
423 2 0.18251532316207886 0 0
424 2 0.18251532316207886 0 0
425 2 0.18281668424606323 0 0
426 2 0.18312948942184448 0 0
427 2 0.1834537386894226 0 0
428 2 0.1837894320487976 0 0
429 2 0.18413656949996948 0 0
430 2 0.18449515104293823 0 0
431 2 0.18486517667770386 0 0
432 2 0.18524664640426636 0 0
433 2 0.18563956022262573 0 0
434 2 0.18604391813278198 0 0
435 2 0.1864597201347351 0 0
436 2 0.1868869662284851 0 0
437 2 0.18732565641403198 0 0
438 2 0.18777579069137573 0 0
439 2 0.18823736906051636 0 0
440 2 0.18871039152145386 0 0
441 2 0.18919485807418823 0 0
442 2 0.18969076871871948 0 0
443 2 0.1901981234550476 0 0
444 2 0.1907169222831726 0 0
445 2 0.19124716520309448 0 0
446 2 0.19178885221481323 0 0
447 2 0.19234198331832886 0 0
448 2 0.19290655851364136 0 0
449 2 0.1936582624912262 0 0
450 2 0.1942533552646637 0 0
451 2 0.1948637068271637 0 0
452 2 0.1954893171787262 0 0
453 2 0.1961301863193512 0 0
454 2 0.1967863142490387 0 0
455 2 0.1974577009677887 0 0
456 2 0.1981443464756012 0 0
457 2 0.1988462507724762 0 0
458 2 0.1995634138584137 0 0
459 2 0.2002958357334137 0 0
460 2 0.2010435163974762 0 0
461 2 0.2018064558506012 0 0
462 2 0.2025846540927887 0 0
463 2 0.2033781111240387 0 0
464 18 0.20415934920310974 0 0
465 18 0.20494060218334198 0 0
466 18 0.20572185516357422 0 0
467 18 0.20650310814380646 0 0
468 18 0.2072843611240387 0 0
469 18 0.20806559920310974 0 0
470 18 0.20884685218334198 0 0
471 18 0.20962810516357422 0 0
472 2 0.21040935814380646 0 0
473 2 0.2111906111240387 0 0
474 2 0.21197184920310974 0 0
475 2 0.21275310218334198 0 0
476 2 0.21353435516357422 0 0
477 2 0.21431560814380646 0 0
478 0 0.2150968611240387 0 0
479 0 0.21586093306541443 0 0
480 0 0.21660785377025604 0 0
481 0 0.21733760833740234 0 0
482 0 0.21805019676685333 0 0
483 0 0.218745619058609 0 0
484 0 0.21942386031150818 0 0
485 0 0.22008495032787323 0 0
486 0 0.22072887420654297 0 0
487 0 0.2213556319475174 0 0
488 0 0.2219652235507965 0 0
489 0 0.22255763411521912 0 0
490 0 0.2231328934431076 0 0
491 0 0.22369098663330078 0 0
492 0 0.2240600436925888 0 0
493 0 0.22458380460739136 0 0
494 0 0.2250903844833374 0 0
495 0 0.22557981312274933 0 0
496 0 0.22605207562446594 0 0
497 0 0.22650717198848724 0 0
498 0 0.22694510221481323 0 0
499 0 0.22736585140228271 0 0
500 0 0.22776944935321808 0 0
501 0 0.22815588116645813 0 0
502 0 0.22852514684200287 0 0
503 0 0.2288772463798523 0 0
504 0 0.22921216487884521 0 0
505 0 0.22952993214130402 0 0
506 0 0.2298305332660675 0 0
507 0 0.23011396825313568 0 0
508 0 0.23038023710250854 0 0
509 0 0.2306293249130249 0 0
510 0 0.23086126148700714 0 0
511 0 0.23107603192329407 0 0
512 0 0.23127363622188568 0 0
513 0 0.23145407438278198 0 0
514 0 0.23145407438278198 0 0
515 0 0.23145407438278198 0 0
516 0 0.23145407438278198 0 0
517 0 0.23145407438278198 0 0
518 0 0.23145407438278198 0 0
519 0 0.23145407438278198 0 0
520 0 0.23145407438278198 0 0
521 0 0.23145407438278198 0 0
522 0 0.23145407438278198 0 0
523 0 0.23145407438278198 0 0
524 0 0.23145407438278198 0 0
525 0 0.23145407438278198 0 0
526 0 0.23145407438278198 0 0
527 0 0.23145407438278198 0 0
528 0 0.23145407438278198 0 0
529 0 0.23145407438278198 0 0
530 0 0.23145407438278198 0 0
531 0 0.23145407438278198 0 0
532 0 0.23145407438278198 0 0
533 0 0.23145407438278198 0 0
534 0 0.23145407438278198 0 0
535 0 0.23145407438278198 0 0
536 0 0.23145407438278198 0 0
537 0 0.23145407438278198 0 0
538 0 0.23145407438278198 0 0
539 0 0.23145407438278198 0 0
540 0 0.23145407438278198 0 0
541 0 0.23145407438278198 0 0
542 0 0.23145407438278198 0 0
543 0 0.23145407438278198 0 0
544 0 0.23145407438278198 0 0
545 0 0.23145407438278198 0 0
546 0 0.23145407438278198 0 0
547 0 0.23145407438278198 0 0
548 0 0.23145407438278198 0 0
549 0 0.23145407438278198 0 0
550 0 0.23145407438278198 0 0
551 0 0.23145407438278198 0 0
552 0 0.23145407438278198 0 0
553 0 0.23145407438278198 0 0
554 0 0.23145407438278198 0 0
555 0 0.23145407438278198 0 0
556 0 0.23145407438278198 0 0
557 0 0.23145407438278198 0 0
558 0 0.23145407438278198 0 0
559 0 0.23145407438278198 0 0
560 0 0.23145407438278198 0 0
561 0 0.23145407438278198 0 0
562 0 0.23145407438278198 0 0
563 0 0.23145407438278198 0 0
564 0 0.23145407438278198 0 0
565 0 0.23145407438278198 0 0
566 0 0.23145407438278198 0 0
567 0 0.23145407438278198 0 0
568 0 0.23145407438278198 0 0
569 0 0.23145407438278198 0 0
570 0 0.23145407438278198 0 0
571 0 0.23145407438278198 0 0
572 0 0.23145407438278198 0 0
573 0 0.23145407438278198 0 0
574 0 0.23145407438278198 0 0
575 0 0.23145407438278198 0 0
576 0 0.23145407438278198 0 0
577 0 0.23145407438278198 0 0
578 0 0.23145407438278198 0 0
579 0 0.23145407438278198 0 0
580 0 0.23145407438278198 0 0
581 0 0.23145407438278198 0 0
582 0 0.23145407438278198 0 0
583 0 0.23145407438278198 0 0
584 0 0.23145407438278198 0 0
585 0 0.23145407438278198 0 0
586 0 0.23145407438278198 0 0
587 0 0.23145407438278198 0 0
588 0 0.23145407438278198 0 0
589 0 0.23145407438278198 0 0
590 0 0.23145407438278198 0 0
591 0 0.23145407438278198 0 0
592 0 0.23145407438278198 0 0
593 0 0.23145407438278198 0 0
594 0 0.23145407438278198 0 0
595 0 0.23145407438278198 0 0
596 0 0.23145407438278198 0 0
597 0 0.23145407438278198 0 0
598 0 0.23145407438278198 0 0
599 0 0.23145407438278198 0 0
600 0 0.23145407438278198 0 0
601 0 0.23145407438278198 0 0
602 0 0.23145407438278198 0 0
603 0 0.23145407438278198 0 0
604 0 0.23145407438278198 0 0
605 0 0.23145407438278198 0 0
606 0 0.23145407438278198 0 0
607 0 0.23145407438278198 0 0
608 0 0.23145407438278198 0 0
609 0 0.23145407438278198 0 0
610 0 0.23145407438278198 0 0
611 0 0.23145407438278198 0 0
612 0 0.23145407438278198 0 0
613 0 0.23145407438278198 0 0
614 0 0.23145407438278198 0 0
615 0 0.23145407438278198 0 0
616 0 0.23145407438278198 0 0
617 0 0.23145407438278198 0 0
618 0 0.23145407438278198 0 0
619 0 0.23145407438278198 0 0
620 0 0.23145407438278198 0 0
621 0 0.23145407438278198 0 0
622 0 0.23145407438278198 0 0
623 0 0.23145407438278198 0 0
624 0 0.23145407438278198 0 0
625 0 0.23145407438278198 0 0
626 0 0.23145407438278198 0 0
627 0 0.23145407438278198 0 0
628 2 0.23145407438278198 0 0
629 2 0.23170965909957886 0 0
630 2 0.2319766879081726 0 0
631 2 0.23225516080856323 0 0
632 2 0.23254507780075073 0 0
633 2 0.2328464388847351 0 0
634 2 0.23315924406051636 0 0
635 2 0.23348349332809448 0 0
636 2 0.23381918668746948 0 0
637 2 0.23416632413864136 0 0
638 18 0.2345249056816101 0 0
639 18 0.23489493131637573 0 0
640 18 0.23527640104293823 0 0
641 18 0.2356693148612976 0 0
642 18 0.23607367277145386 0 0
643 18 0.23648947477340698 0 0
644 18 0.23691672086715698 0 0
645 18 0.23735541105270386 0 0
646 18 0.2378055453300476 0 0
647 18 0.23826712369918823 0 0
648 18 0.23874014616012573 0 0
649 18 0.2392246127128601 0 0
650 18 0.23972052335739136 0 0
651 18 0.24022787809371948 0 0
652 18 0.24074667692184448 0 0
653 18 0.24127691984176636 0 0
654 18 0.2418186068534851 0 0
655 18 0.24237173795700073 0 0
656 18 0.24293631315231323 0 0
657 18 0.24368801712989807 0 0
658 18 0.24428310990333557 0 0
659 18 0.24489346146583557 0 0
660 18 0.24551907181739807 0 0
661 18 0.24615994095802307 0 0
662 18 0.24681606888771057 0 0
663 18 0.24748745560646057 0 0
664 18 0.24817410111427307 0 0
665 18 0.24887600541114807 0 0
666 2 0.24959316849708557 0 0
667 2 0.25032559037208557 0 0
668 2 0.25107327103614807 0 0
669 2 0.25183621048927307 0 0
670 2 0.25234344601631165 0 0
671 2 0.2524271607398987 0 0
672 2 0.2525153160095215 0 0
673 2 0.2525153160095215 0 0
674 2 0.2525153160095215 0 0
675 2 0.2525153160095215 0 0
676 2 0.2525153160095215 0 0
677 18 0.2525153160095215 0 0
678 18 0.2525153160095215 0 0
679 18 0.2525153160095215 0 0
680 18 0.2525153160095215 0 0
681 18 0.2525153160095215 0 0
682 18 0.25281667709350586 0 0
683 18 0.2531294822692871 0 0
684 18 0.25345373153686523 0 0
685 18 0.25378942489624023 0 0
686 18 0.2541365623474121 0 0
687 18 0.25449514389038086 0 0
688 18 0.2548651695251465 0 0
689 18 0.255246639251709 0 0
690 18 0.25563955307006836 0 0
691 18 0.2560439109802246 0 0
692 18 0.25645971298217773 0 0
693 18 0.25688695907592773 0 0
694 18 0.2573256492614746 0 0
695 18 0.25777578353881836 0 0
696 18 0.258237361907959 0 0
697 18 0.2587103843688965 0 0
698 18 0.25919485092163086 0 0
699 18 0.2596907615661621 0 0
700 18 0.26019811630249023 0 0
701 18 0.26071691513061523 0 0
702 18 0.2612471580505371 0 0
703 18 0.26178884506225586 0 0
704 18 0.2623419761657715 0 0
705 18 0.262906551361084 0 0
706 18 0.2636582553386688 0 0
707 18 0.2642533481121063 0 0
708 2 0.2648636996746063 0 0
709 2 0.2654893100261688 0 0
710 2 0.2661301791667938 0 0
711 2 0.2667863070964813 0 0
712 2 0.2674576938152313 0 0
713 2 0.2681443393230438 0 0
714 2 0.2688462436199188 0 0
715 2 0.2695634067058563 0 0
716 2 0.2702958285808563 0 0
717 2 0.2710435092449188 0 0
718 2 0.2718064486980438 0 0
719 2 0.2725846469402313 0 0
720 2 0.2733781039714813 0 0
721 2 0.27415934205055237 0 0
722 2 0.2749406099319458 0 0
723 2 0.27572184801101685 0 0
724 2 0.2765031158924103 0 0
725 2 0.2772843539714813 0 0
726 2 0.27806559205055237 0 0
727 2 0.2773434519767761 0 0
728 2 0.27742716670036316 0 0
729 2 0.27751532196998596 0 0
730 18 0.27751532196998596 0 0
731 18 0.27751532196998596 0 0
732 18 0.27751532196998596 0 0
733 18 0.27751532196998596 0 0
734 18 0.27751532196998596 0 0
735 18 0.27751532196998596 0 0
736 18 0.27751532196998596 0 0
737 18 0.2778739035129547 0 0
738 2 0.27824392914772034 0 0
739 2 0.27862539887428284 0 0
740 2 0.2790183126926422 0 0
741 2 0.27942267060279846 0 0
742 2 0.2798384726047516 0 0
743 2 0.2802657186985016 0 0
744 2 0.28070440888404846 0 0
745 2 0.2811545431613922 0 0
746 2 0.28161612153053284 0 0
747 2 0.28208914399147034 0 0
748 2 0.2825736105442047 0 0
749 2 0.28306952118873596 0 0
750 2 0.2835768759250641 0 0
751 2 0.2840956747531891 0 0
752 2 0.28462591767311096 0 0
753 2 0.2851676046848297 0 0
754 2 0.28572073578834534 0 0
755 2 0.28628531098365784 0 0
756 2 0.2870370149612427 0 0
757 2 0.2876321077346802 0 0
758 2 0.2882424592971802 0 0
759 2 0.2888680696487427 0 0
760 2 0.2895089387893677 0 0
761 2 0.2901650667190552 0 0
762 2 0.2908364534378052 0 0
763 2 0.2915230989456177 0 0
764 2 0.2922250032424927 0 0
765 2 0.2923434376716614 0 0
766 2 0.2924271523952484 0 0
767 2 0.2925153076648712 0 0
768 0 0.2925153076648712 0 0
769 0 0.2925153076648712 0 0
770 0 0.2925153076648712 0 0
771 0 0.2925153076648712 0 0
772 0 0.2925153076648712 0 0
773 0 0.2925153076648712 0 0
774 0 0.2925153076648712 0 0
775 1 0.2925153076648712 0 0
776 1 0.29225972294807434 0 0
777 1 0.2919926941394806 0 0
778 1 0.29171422123908997 0 0
779 1 0.29142430424690247 0 0
780 1 0.2911229431629181 0 0
781 1 0.29081013798713684 0 0
782 1 0.2904858887195587 0 0
783 1 0.2901501953601837 0 0
784 1 0.28980305790901184 0 0
785 1 0.2894444763660431 0 0
786 1 0.28907445073127747 0 0
787 1 0.28869298100471497 0 0
788 17 0.2883000671863556 0 0
789 17 0.28789570927619934 0 0
790 17 0.2874799072742462 0 0
791 17 0.2870526611804962 0 0
792 17 0.28661397099494934 0 0
793 17 0.2861638367176056 0 0
794 18 0.28570225834846497 0 0
795 18 0.2852635681629181 0 0
796 18 0.28484776616096497 0 0
797 18 0.2844548523426056 0 0
798 18 0.28408482670783997 0 0
799 18 0.2837376892566681 0 0
800 18 0.28341343998908997 0 0
801 18 0.2831120789051056 0 0
802 18 0.28283360600471497 0 0
803 18 0.2825780212879181 0 0
804 18 0.28234532475471497 0 0
805 18 0.28260090947151184 0 0
806 18 0.2828679382801056 0 0
807 18 0.2831464111804962 0 0
808 18 0.2834363281726837 0 0
809 18 0.2837376892566681 0 0
810 2 0.28405049443244934 0 0
811 2 0.28437474370002747 0 0
812 2 0.28471043705940247 0 0
813 2 0.28505757451057434 0 0
814 2 0.2854161560535431 0 0
815 2 0.2857861816883087 0 0
816 2 0.2861676514148712 0 0
817 2 0.2865605652332306 0 0
818 2 0.28696492314338684 0 0
819 2 0.28738072514533997 0 0
820 2 0.28780797123908997 0 0
821 2 0.28824666142463684 0 0
822 2 0.2886967957019806 0 0
823 2 0.2891583740711212 0 0
824 2 0.2896313965320587 0 0
825 2 0.2901158630847931 0 0
826 2 0.29061177372932434 0 0
827 2 0.29111912846565247 0 0
828 2 0.29163792729377747 0 0
829 2 0.29216817021369934 0 0
830 2 0.2925153076648712 0 0
831 2 0.2925153076648712 0 0
832 2 0.2925153076648712 0 0
833 2 0.2925153076648712 0 0
834 0 0.2925153076648712 0 0
835 0 0.2925153076648712 0 0
836 0 0.2925153076648712 0 0
837 0 0.2925153076648712 0 0
838 0 0.2925153076648712 0 0
839 0 0.2925153076648712 0 0
840 0 0.2925153076648712 0 0
841 0 0.2925153076648712 0 0
842 0 0.2925153076648712 0 0
843 0 0.2925153076648712 0 0
844 0 0.2925153076648712 0 0
845 0 0.2925153076648712 0 0
846 0 0.2925153076648712 0 0
847 0 0.2925153076648712 0 0
848 0 0.2925153076648712 0 0
849 0 0.2925153076648712 0 0
850 0 0.2925153076648712 0 0
851 0 0.2925153076648712 0 0
852 0 0.2925153076648712 0 0
853 0 0.2925153076648712 0 0
854 0 0.2925153076648712 0 0
855 0 0.2925153076648712 0 0
856 0 0.2925153076648712 0 0
857 0 0.2925153076648712 0 0
858 0 0.2925153076648712 0 0
859 0 0.2925153076648712 0 0
860 0 0.2925153076648712 0 0
861 0 0.2925153076648712 0 0
862 0 0.2925153076648712 0 0
863 0 0.2925153076648712 0 0
864 0 0.2925153076648712 0 0
865 0 0.2925153076648712 0 0
866 0 0.2925153076648712 0 0
867 0 0.2925153076648712 0 0
868 0 0.2925153076648712 0 0
869 0 0.2925153076648712 0 0
870 0 0.2925153076648712 0 0
871 0 0.2925153076648712 0 0
872 0 0.2925153076648712 0 0
873 0 0.2925153076648712 0 0
874 0 0.2925153076648712 0 0
875 0 0.2925153076648712 0 0
876 0 0.2925153076648712 0 0
877 0 0.2925153076648712 0 0
878 0 0.2925153076648712 0 0
879 0 0.2925153076648712 0 0
880 0 0.2925153076648712 0 0
881 0 0.2925153076648712 0 0
882 0 0.2925153076648712 0 0
883 0 0.2925153076648712 0 0
884 0 0.2925153076648712 0 0
885 0 0.2925153076648712 0 0
886 0 0.2925153076648712 0 0
887 0 0.2925153076648712 0 0
888 0 0.2925153076648712 0 0
889 1 0.2925153076648712 0 0
890 1 0.29225972294807434 0 0
891 1 0.2919926941394806 0 0
892 1 0.29171422123908997 0 0
893 1 0.29142430424690247 0 0
894 1 0.2911229431629181 0 0
895 1 0.29081013798713684 0 0
896 1 0.2904858887195587 0 0
897 1 0.2901501953601837 0 0
898 1 0.28980305790901184 0 0
899 1 0.2894444763660431 0 0
900 1 0.28907445073127747 0 0
901 1 0.28869298100471497 0 0
902 17 0.2883000671863556 0 0
903 17 0.28789570927619934 0 0
904 17 0.2874799072742462 0 0
905 17 0.2870526611804962 0 0
906 17 0.28661397099494934 0 0
907 17 0.2861638367176056 0 0
908 17 0.28570225834846497 0 0
909 17 0.28522923588752747 0 0
910 17 0.2847447693347931 0 0
911 17 0.28424885869026184 0 0
912 17 0.2837415039539337 0 0
913 17 0.2832227051258087 0 0
914 17 0.28269246220588684 0 0
915 17 0.2821507751941681 0 0
916 17 0.28159764409065247 0 0
917 17 0.28103306889533997 0 0
918 17 0.2806251049041748 0 0
919 17 0.2800300121307373 0 0
920 17 0.2794196605682373 0 0
921 17 0.2787940502166748 0 0
922 16 0.2781531810760498 0 0
923 16 0.2775294780731201 0 0
924 0 0.27692294120788574 0 0
925 0 0.2763335704803467 0 0
926 2 0.27576136589050293 0 0
927 2 0.27521204948425293 0 0
928 2 0.27451375126838684 0 0
929 2 0.27401021122932434 0 0
930 2 0.2735295593738556 0 0
931 2 0.2730717957019806 0 0
932 2 0.27263692021369934 0 0
933 2 0.27222493290901184 0 0
934 2 0.2718358337879181 0 0
935 2 0.2714696228504181 0 0
936 2 0.27112630009651184 0 0
937 2 0.27080586552619934 0 0
938 2 0.2705083191394806 0 0
939 2 0.2702336609363556 0 0
940 2 0.26998189091682434 0 0
941 2 0.26975300908088684 0 0
942 2 0.2700085937976837 0 0
943 2 0.27027562260627747 0 0
944 2 0.2705540955066681 0 0
945 2 0.2708440124988556 0 0
946 2 0.27114537358283997 0 0
947 2 0.2714581787586212 0 0
948 2 0.27178242802619934 0 0
949 2 0.27211812138557434 0 0
950 2 0.2724652588367462 0 0
951 2 0.27282384037971497 0 0
952 2 0.2731938660144806 0 0
953 2 0.2735753357410431 0 0
954 2 0.27396824955940247 0 0
955 2 0.2743726074695587 0 0
956 18 0.27478840947151184 0 0
957 18 0.27521565556526184 0 0
958 18 0.2756543457508087 0 0
959 18 0.27610448002815247 0 0
960 18 0.2765660583972931 0 0
961 2 0.2770390808582306 0 0
962 2 0.27752354741096497 0 0
963 2 0.2780194580554962 0 0
964 2 0.27852681279182434 0 0
965 2 0.27904561161994934 0 0
966 2 0.2795758545398712 0 0
967 2 0.28011754155158997 0 0
968 2 0.2806706726551056 0 0
969 2 0.2812352478504181 0 0
970 0 0.28198695182800293 0 0
971 0 0.2825496196746826 0 0
972 2 0.283095121383667 0 0
973 2 0.2834801971912384 0 0
974 2 0.28404858708381653 0 0
975 2 0.284804105758667 0 0
976 2 0.2854030132293701 0 0
977 2 0.28601717948913574 0 0
978 2 0.28664660453796387 0 0
979 2 0.2872912883758545 0 0
980 2 0.2879512310028076 0 0
981 2 0.28862643241882324 0 0
982 2 0.28931689262390137 0 0
983 2 0.290022611618042 0 0
984 2 0.2907435894012451 0 0
985 2 0.29147982597351074 0 0
986 2 0.29223132133483887 0 0
987 2 0.2923434376716614 0 0
988 2 0.2924271523952484 0 0
989 2 0.2925153076648712 0 0
990 2 0.2925153076648712 0 0
991 2 0.2925153076648712 0 0
992 0 0.2925153076648712 0 0
993 0 0.2925153076648712 0 0
994 0 0.2925153076648712 0 0
995 0 0.2925153076648712 0 0
996 0 0.2925153076648712 0 0
997 0 0.2925153076648712 0 0
998 0 0.2925153076648712 0 0
999 0 0.2925153076648712 0 0
1000 0 0.2925153076648712 0 0
1001 0 0.2925153076648712 0 0
1002 0 0.2925153076648712 0 0
1003 0 0.2925153076648712 0 0
1004 0 0.2925153076648712 0 0
1005 0 0.2925153076648712 0 0
1006 0 0.2925153076648712 0 0
1007 0 0.2925153076648712 0 0
1008 0 0.2925153076648712 0 0
1009 0 0.2925153076648712 0 0
1010 0 0.2925153076648712 0 0
1011 0 0.2925153076648712 0 0
1012 0 0.2925153076648712 0 0
1013 0 0.2925153076648712 0 0
1014 0 0.2925153076648712 0 0
1015 0 0.2925153076648712 0 0
1016 0 0.2925153076648712 0 0
1017 0 0.2925153076648712 0 0
1018 0 0.2925153076648712 0 0
1019 0 0.2925153076648712 0 0
1020 0 0.2925153076648712 0 0
1021 0 0.2925153076648712 0 0
1022 0 0.2925153076648712 0 0
1023 0 0.2925153076648712 0 0
1024 0 0.2925153076648712 0 0
1025 0 0.2925153076648712 0 0
1026 0 0.2925153076648712 0 0
1027 0 0.2925153076648712 0 0
1028 1 0.2925153076648712 0 0
1029 1 0.29225972294807434 0 0
1030 1 0.2919926941394806 0 0
1031 1 0.29171422123908997 0 0
1032 1 0.29142430424690247 0 0
1033 1 0.2911229431629181 0 0
1034 1 0.29081013798713684 0 0
1035 1 0.2904858887195587 0 0
1036 1 0.2901501953601837 0 0
1037 1 0.28980305790901184 0 0
1038 1 0.2894444763660431 0 0
1039 1 0.28907445073127747 0 0
1040 1 0.28869298100471497 0 0
1041 1 0.2883000671863556 0 0
1042 17 0.28789570927619934 0 0
1043 17 0.2874799072742462 0 0
1044 17 0.2870526611804962 0 0
1045 17 0.28661397099494934 0 0
1046 17 0.2861638367176056 0 0
1047 17 0.28570225834846497 0 0
1048 17 0.28522923588752747 0 0
1049 17 0.2847447693347931 0 0
1050 17 0.28424885869026184 0 0
1051 17 0.2837415039539337 0 0
1052 17 0.2825153172016144 0 0
1053 17 0.2819850742816925 0 0
1054 17 0.28144338726997375 0 0
1055 17 0.28089025616645813 0 0
1056 17 0.28032568097114563 0 0
1057 17 0.27991771697998047 0 0
1058 17 0.27932262420654297 0 0
1059 17 0.27871227264404297 0 0
1060 17 0.27808666229248047 0 0
1061 17 0.27744579315185547 0 0
1062 17 0.27678966522216797 0 0
1063 17 0.27611827850341797 0 0
1064 17 0.27543163299560547 0 0
1065 17 0.27472972869873047 0 0
1066 17 0.27401256561279297 0 0
1067 17 0.27328014373779297 0 0
1068 17 0.27253246307373047 0 0
1069 0 0.27176952362060547 0 0
1070 0 0.2710237503051758 0 0
1071 0 0.2702951431274414 0 0
1072 0 0.26958370208740234 0 0
1073 0 0.2688894271850586 0 0
1074 0 0.26821231842041016 0 0
1075 0 0.26755237579345703 0 0
1076 0 0.2669095993041992 0 0
1077 0 0.2662839889526367 0 0
1078 16 0.26567554473876953 0 0
1079 17 0.26508426666259766 0 0
1080 17 0.2644777297973633 0 0
1081 17 0.2638559341430664 0 0
1082 17 0.26321887969970703 0 0
1083 17 0.26256656646728516 0 0
1084 17 0.2618989944458008 0 0
1085 17 0.2612161636352539 0 0
1086 17 0.26051807403564453 0 0
1087 17 0.25980472564697266 0 0
1088 17 0.2590761184692383 0 0
1089 17 0.2583322525024414 0 0
1090 17 0.25757312774658203 0 0
1091 17 0.25679874420166016 0 0
1092 17 0.2560091018676758 0 0
1093 17 0.25522786378860474 0 0
1094 17 0.2544465959072113 0 0
1095 17 0.25366535782814026 0 0
1096 17 0.2528840899467468 0 0
1097 17 0.2521028518676758 0 0
1098 17 0.25132161378860474 0 0
1099 17 0.2505403459072113 0 0
1100 17 0.24975910782814026 0 0
1101 17 0.24897785484790802 0 0
1102 17 0.24819660186767578 0 0
1103 17 0.24741534888744354 0 0
1104 17 0.2466340959072113 0 0
1105 17 0.24585285782814026 0 0
1106 17 0.24507160484790802 0 0
1107 17 0.24429035186767578 0 0
1108 17 0.24350909888744354 0 0
1109 17 0.2427278459072113 0 0
1110 17 0.24194660782814026 0 0
1111 17 0.24116535484790802 0 0
1112 17 0.24038410186767578 0 0
1113 17 0.23960284888744354 0 0
1114 17 0.2388215959072113 0 0
1115 17 0.23804035782814026 0 0
1116 17 0.23725910484790802 0 0
1117 17 0.23647785186767578 0 0
1118 1 0.23569659888744354 0 0
1119 1 0.2349153459072113 0 0
1120 1 0.23413410782814026 0 0
1121 1 0.23335285484790802 0 0
1122 1 0.23257160186767578 0 0
1123 1 0.23179034888744354 0 0
1124 1 0.2310090959072113 0 0
1125 1 0.23022785782814026 0 0
1126 1 0.22944660484790802 0 0
1127 1 0.22866535186767578 0 0
1128 1 0.22788409888744354 0 0
1129 1 0.2276565581560135 0 0
1130 1 0.22748468816280365 0 0
1131 1 0.22748468816280365 0 0
1132 1 0.22720621526241302 0 0
1133 1 0.22691629827022552 0 0
1134 1 0.22661493718624115 0 0
1135 1 0.2263021320104599 0 0
1136 1 0.22597788274288177 0 0
1137 1 0.22564218938350677 0 0
1138 1 0.2252950519323349 0 0
1139 1 0.22493647038936615 0 0
1140 1 0.22456644475460052 0 0
1141 1 0.22418497502803802 0 0
1142 1 0.22379206120967865 0 0
1143 1 0.2233877032995224 0 0
1144 1 0.22297190129756927 0 0
1145 1 0.22254465520381927 0 0
1146 1 0.2221059650182724 0 0
1147 1 0.22165583074092865 0 0
1148 1 0.22119425237178802 0 0
1149 1 0.22072122991085052 0 0
1150 1 0.22023676335811615 0 0
1151 1 0.2197408527135849 0 0
1152 1 0.21923349797725677 0 0
1153 1 0.21871469914913177 0 0
1154 1 0.2181844562292099 0 0
1155 1 0.21764276921749115 0 0
1156 1 0.21708963811397552 0 0
1157 1 0.21652506291866302 0 0
1158 1 0.21611709892749786 0 0
1159 1 0.21552200615406036 0 0
1160 1 0.21491165459156036 0 0
1161 1 0.21428604423999786 0 0
1162 1 0.21364517509937286 0 0
1163 1 0.21298904716968536 0 0
1164 0 0.21231766045093536 0 0
1165 0 0.21166343986988068 0 0
1166 0 0.2110263854265213 0 0
1167 0 0.21040649712085724 0 0
1168 0 0.2098037749528885 0 0
1169 0 0.20921821892261505 0 0
1170 0 0.20864982903003693 0 0
1171 0 0.2080986052751541 0 0
1172 0 0.20739267766475677 0 0
1173 0 0.2068757861852646 0 0
1174 1 0.2063760608434677 0 0
1175 1 0.20586489140987396 0 0
1176 0 0.20534227788448334 0 0
1177 0 0.20483683049678802 0 0
1178 0 0.20434854924678802 0 0
1179 0 0.20387743413448334 0 0
1180 0 0.20342348515987396 0 0
1181 0 0.2029867023229599 0 0
1182 0 0.20256708562374115 0 0
1183 0 0.2021646350622177 0 0
1184 0 0.2017793506383896 0 0
1185 0 0.20141123235225677 0 0
1186 0 0.20106028020381927 0 0
1187 0 0.2007264941930771 0 0
1188 0 0.2004098743200302 0 0
1189 0 0.20011042058467865 0 0
1190 0 0.1998281329870224 0 0
1191 0 0.19956301152706146 0 0
1192 0 0.19931505620479584 0 0
1193 0 0.19908426702022552 0 0
1194 0 0.19887064397335052 0 0
1195 0 0.19867418706417084 0 0
1196 17 0.19867418706417084 0 0
1197 17 0.19841860234737396 0 0
1198 17 0.1981515735387802 0 0
1199 17 0.1978731006383896 0 0
1200 17 0.1975831836462021 0 0
1201 17 0.1972818225622177 0 0
1202 17 0.19696901738643646 0 0
1203 17 0.19664476811885834 0 0
1204 17 0.19630907475948334 0 0
1205 17 0.19596193730831146 0 0
1206 17 0.1956033557653427 0 0
1207 17 0.1952333301305771 0 0
1208 17 0.1948518604040146 0 0
1209 17 0.1944589465856552 0 0
1210 17 0.19405458867549896 0 0
1211 17 0.19363878667354584 0 0
1212 17 0.19321154057979584 0 0
1213 17 0.19277285039424896 0 0
1214 17 0.1923227161169052 0 0
1215 17 0.1918611377477646 0 0
1216 17 0.1913881152868271 0 0
1217 17 0.1909036487340927 0 0
1218 17 0.19040773808956146 0 0
1219 17 0.18990038335323334 0 0
1220 17 0.18938158452510834 0 0
1221 17 0.18885134160518646 0 0
1222 17 0.1883096545934677 0 0
1223 17 0.1877565234899521 0 0
1224 17 0.1871919482946396 0 0
1225 17 0.18678398430347443 0 0
1226 17 0.18618889153003693 0 0
1227 17 0.18557853996753693 0 0
1228 17 0.18495292961597443 0 0
1229 17 0.18431206047534943 0 0
1230 17 0.18365593254566193 0 0
1231 17 0.18298454582691193 0 0
1232 17 0.18229790031909943 0 0
1233 17 0.18159599602222443 0 0
1234 17 0.18087883293628693 0 1
1234 17 0.18087883293628693 0 1
