data/levels/bonus2/level15.stl
1 0 0.009991071186959743 0 0
2 0 0.009991071186959743 0 0
3 0 0.009991071186959743 0 0
4 0 0.009991071186959743 0 0
5 0 0.009991071186959743 0 0
6 2 0.009991071186959743 0 0
7 2 0.010137120261788368 0 0
8 2 0.010289708152413368 0 0
9 2 0.010448834858834743 0 0
10 2 0.010614502243697643 0 0
11 2 0.010786708444356918 0 0
12 2 0.010965454392135143 0 0
13 2 0.011150739155709743 0 0
14 0 0.011342564597725868 0 0
15 0 0.011524579487740993 0 0
16 0 0.011696785688400269 0 0
17 0 0.011859182268381119 0 0
18 0 0.012011770159006119 0 0
19 0 0.012154549360275269 0 0
20 0 0.012287518940865993 0 0
21 0 0.012410678900778294 0 0
22 0 0.012524030171334743 0 0
23 2 0.012627571821212769 0 0
24 2 0.012773619964718819 0 0
25 2 0.012926207855343819 0 0
26 2 0.013085335493087769 0 0
27 2 0.013251001946628094 0 0
28 2 0.013423208147287369 0 0
29 2 0.013601954095065594 0 0
30 2 0.013787239789962769 0 0
31 2 0.013979064300656319 0 0
32 2 0.014177428558468819 0 0
33 2 0.014382332563400269 0 0
34 2 0.014593775384128094 0 0
35 2 0.014811757951974869 0 0
36 2 0.015036280266940594 0 0
37 2 0.015267342329025269 0 0
38 2 0.015504943206906319 0 0
39 2 0.01574908383190632 0 0
40 2 0.01599976420402527 0 0
41 2 0.01625698432326317 0 0
42 2 0.01652074232697487 0 0
43 2 0.01679104194045067 0 0
44 2 0.01706787943840027 0 0
45 2 0.01735125668346882 0 0
46 2 0.01764117367565632 0 0
47 2 0.01793763041496277 0 0
48 18 0.01824062690138817 0 0
49 18 0.01855016127228737 0 0
50 18 0.01886623725295067 0 0
51 18 0.01918885111808777 0 0
52 18 0.019618399441242218 0 0
53 18 0.019958453252911568 0 0
54 18 0.020307224243879318 0 0
55 18 0.020664716139435768 0 0
56 18 0.021030927076935768 0 0
57 18 0.021405857056379318 0 0
58 18 0.021789507940411568 0 0
59 18 0.022181876003742218 0 0
60 18 0.022582964971661568 0 0
61 18 0.022992771118879318 0 0
62 0 0.023411298170685768 0 0
63 0 0.023820016533136368 0 0
64 0 0.024218924343585968 0 0
65 0 0.024608023464679718 0 0
66 0 0.024987313896417618 0 0
67 0 0.025356793776154518 0 0
68 0 0.025716464966535568 0 0
69 0 0.026066327467560768 0 0
70 1 0.026406381279230118 0 0
71 1 0.026733355596661568 0 0
72 1 0.027047250419855118 0 0
73 1 0.02724985033273697 0 0
74 1 0.02753758803009987 0 0
75 1 0.02781224623322487 0 0
76 1 0.02807382494211197 0 0
77 1 0.02832232601940632 0 0
78 1 0.02855774760246277 0 0
79 1 0.02878008969128132 0 0
80 1 0.02898935228586197 0 0
81 1 0.02918553724884987 0 0
82 1 0.02936864271759987 0 0
83 0 0.02953866869211197 0 0
84 0 0.02969888597726822 0 0
85 0 0.02984929457306862 0 0
86 0 0.02998989447951317 0 0
87 0 0.03012068383395672 0 0
88 0 0.03024166449904442 0 0
89 0 0.03035283461213112 0 0
90 0 0.03045419603586197 0 0
91 0 0.03054574877023697 0 0
92 0 0.03062749281525612 0 0
93 0 0.03069942817091942 0 0
94 0 0.03069942817091942 0 0
95 0 0.03069942817091942 0 0
96 0 0.03069942817091942 0 0
97 0 0.03069942817091942 0 0
98 2 0.03069942817091942 0 0
99 2 0.03084547631442547 0 0
100 2 0.03099806420505047 0 0
101 2 0.03115719184279442 0 0
102 18 0.03132285922765732 0 0
103 18 0.03149506449699402 0 0
104 18 0.03167381137609482 0 0
105 18 0.03185909613966942 0 0
106 18 0.03205091878771782 0 0
107 18 0.03224928304553032 0 0
108 18 0.03245418891310692 0 0
109 18 0.03266563266515732 0 0
110 18 0.03288361430168152 0 0
111 18 0.03310813754796982 0 0
112 18 0.03333919867873192 0 0
113 18 0.03357679769396782 0 0
114 18 0.03382093831896782 0 0
115 18 0.03407162055373192 0 0
116 18 0.03432884067296982 0 0
117 18 0.03459259867668152 0 0
118 18 0.03486289829015732 0 0
119 18 0.03513973578810692 0 0
120 18 0.03542311117053032 0 0
121 18 0.03571302816271782 0 0
122 18 0.03600948676466942 0 0
123 18 0.03631248325109482 0 0
124 18 0.03662201762199402 0 0
125 18 0.03693809360265732 0 0
126 18 0.03726070746779442 0 0
127 18 0.03769025579094887 0 0
128 18 0.03803030773997307 0 0
129 18 0.03837908059358597 0 0
130 18 0.03873657062649727 0 0
131 18 0.03910278156399727 0 0
132 2 0.03947771340608597 0 0
133 2 0.03986136242747307 0 0
134 2 0.04025373235344887 0 0
135 2 0.04065481945872307 0 0
136 2 0.04106462746858597 0 0
137 2 0.04148315265774727 0 0
138 2 0.04191039875149727 0 0
139 2 0.04234636574983597 0 0
140 2 0.04279104992747307 0 0
141 2 0.04324445500969887 0 0
142 2 0.04369088262319565 0 0
143 2 0.04413731023669243 0 0
144 2 0.04458374157547951 0 0
145 2 0.04503016918897629 0 0
146 2 0.04547659680247307 0 0
147 2 0.04592302441596985 0 0
148 2 0.04636945575475693 0 0
149 2 0.04681588336825371 0 0
150 2 0.04726231098175049 0 0
151 2 0.04770873859524727 0 0
152 2 0.04815516993403435 0 0
153 2 0.04860159754753113 0 0
154 2 0.04904802516102791 0 0
155 2 0.04949445277452469 0 0
156 2 0.0499105341732502 0 0
157 2 0.04995836690068245 0 0
158 2 0.05000875145196915 0 0
159 2 0.05000875145196915 0 0
160 2 0.05000875145196915 0 0
161 18 0.05000875145196915 0 0
162 18 0.05000875145196915 0 0
163 18 0.05000875145196915 0 0
164 18 0.05000875145196915 0 0
165 18 0.05000875145196915 0 0
166 18 0.05018095672130585 0 0
167 18 0.05035970360040665 0 0
168 18 0.05054498836398125 0 0
169 18 0.050736814737319946 0 0
170 18 0.050935178995132446 0 0
171 16 0.05114008113741875 0 0
172 0 0.051335178315639496 0 0
173 0 0.051520463079214096 0 0
174 0 0.051695939153432846 0 0
175 0 0.051861606538295746 0 0
176 0 0.0520174615085125 0 0
177 0 0.052163511514663696 0 0
178 0 0.05229974910616875 0 0
179 0 0.052426181733608246 0 0
180 0 0.052542801946401596 0 0
181 0 0.052649613469839096 0 0
182 0 0.052746616303920746 0 0
183 0 0.05283380672335625 0 0
184 0 0.052911192178726196 0 0
185 0 0.05297876521945 0 0
186 0 0.053036533296108246 0 0
187 0 0.053084488958120346 0 0
188 0 0.053122635930776596 0 0
189 0 0.053150974214076996 0 0
190 0 0.05316950008273125 0 0
191 0 0.053178220987319946 0 0
192 0 0.0531771294772625 0 0
193 0 0.0528658963739872 0 0
194 2 0.05286480486392975 0 0
195 2 0.0528658963739872 0 0
196 2 0.0528658963739872 0 0
197 2 0.0528658963739872 0 0
198 2 0.0528658963739872 0 0
199 2 0.0528658963739872 0 0
200 2 0.0528658963739872 0 0
201 2 0.0528658963739872 0 0
202 2 0.0528658963739872 0 0
203 2 0.0528658963739872 0 0
204 2 0.0528658963739872 0 0
205 2 0.0528658963739872 0 0
206 2 0.0528658963739872 0 0
207 2 0.0528658963739872 0 0
208 2 0.0528658963739872 0 0
209 2 0.0528658963739872 0 0
210 18 0.0528658963739872 0 0
211 18 0.0528658963739872 0 0
212 18 0.0528658963739872 0 0
213 18 0.0528658963739872 0 0
214 18 0.0528658963739872 0 0
215 18 0.0530381016433239 0 0
216 18 0.0532168485224247 0 0
217 18 0.0534021332859993 0 0
218 18 0.0535939559340477 0 0
219 18 0.0537923201918602 0 0
220 18 0.0539972260594368 0 0
221 18 0.0542086698114872 0 0
222 18 0.0544266514480114 0 0
223 18 0.0546511746942997 0 0
224 18 0.0548822358250618 0 0
225 2 0.0551198348402977 0 0
226 2 0.0553639754652977 0 0
227 2 0.0556146577000618 0 0
228 2 0.0558718778192997 0 0
229 2 0.0561356358230114 0 0
230 2 0.0564059354364872 0 0
231 2 0.0566827729344368 0 0
232 2 0.0569661483168602 0 0
233 2 0.0572560653090477 0 0
234 0 0.0575525239109993 0 0
235 0 0.05783917009830475 0 0
236 0 0.05811600759625435 0 0
237 0 0.0583830364048481 0 0
238 0 0.058640256524086 0 0
239 0 0.05888766795396805 0 0
240 0 0.05912526696920395 0 0
241 0 0.0593530610203743 0 0
242 0 0.0595710426568985 0 0
243 0 0.05977921560406685 0 0
244 0 0.05997757986187935 0 0
245 0 0.060166135430336 0 0
246 0 0.0603448823094368 0 0
247 0 0.06051381677389145 0 0
248 0 0.06067294627428055 0 0
249 0 0.0608222633600235 0 0
250 18 0.0609617717564106 0 0
251 18 0.0611078217625618 0 0
252 18 0.0612604096531868 0 0
253 18 0.0614195354282856 0 0
254 18 0.0615852028131485 0 0
255 18 0.0617574080824852 0 0
256 18 0.061936154961586 0 0
257 18 0.0621214397251606 0 0
258 18 0.0623132660984993 0 0
259 18 0.0625116303563118 0 0
260 18 0.0627165362238884 0 0
261 18 0.0629279762506485 0 0
262 18 0.0631459578871727 0 0
263 18 0.063370481133461 0 0
264 18 0.0636015459895134 0 0
265 18 0.0638391450047493 0 0
266 18 0.0640832856297493 0 0
267 18 0.0643339678645134 0 0
268 18 0.064591184258461 0 0
269 18 0.0648549422621727 0 0
270 18 0.0651252418756485 0 0
271 18 0.0654020830988884 0 0
272 18 0.0656854584813118 0 0
273 2 0.0659753754734993 0 0
274 2 0.0662718340754509 0 0
275 2 0.066574826836586 0 0
276 2 0.0668843612074852 0 0
277 2 0.0672004371881485 0 0
278 2 0.0675230547785759 0 0
279 2 0.06795259565114975 0 0
280 2 0.06829264760017395 0 0
281 2 0.06864142417907715 0 0
282 2 0.06899891793727875 0 0
283 2 0.06936512887477875 0 0
284 2 0.06974005699157715 0 0
285 2 0.07012370228767395 0 0
286 2 0.07051607221364975 0 0
287 2 0.07091715931892395 0 0
288 2 0.07132697105407715 0 0
289 2 0.07174549996852875 0 0
290 2 0.07217274606227875 0 0
291 2 0.07260870933532715 0 0
292 2 0.07305338978767395 0 0
293 2 0.07350679486989975 0 0
294 2 0.07395322620868683 0 0
295 2 0.07439965754747391 0 0
296 2 0.07484608143568039 0 0
297 2 0.07529251277446747 0 0
298 2 0.07573893666267395 0 0
299 2 0.07618536800146103 0 0
300 0 0.07663179934024811 0 0
301 0 0.07706841826438904 0 0
302 0 0.07749522477388382 0 0
303 0 0.07791222631931305 0 0
304 0 0.07831941545009613 0 0
305 1 0.07871679961681366 0 0
306 1 0.07910110801458359 0 0
307 1 0.07947232574224472 0 0
308 1 0.07983047515153885 0 0
309 1 0.08017554134130478 0 0
310 1 0.08050753176212311 0 0
311 1 0.08082643896341324 0 0
312 1 0.08103405684232712 0 0
313 1 0.08132680505514145 0 0
314 1 0.08160647749900818 0 0
315 1 0.08186980336904526 0 0
316 1 0.08212004601955414 0 0
317 1 0.08235721290111542 0 0
318 1 0.0825812965631485 0 0
319 1 0.08279230445623398 0 0
320 1 0.08299022912979126 0 0
321 1 0.08317507803440094 0 0
322 1 0.08334685117006302 0 0
323 1 0.0835055410861969 0 0
324 1 0.08365115523338318 0 0
325 1 0.08378368616104126 0 0
326 1 0.08363763988018036 0 0
327 1 0.08348505198955536 0 0
328 1 0.08332592248916626 0 0
329 1 0.08316025882959366 0 0
330 1 0.08298805356025696 0 0
331 1 0.08280930668115616 0 0
332 0 0.08262401819229126 0 0
333 0 0.08244854211807251 0 0
334 0 0.08228287845849991 0 0
335 0 0.08212701976299286 0 0
336 0 0.08198097348213196 0 0
337 0 0.08184473216533661 0 0
338 0 0.08184473216533661 0 0
339 0 0.08184473216533661 0 0
340 0 0.08184473216533661 0 0
341 0 0.08184473216533661 0 0
342 0 0.08184473216533661 0 0
343 0 0.08184473216533661 0 0
344 0 0.08184473216533661 0 0
345 0 0.08184473216533661 0 0
346 0 0.08184473216533661 0 0
347 0 0.08184473216533661 0 0
348 0 0.08184473216533661 0 0
349 0 0.08184473216533661 0 0
350 0 0.08184473216533661 0 0
351 0 0.08184473216533661 0 0
352 0 0.08184473216533661 0 0
353 0 0.08184473216533661 0 0
354 0 0.08184473216533661 0 0
355 0 0.08184473216533661 0 0
356 0 0.08184473216533661 0 0
357 0 0.08184473216533661 0 0
358 0 0.08184473216533661 0 0
359 0 0.08184473216533661 0 0
360 0 0.08184473216533661 0 0
361 0 0.08184473216533661 0 0
362 0 0.08184473216533661 0 0
363 0 0.08184473216533661 0 0
364 0 0.08184473216533661 0 0
365 0 0.08184473216533661 0 0
366 0 0.08184473216533661 0 0
367 0 0.08184473216533661 0 0
368 0 0.08184473216533661 0 0
369 0 0.08184473216533661 0 0
370 0 0.08184473216533661 0 0
371 0 0.08184473216533661 0 0
372 0 0.08184473216533661 0 0
373 0 0.08184473216533661 0 0
374 0 0.08184473216533661 0 0
375 0 0.08184473216533661 0 0
376 0 0.08184473216533661 0 0
377 0 0.08184473216533661 0 0
378 0 0.08184473216533661 0 0
379 0 0.08184473216533661 0 0
380 0 0.08184473216533661 0 0
381 0 0.08184473216533661 0 0
382 0 0.08184473216533661 0 0
383 0 0.08184473216533661 0 0
384 0 0.08184473216533661 0 0
385 0 0.08184473216533661 0 0
386 0 0.08184473216533661 0 0
387 0 0.08184473216533661 0 0
388 0 0.08184473216533661 0 0
389 0 0.08184473216533661 0 0
390 0 0.08184473216533661 0 0
391 0 0.08184473216533661 0 0
392 0 0.08184473216533661 0 0
393 0 0.08184473216533661 0 0
394 0 0.08184473216533661 0 0
395 0 0.08184473216533661 0 0
396 0 0.08184473216533661 0 0
397 0 0.08184473216533661 0 0
398 0 0.08184473216533661 0 0
399 0 0.08184473216533661 0 0
400 0 0.08184473216533661 0 0
401 0 0.08184473216533661 0 0
402 0 0.08184473216533661 0 0
403 0 0.08184473216533661 0 0
404 0 0.08184473216533661 0 0
405 0 0.08184473216533661 0 0
406 0 0.08184473216533661 0 0
407 0 0.08184473216533661 0 0
408 0 0.08184473216533661 0 0
409 0 0.08184473216533661 0 0
410 0 0.08184473216533661 0 0
411 1 0.08184473216533661 0 0
412 1 0.08169868588447571 0 0
413 1 0.08154609799385071 0 0
414 1 0.08138696849346161 0 0
415 1 0.08122130483388901 0 0
416 1 0.08104909956455231 0 0
417 1 0.08087035268545151 0 0
418 1 0.08068506419658661 0 0
419 1 0.08049324154853821 0 0
420 1 0.08029487729072571 0 0
421 0 0.08008997142314911 0 0
422 0 0.07989487797021866 0 0
423 0 0.07970958948135376 0 0
424 2 0.07953411340713501 0 0
425 18 0.07937172055244446 0 0
426 18 0.07922240346670151 0 0
427 18 0.07908616214990616 0 0
428 18 0.07923220843076706 0 0
429 18 0.07938479632139206 0 0
430 18 0.07954392582178116 0 0
431 18 0.07970958948135376 0 0
432 18 0.07988180220127106 0 0
433 18 0.08006054162979126 0 0
434 18 0.08024583011865616 0 0
435 18 0.08043765276670456 0 0
436 18 0.08063601702451706 0 0
437 18 0.08084092289209366 0 0
438 18 0.08105236291885376 0 0
439 18 0.08127035200595856 0 0
440 18 0.08143732696771622 0 0
441 18 0.08143732696771622 0 0
442 18 0.08143732696771622 0 0
443 18 0.08143732696771622 0 0
444 18 0.08143732696771622 0 0
445 18 0.08143732696771622 0 0
446 18 0.08143732696771622 0 0
447 18 0.08143732696771622 0 0
448 18 0.08143732696771622 0 0
449 18 0.08143732696771622 0 0
450 18 0.08143732696771622 0 0
451 18 0.08143732696771622 0 0
452 18 0.08143732696771622 0 0
453 18 0.08143732696771622 0 0
454 18 0.08143732696771622 0 0
455 18 0.08143732696771622 0 0
456 18 0.08143732696771622 0 0
457 18 0.08143732696771622 0 0
458 18 0.08164222538471222 0 0
459 18 0.08143732696771622 0 0
460 18 0.08143732696771622 0 0
461 18 0.08143732696771622 0 0
462 18 0.08143732696771622 0 0
463 18 0.08143732696771622 0 0
464 18 0.08143732696771622 0 0
465 18 0.08143732696771622 0 0
466 2 0.08143732696771622 0 0
467 2 0.08143732696771622 0 0
468 2 0.08143732696771622 0 0
469 0 0.08143732696771622 0 0
470 0 0.08143732696771622 0 0
471 0 0.08143732696771622 0 0
472 1 0.08143732696771622 0 0
473 1 0.08129127323627472 0 0
474 1 0.08113868534564972 0 0
475 1 0.08097956329584122 0 0
476 1 0.08081389218568802 0 0
477 1 0.08064168691635132 0 0
478 1 0.08046294003725052 0 0
479 1 0.08027765899896622 0 0
480 1 0.08008582890033722 0 0
481 1 0.07988746464252472 0 0
482 1 0.07968256622552872 0 0
483 1 0.07947111874818802 0 0
484 0 0.07925313711166382 0 0
485 0 0.07904496043920517 0 0
486 0 0.07884659618139267 0 0
487 0 0.07865804433822632 0 0
488 0 0.07847929745912552 0 0
489 0 0.07831036299467087 0 0
490 2 0.07815123349428177 0 0
491 2 0.07800518721342087 0 0
492 2 0.07787221670150757 0 0
493 2 0.07801826298236847 0 0
494 2 0.07817085087299347 0 0
495 2 0.07832998037338257 0 0
496 18 0.07849564403295517 0 0
497 18 0.07866785675287247 0 0
498 18 0.07884659618139267 0 0
499 18 0.07903188467025757 0 0
500 18 0.07922370731830597 0 0
501 18 0.07942207157611847 0 0
502 18 0.07962697744369507 0 0
503 18 0.07983841747045517 0 0
504 18 0.08005640655755997 0 0
505 18 0.08018748462200165 0 1
505 18 0.08018748462200165 0 1
