data/levels/world2/Going_Underground.stl
1 0 0.02343629114329815 0 0
2 0 0.02343629114329815 0 0
3 0 0.02343629114329815 0 0
4 0 0.02343629114329815 0 0
5 0 0.02343629114329815 0 0
6 0 0.02343629114329815 0 0
7 0 0.02343629114329815 0 0
8 0 0.02343629114329815 0 0
9 0 0.02343629114329815 0 0
10 0 0.02343629114329815 0 0
11 0 0.02343629114329815 0 0
12 0 0.02343629114329815 0 0
13 0 0.02343629114329815 0 0
14 0 0.02343629114329815 0 0
15 0 0.02343629114329815 0 0
16 0 0.02343629114329815 0 0
17 0 0.02343629114329815 0 0
18 0 0.02343629114329815 0 0
19 0 0.02343629114329815 0 0
20 0 0.02343629114329815 0 0
21 0 0.02343629114329815 0 0
22 0 0.02343629114329815 0 0
23 0 0.02343629114329815 0 0
24 0 0.02343629114329815 0 0
25 0 0.02343629114329815 0 0
26 0 0.02343629114329815 0 0
27 0 0.02343629114329815 0 0
28 0 0.02343629114329815 0 0
29 0 0.02343629114329815 0 0
30 0 0.02343629114329815 0 0
31 2 0.02343629114329815 0 0
32 2 0.0237770713865757 0 0
33 2 0.02413311041891575 0 0
34 2 0.02450440637767315 0 0
35 2 0.0248909629881382 0 0
36 2 0.02529277838766575 0 0
37 2 0.02570985071361065 0 0
38 2 0.0261421836912632 0 0
39 2 0.02658977545797825 0 0
40 2 0.02705262415111065 0 0
41 2 0.0275307334959507 0 0
42 2 0.02802410162985325 0 0
43 2 0.02853272669017315 0 0
44 2 0.0290566124022007 0 0
45 2 0.02959575690329075 0 0
46 2 0.03015015833079815 0 0
47 2 0.0307198204100132 0 0
48 2 0.0313047394156456 0 0
49 2 0.0319049209356308 0 0
50 2 0.0325203575193882 0 0
51 2 0.0331510528922081 0 0
52 2 0.0337970107793808 0 0
53 2 0.0344582237303257 0 0
54 2 0.0351346954703331 0 0
55 2 0.0358264297246933 0 0
56 2 0.0365334190428257 0 0
57 2 0.0372556671500206 0 0
58 2 0.0379931777715683 0 0
59 2 0.0387459434568882 0 0
60 2 0.03974822536110878 0 0
61 2 0.04054168239235878 0 0
62 2 0.04135548323392868 0 0
63 2 0.04218963161110878 0 0
64 2 0.04304412379860878 0 0
65 2 0.04391895979642868 0 0
66 2 0.04481414332985878 0 0
67 2 0.04572967067360878 0 0
68 2 0.04666554182767868 0 0
69 2 0.04762176051735878 0 0
70 2 0.04859832301735878 0 0
71 2 0.04959522932767868 0 0
72 2 0.05061248317360878 0 0
73 2 0.05165008082985878 0 0
74 2 0.05270802229642868 0 0
75 2 0.0537496879696846 0 0
76 2 0.05479135364294052 0 0
77 2 0.05583302304148674 0 0
78 2 0.05687468871474266 0 0
79 2 0.05791635438799858 0 0
80 2 0.0589580200612545 0 0
81 2 0.05999968945980072 0 0
82 2 0.06104135513305664 0 0
83 2 0.06208302080631256 0 0
84 2 0.06312468647956848 0 0
85 2 0.0641663521528244 0 0
86 2 0.06520802527666092 0 0
87 2 0.06624969094991684 0 0
88 2 0.06729135662317276 0 0
89 2 0.06833302229642868 0 0
90 2 0.0693746879696846 0 0
91 2 0.07041635364294052 0 0
92 2 0.07145801931619644 0 0
93 2 0.07249968498945236 0 0
94 2 0.07354135811328888 0 0
95 2 0.0745830237865448 0 0
96 2 0.07562468945980072 0 0
97 2 0.07666635513305664 0 0
98 2 0.07770802080631256 0 0
99 2 0.07874968647956848 0 0
100 2 0.0797913521528244 0 0
101 2 0.08083302527666092 0 0
102 2 0.08187469094991684 0 0
103 2 0.08291635662317276 0 0
104 2 0.08395802229642868 0 0
105 2 0.0849996879696846 0 0
106 2 0.08604135364294052 0 0
107 2 0.08708301931619644 0 0
108 2 0.08812468498945236 0 0
109 2 0.08916635811328888 0 0
110 2 0.0902080237865448 0 0
111 2 0.09124968945980072 0 0
112 2 0.09229135513305664 0 0
113 2 0.09333302080631256 0 0
114 2 0.09437468647956848 0 0
115 2 0.0954163521528244 0 0
116 2 0.09645802527666092 0 0
117 2 0.09749969094991684 0 0
118 2 0.09854135662317276 0 0
119 2 0.09958302229642868 0 0
120 2 0.1006246879696846 0 0
121 2 0.10166635364294052 0 0
122 2 0.10270801931619644 0 0
123 2 0.10374969244003296 0 0
124 2 0.10479135811328888 0 0
125 2 0.1058330312371254 0 0
126 2 0.10687469691038132 0 0
127 2 0.10791636258363724 0 0
128 2 0.10895802825689316 0 0
129 2 0.10999969393014908 0 0
130 2 0.111041359603405 0 0
131 2 0.11208302527666092 0 0
132 2 0.11312469840049744 0 0
133 2 0.11416636407375336 0 0
134 2 0.11520802974700928 0 0
135 2 0.1162496954202652 0 0
136 2 0.11729136109352112 0 0
137 2 0.11833302676677704 0 0
138 2 0.11937469244003296 0 0
139 2 0.12041635811328888 0 0
140 2 0.1214580312371254 0 0
141 2 0.12249969691038132 0 0
142 2 0.12354136258363724 0 0
143 2 0.12458302825689316 0 0
144 2 0.12562470138072968 0 0
145 2 0.1266663670539856 0 0
146 2 0.12770803272724152 0 0
147 2 0.12874969840049744 0 0
148 2 0.12979136407375336 0 0
149 2 0.13083302974700928 0 0
150 2 0.1318746954202652 0 0
151 2 0.13291636109352112 0 0
152 2 0.13395802676677704 0 0
153 2 0.13499969244003296 0 0
154 2 0.13604135811328888 0 0
155 2 0.1370830237865448 0 0
156 2 0.13812468945980072 0 0
157 2 0.13916635513305664 0 0
158 2 0.14020802080631256 0 0
159 2 0.14124970138072968 0 0
160 2 0.1422913670539856 0 0
161 2 0.14333303272724152 0 0
162 2 0.14437469840049744 0 0
163 2 0.14541636407375336 0 0
164 18 0.14645802974700928 0 0
165 18 0.1474996954202652 0 0
166 18 0.14854136109352112 0 0
167 18 0.14958302676677704 0 0
168 18 0.15062469244003296 0 0
169 18 0.15166635811328888 0 0
170 18 0.1527080237865448 0 0
171 18 0.15374968945980072 0 0
172 18 0.15479135513305664 0 0
173 18 0.15583302080631256 0 0
174 18 0.15687470138072968 0 0
175 18 0.1579163670539856 0 0
176 2 0.15895803272724152 0 0
177 2 0.15999969840049744 0 0
178 2 0.16104136407375336 0 0
179 2 0.16208302974700928 0 0
180 2 0.1631246954202652 0 0
181 2 0.16416636109352112 0 0
182 2 0.16520802676677704 0 0
183 2 0.16624969244003296 0 0
184 2 0.16729135811328888 0 0
185 2 0.1683330237865448 0 0
186 0 0.16937468945980072 0 0
187 0 0.1703934669494629 0 0
188 0 0.1713893562555313 0 0
189 0 0.17236237227916718 0 0
190 0 0.1733124852180481 0 0
191 0 0.17423970997333527 0 0
192 0 0.1751440465450287 0 0
193 2 0.17602549493312836 0 0
194 2 0.17692728340625763 0 0
195 2 0.1778494268655777 0 0
196 2 0.17879191040992737 0 0
197 2 0.17975473403930664 0 0
198 2 0.1807379126548767 0 0
199 2 0.18174143135547638 0 0
200 2 0.18276530504226685 0 0
201 2 0.18380950391292572 0 0
202 2 0.18485116958618164 0 0
203 2 0.18589283525943756 0 0
204 2 0.18693451583385468 0 0
205 18 0.1879761815071106 0 0
206 18 0.18901784718036652 0 0
207 18 0.19005951285362244 0 0
208 18 0.19110117852687836 0 0
209 18 0.19214284420013428 0 0
210 18 0.1931845098733902 0 0
211 18 0.19422617554664612 0 0
212 18 0.19526784121990204 0 0
213 2 0.19630950689315796 0 0
214 2 0.19735117256641388 0 0
215 2 0.1983928382396698 0 0
216 2 0.19943450391292572 0 0
217 2 0.20047616958618164 0 0
218 2 0.20151783525943756 0 0
219 2 0.20255951583385468 0 0
220 2 0.20312458276748657 0 0
221 2 0.2032361924648285 0 0
222 2 0.20335374772548676 0 0
223 2 0.20335374772548676 0 0
224 2 0.20335374772548676 0 0
225 2 0.20335374772548676 0 0
226 2 0.20335374772548676 0 0
227 2 0.20335374772548676 0 0
228 2 0.20335374772548676 0 0
229 2 0.20335374772548676 0 0
230 2 0.20335374772548676 0 0
231 2 0.20335374772548676 0 0
232 2 0.20335374772548676 0 0
233 2 0.20335374772548676 0 0
234 2 0.20335374772548676 0 0
235 2 0.20335374772548676 0 0
236 2 0.20335374772548676 0 0
237 2 0.20335374772548676 0 0
238 0 0.20383186638355255 0 0
239 0 0.2042870819568634 0 0
240 0 0.2047194093465805 0 0
241 0 0.20512886345386505 0 0
242 0 0.20551541447639465 0 0
243 0 0.2058790773153305 0 0
244 0 0.2062198668718338 0 0
245 0 0.20653775334358215 0 0
246 0 0.20683275163173676 0 0
247 0 0.2071048766374588 0 0
248 0 0.2073540985584259 0 0
249 0 0.20758043229579926 0 0
250 0 0.20778389275074005 0 0
251 0 0.20778389275074005 0 0
252 18 0.20778389275074005 0 0
253 18 0.20812466740608215 0 0
254 18 0.20848070085048676 0 0
255 18 0.20885200798511505 0 0
256 18 0.20923855900764465 0 0
257 18 0.20964036881923676 0 0
258 18 0.21005745232105255 0 0
259 18 0.21048977971076965 0 0
260 18 0.21093736588954926 0 0
261 18 0.21140022575855255 0 0
262 18 0.21187832951545715 0 0
263 18 0.21237169206142426 0 0
264 18 0.21288032829761505 0 0
265 18 0.21340420842170715 0 0
266 2 0.21394334733486176 0 0
267 2 0.21449775993824005 0 0
268 2 0.21506741642951965 0 0
269 2 0.21565233170986176 0 0
270 2 0.21625252068042755 0 0
271 2 0.21686795353889465 0 0
272 2 0.21749864518642426 0 0
273 2 0.21814461052417755 0 0
274 2 0.21880581974983215 0 0
275 2 0.21948228776454926 0 0
276 2 0.22017402946949005 0 0
277 2 0.22088101506233215 0 0
278 2 0.22160325944423676 0 0
279 2 0.22234077751636505 0 0
280 2 0.22309353947639465 0 0
281 2 0.22409582138061523 0 0
282 2 0.22488927841186523 0 0
283 2 0.22570307552814484 0 0
284 2 0.22653722763061523 0 0
285 2 0.22739171981811523 0 0
286 2 0.22826655209064484 0 0
287 2 0.22916173934936523 0 0
288 2 0.23007726669311523 0 0
289 2 0.23101313412189484 0 0
290 2 0.23196935653686523 0 0
291 2 0.23294591903686523 0 0
292 2 0.23394282162189484 0 0
293 2 0.23496007919311523 0 0
294 2 0.23599767684936523 0 0
295 2 0.23705561459064484 0 0
296 2 0.23809728026390076 0 0
297 2 0.23913894593715668 0 0
298 2 0.2401806116104126 0 0
299 2 0.24122227728366852 0 0
300 2 0.24226394295692444 0 0
301 2 0.24330560863018036 0 0
302 2 0.24434727430343628 0 0
303 2 0.2453889399766922 0 0
304 2 0.24643062055110931 0 0
305 2 0.24747228622436523 0 0
306 2 0.24851395189762115 0 0
307 2 0.24955561757087708 0 0
308 2 0.2505972683429718 0 0
309 2 0.2516389489173889 0 0
310 2 0.25268059968948364 0 0
311 2 0.25372228026390076 0 0
312 2 0.25476396083831787 0 0
313 2 0.2558056116104126 0 0
314 2 0.2568472921848297 0 0
315 2 0.25788894295692444 0 0
316 2 0.25893062353134155 0 0
317 2 0.2599722743034363 0 0
318 2 0.2610139548778534 0 0
319 2 0.2620556056499481 0 0
320 2 0.26309728622436523 0 0
321 2 0.26413893699645996 0 0
322 2 0.2651806175708771 0 0
323 2 0.2662222683429718 0 0
324 2 0.2672639489173889 0 0
325 2 0.26830559968948364 0 0
326 2 0.26934728026390076 0 0
327 2 0.27038896083831787 0 0
328 2 0.2714306116104126 0 0
329 2 0.2724722921848297 0 0
330 18 0.27351394295692444 0 0
331 18 0.27455562353134155 0 0
332 18 0.2755972743034363 0 0
333 18 0.2766389548778534 0 0
334 18 0.2776806056499481 0 0
335 18 0.27872228622436523 0 0
336 18 0.27976393699645996 0 0
337 18 0.2808056175708771 0 0
338 18 0.2818472683429718 0 0
339 18 0.2828889489173889 0 0
340 18 0.28393059968948364 0 0
341 18 0.28497228026390076 0 0
342 18 0.28601396083831787 0 0
343 18 0.2870556116104126 0 0
344 18 0.2880972921848297 0 0
345 18 0.28913894295692444 0 0
346 18 0.29018062353134155 0 0
347 18 0.2912222743034363 0 0
348 18 0.2922639548778534 0 0
349 18 0.2933056056499481 0 0
350 18 0.29434728622436523 0 0
351 18 0.29538893699645996 0 0
352 18 0.2964306175708771 0 0
353 18 0.2974722683429718 0 0
354 18 0.2985139489173889 0 0
355 18 0.29955559968948364 0 0
356 18 0.30059728026390076 0 0
357 18 0.30163896083831787 0 0
358 18 0.3026806116104126 0 0
359 18 0.3037222921848297 0 0
360 18 0.30476394295692444 0 0
361 18 0.30580562353134155 0 0
362 18 0.3068472743034363 0 0
363 18 0.3078889548778534 0 0
364 18 0.3089306056499481 0 0
365 18 0.30997228622436523 0 0
366 18 0.31101393699645996 0 0
367 18 0.3120556175708771 0 0
368 18 0.3130972683429718 0 0
369 18 0.3141389489173889 0 0
370 18 0.31518059968948364 0 0
371 18 0.31622228026390076 0 0
372 18 0.31726396083831787 0 0
373 18 0.3183056116104126 0 0
374 18 0.3193472921848297 0 0
375 18 0.32038894295692444 0 0
376 18 0.32143062353134155 0 0
377 18 0.3224722743034363 0 0
378 18 0.3235139548778534 0 0
379 18 0.3245556056499481 0 0
380 18 0.32559728622436523 0 0
381 18 0.32663893699645996 0 0
382 18 0.3276806175708771 0 0
383 18 0.3287222683429718 0 0
384 18 0.3297639489173889 0 0
385 18 0.33080559968948364 0 0
386 18 0.33184728026390076 0 0
387 18 0.33288896083831787 0 0
388 18 0.3339306116104126 0 0
389 18 0.3349722921848297 0 0
390 18 0.33601394295692444 0 0
391 18 0.33705562353134155 0 0
392 2 0.3380972743034363 0 0
393 2 0.3391389548778534 0 0
394 2 0.3401806056499481 0 0
395 2 0.34122228622436523 0 0
396 2 0.34226393699645996 0 0
397 2 0.3433056175708771 0 0
398 2 0.3443472683429718 0 0
399 2 0.3453889489173889 0 0
400 2 0.34643059968948364 0 0
401 2 0.34747228026390076 0 0
402 2 0.34851396083831787 0 0
403 2 0.3495556116104126 0 0
404 2 0.3505972921848297 0 0
405 2 0.35163894295692444 0 0
406 2 0.35268062353134155 0 0
407 2 0.3537222743034363 0 0
408 2 0.3547639548778534 0 0
409 2 0.3558056056499481 0 0
410 2 0.35684728622436523 0 0
411 2 0.35788893699645996 0 0
412 2 0.3589306175708771 0 0
413 2 0.3599722683429718 0 0
414 2 0.3610139489173889 0 0
415 2 0.36205559968948364 0 0
416 2 0.36309728026390076 0 0
417 2 0.36413896083831787 0 0
418 2 0.3651806116104126 0 0
419 2 0.3662222921848297 0 0
420 2 0.36726394295692444 0 0
421 2 0.36830562353134155 0 0
422 2 0.3693472743034363 0 0
423 2 0.3703889548778534 0 0
424 2 0.3714306056499481 0 0
425 2 0.37247228622436523 0 0
426 18 0.37351393699645996 0 0
427 18 0.3745556175708771 0 0
428 18 0.3755972683429718 0 0
429 18 0.3766389489173889 0 0
430 18 0.37768059968948364 0 0
431 18 0.37872228026390076 0 0
432 18 0.37976396083831787 0 0
433 18 0.3808056116104126 0 0
434 18 0.3818472921848297 0 0
435 18 0.38288894295692444 0 0
436 18 0.38393062353134155 0 0
437 18 0.3849722743034363 0 0
438 18 0.3860139548778534 0 0
439 18 0.3870556056499481 0 0
440 18 0.38809728622436523 0 0
441 18 0.38913893699645996 0 0
442 18 0.3901806175708771 0 0
443 18 0.3912222683429718 0 0
444 18 0.3922639489173889 0 0
445 18 0.39330559968948364 0 0
446 2 0.39434728026390076 0 0
447 2 0.39538896083831787 0 0
448 2 0.3964306116104126 0 0
449 2 0.3974722921848297 0 0
450 2 0.39851394295692444 0 0
451 2 0.39955562353134155 0 0
452 2 0.4005972743034363 0 0
453 2 0.4016389548778534 0 0
454 2 0.4026806056499481 0 0
455 2 0.40312460064888 0 0
456 2 0.4032362103462219 0 0
457 2 0.403353750705719 0 0
458 2 0.403353750705719 0 0
459 2 0.403353750705719 0 0
460 2 0.403353750705719 0 0
461 2 0.403353750705719 0 0
462 2 0.403353750705719 0 0
463 2 0.403353750705719 0 0
464 2 0.403353750705719 0 0
465 2 0.403353750705719 0 0
466 2 0.403353750705719 0 0
467 2 0.403353750705719 0 0
468 2 0.403353750705719 0 0
469 2 0.403353750705719 0 0
470 2 0.4038776457309723 0 0
471 2 0.4044167697429657 0 0
472 2 0.404971182346344 0 0
473 2 0.4055408537387848 0 0
474 0 0.4061257541179657 0 0
475 0 0.40668779611587524 0 0
476 0 0.40722694993019104 0 0
477 0 0.4077431857585907 0 0
478 2 0.408236563205719 0 0
479 2 0.4087451994419098 0 0
480 2 0.4092690646648407 0 0
481 2 0.4098082184791565 0 0
482 2 0.4103626310825348 0 0
483 2 0.4109322726726532 0 0
484 0 0.4115172028541565 0 0
485 0 0.41207924485206604 0 0
486 0 0.41261836886405945 0 0
487 0 0.4131346344947815 0 0
488 2 0.4136280119419098 0 0
489 2 0.4141366183757782 0 0
490 2 0.4146605134010315 0 0
491 2 0.4151996672153473 0 0
492 0 0.4157540500164032 0 0
493 0 0.41628557443618774 0 0
494 0 0.41679421067237854 0 0
495 0 0.4172799289226532 0 0
496 0 0.4177427887916565 0 0
497 0 0.41818276047706604 0 0
498 0 0.41859981417655945 0 0
499 0 0.4189940094947815 0 0
500 0 0.4193653166294098 0 0
501 0 0.41971370577812195 0 0
502 0 0.42003923654556274 0 0
503 2 0.4203418791294098 0 0
504 2 0.4206826388835907 0 0
505 2 0.4210386872291565 0 0
506 2 0.4214099943637848 0 0
507 2 0.4217965304851532 0 0
508 2 0.4221983551979065 0 0
509 2 0.4226154386997223 0 0
510 2 0.4230477511882782 0 0
511 2 0.423495352268219 0 0
512 18 0.4239582121372223 0 0
513 18 0.4244363009929657 0 0
514 18 0.424929678440094 0 0
515 18 0.4254383146762848 0 0
516 18 0.4259621798992157 0 0
517 18 0.4265013337135315 0 0
518 18 0.4270557761192322 0 0
519 18 0.4276254177093506 0 0
520 18 0.4282103478908539 0 0
521 18 0.4288105368614197 0 0
522 18 0.4294259548187256 0 0
523 18 0.4300566613674164 0 0
524 18 0.4307026267051697 0 0
525 18 0.4313638210296631 0 0
526 18 0.4320403039455414 0 0
527 18 0.4327320456504822 0 0
528 18 0.4334390163421631 0 0
529 18 0.4341612756252289 0 0
530 18 0.4348987936973572 0 0
531 18 0.4356515407562256 0 0
532 18 0.4366537928581238 0 0
533 18 0.4374472498893738 0 0
534 18 0.4382610619068146 0 0
535 18 0.4390951991081238 0 0
536 2 0.4399496912956238 0 0
537 2 0.4408245384693146 0 0
538 2 0.4417197108268738 0 0
539 2 0.4426352381706238 0 0
540 2 0.4435711205005646 0 0
541 2 0.4445273280143738 0 1
541 2 0.4445273280143738 0 1
