data/levels/bonus2/level15.stl
1 1 0.00999125000089407 0 0
2 1 0.00999125000089407 0 0
3 1 0.00999125000089407 0 0
4 1 0.00999125000089407 0 0
5 1 0.00999125000089407 0 0
6 1 0.00999125000089407 0 0
7 1 0.00999125000089407 0 0
8 1 0.00999125000089407 0 0
9 1 0.00999125000089407 0 0
10 1 0.00999125000089407 0 0
11 0 0.00999125000089407 0 0
12 0 0.00999125000089407 0 0
13 0 0.00999125000089407 0 0
14 0 0.00999125000089407 0 0
15 0 0.00999125000089407 0 0
16 0 0.00999125000089407 0 0
17 0 0.00999125000089407 0 0
18 2 0.00999125000089407 0 0
19 2 0.01013729814440012 0 0
20 2 0.01028988603502512 0 0
21 2 0.01044901367276907 0 0
22 2 0.010614680126309395 0 0
23 2 0.010786887258291245 0 0
24 2 0.010965632274746895 0 0
25 2 0.01115091796964407 0 0
26 2 0.01134274248033762 0 0
27 2 0.011541107669472694 0 0
28 2 0.011746011674404144 0 0
29 2 0.01195745449513197 0 0
30 2 0.012175437062978745 0 0
31 2 0.01239995937794447 0 0
32 2 0.012631021440029144 0 0
33 2 0.012868622317910194 0 0
34 2 0.013112762942910194 0 0
35 2 0.013363443315029144 0 0
36 2 0.01362066250294447 0 0
37 2 0.013884421437978745 0 0
38 2 0.01415472012013197 0 0
39 2 0.014431558549404144 0 0
40 2 0.014714935794472694 0 0
41 2 0.015004852786660194 0 0
42 2 0.015301309525966644 0 0
43 2 0.01560430508106947 0 0
44 2 0.015913840383291245 0 0
45 2 0.016229916363954544 0 0
46 2 0.016552530229091644 0 0
47 2 0.016982076689600945 0 0
48 2 0.017322130501270294 0 0
49 2 0.017670903354883194 0 0
50 2 0.018028393387794495 0 0
51 2 0.018394604325294495 0 0
52 2 0.018769536167383194 0 0
53 18 0.019153185188770294 0 0
54 18 0.019545553252100945 0 0
55 18 0.019946642220020294 0 0
56 18 0.020356450229883194 0 0
57 18 0.020774975419044495 0 0
58 18 0.021202221512794495 0 0
59 18 0.021638188511133194 0 0
60 18 0.022082874551415443 0 0
61 2 0.022536277770996094 0 0
62 2 0.022982707247138023 0 0
63 0 0.023429134860634804 0 0
64 0 0.023865753784775734 0 0
65 0 0.024292564019560814 0 0
66 0 0.024709565564990044 0 0
67 0 0.025116756558418274 0 0
68 0 0.025514138862490654 0 0
69 0 0.025901712477207184 0 0
70 0 0.026279477402567863 0 0
71 1 0.026647431775927544 0 0
72 1 0.027002306655049324 0 0
73 1 0.027344103902578354 0 0
74 1 0.027672821655869484 0 0
75 1 0.027988461777567863 0 0
76 1 0.028192806988954544 0 0
77 0 0.028482288122177124 0 0
78 0 0.028761958703398705 0 0
79 0 0.029031822457909584 0 0
80 0 0.029291875660419464 0 0
81 0 0.029542118310928345 0 0
82 0 0.029782554134726524 0 0
83 0 0.030013179406523705 0 0
84 0 0.030233995988965034 0 0
85 0 0.030445003882050514 0 0
86 0 0.030646201223134995 0 0
87 0 0.030837589874863625 0 0
88 0 0.031019169837236404 0 0
89 0 0.031190941110253334 0 0
90 0 0.031352899968624115 0 0
91 0 0.031505052000284195 0 0
92 0 0.031647395342588425 0 0
93 0 0.031779929995536804 0 0
94 0 0.031902652233839035 0 0
95 0 0.032015569508075714 0 0
96 0 0.032118674367666245 0 0
97 0 0.032211970537900925 0 0
98 0 0.032295458018779755 0 0
99 0 0.032295458018779755 0 0
100 0 0.032295458018779755 0 0
101 16 0.032295458018779755 0 0
102 18 0.032295458018779755 0 0
103 18 0.032441508024930954 0 0
104 18 0.032594095915555954 0 0
105 18 0.032753221690654755 0 0
106 18 0.032918889075517654 0 0
107 18 0.033091094344854355 0 0
108 18 0.033269841223955154 0 0
109 18 0.033455125987529755 0 0
110 18 0.033646952360868454 0 0
111 18 0.033845316618680954 0 0
112 18 0.034050218760967255 0 0
113 18 0.034261662513017654 0 0
114 18 0.034479644149541855 0 0
115 18 0.034704167395830154 0 0
116 18 0.034935228526592255 0 0
117 18 0.035172831267118454 0 0
118 18 0.035416971892118454 0 0
119 18 0.035667650401592255 0 0
120 18 0.035924870520830154 0 0
121 18 0.036188628524541855 0 0
122 18 0.036458928138017654 0 0
123 2 0.036735765635967255 0 0
124 2 0.037019144743680954 0 0
125 2 0.037309061735868454 0 0
126 2 0.037605516612529755 0 0
127 2 0.037908513098955154 0 0
128 2 0.038218047469854355 0 0
129 2 0.038534123450517654 0 0
130 2 0.038856737315654755 0 0
131 2 0.039286285638809204 0 0
132 2 0.0396263413131237 0 0
133 2 0.039975110441446304 0 0
134 2 0.0403326041996479 0 0
135 2 0.0406988151371479 0 0
136 2 0.041073743253946304 0 0
137 2 0.0414573960006237 0 0
138 2 0.041849762201309204 0 0
139 2 0.0422508530318737 0 0
140 2 0.042660657316446304 0 0
141 2 0.0430791862308979 0 0
142 2 0.0435064323246479 0 0
143 2 0.043942395597696304 0 0
144 2 0.0443870835006237 0 0
145 2 0.044840484857559204 0 0
146 2 0.045286912471055984 0 0
147 2 0.04573334380984306 0 0
148 2 0.046179771423339844 0 0
149 2 0.046626199036836624 0 0
150 2 0.047053392976522446 0 0
151 2 0.047053392976522446 0 0
152 2 0.047053392976522446 0 0
153 2 0.047053392976522446 0 0
154 2 0.047053392976522446 0 0
155 2 0.0471012219786644 0 0
156 2 0.047151610255241394 0 0
157 2 0.047151610255241394 0 0
158 2 0.047151610255241394 0 0
159 18 0.047151610255241394 0 0
160 18 0.047151610255241394 0 0
161 18 0.047151610255241394 0 0
162 18 0.047151610255241394 0 0
163 18 0.047151610255241394 0 0
164 18 0.047323815524578094 0 0
165 18 0.047502562403678894 0 0
166 18 0.047687847167253494 0 0
167 2 0.047879669815301895 0 0
168 2 0.048078034073114395 0 0
169 2 0.048282939940690994 0 0
170 2 0.048494383692741394 0 0
171 2 0.048712365329265594 0 0
172 2 0.048936888575553894 0 0
173 2 0.049167949706315994 0 0
174 2 0.049405548721551895 0 0
175 2 0.049649689346551895 0 0
176 2 0.049900371581315994 0 0
177 2 0.050157591700553894 0 0
178 2 0.050421349704265594 0 0
179 2 0.050691649317741394 0 0
180 2 0.050968486815690994 0 0
181 2 0.051251862198114395 0 0
182 2 0.051541779190301895 0 0
183 2 0.051838237792253494 0 0
184 2 0.052141234278678894 0 0
185 2 0.052450768649578094 0 0
186 2 0.052766844630241394 0 0
187 2 0.0528658963739872 0 0
188 2 0.0528658963739872 0 0
189 2 0.0528658963739872 0 0
190 2 0.0528658963739872 0 0
191 18 0.0528658963739872 0 0
192 18 0.0528658963739872 0 0
193 2 0.0528658963739872 0 0
194 2 0.0528658963739872 0 0
195 0 0.0528658963739872 0 0
196 0 0.05302175134420395 0 0
197 2 0.05316780135035515 0 0
198 2 0.05332038924098015 0 0
199 2 0.05347951501607895 0 0
200 2 0.05364518240094185 0 0
201 2 0.05381738767027855 0 0
202 2 0.05399613454937935 0 0
203 0 0.05418141931295395 0 0
204 0 0.0543568953871727 0 0
205 0 0.0545225627720356 0 0
206 0 0.05467842146754265 0 0
207 0 0.05482446774840355 0 0
208 0 0.0549607090651989 0 0
209 0 0.0550871379673481 0 0
210 0 0.05520375818014145 0 0
211 0 0.05531056970357895 0 0
212 0 0.0554075725376606 0 0
213 0 0.0554947666823864 0 0
214 0 0.05557214841246605 0 0
215 0 0.05563972517848015 0 0
216 0 0.05563972517848015 0 0
217 0 0.05563972517848015 0 0
218 0 0.05563972517848015 0 0
219 0 0.05563972517848015 0 0
220 0 0.05563972517848015 0 0
221 18 0.05563972517848015 0 0
222 18 0.05572303757071495 0 0
223 18 0.05572303757071495 0 0
224 18 0.05572303757071495 0 0
225 18 0.05572303757071495 0 0
226 18 0.05589524284005165 0 0
227 2 0.05607398971915245 0 0
228 2 0.05625927448272705 0 0
229 0 0.05645110085606575 0 0
230 0 0.0566331148147583 0 0
231 0 0.056805320084095 0 0
232 0 0.05696772038936615 0 0
233 0 0.05712030827999115 0 0
234 0 0.05726308375597 0 0
235 0 0.0573960542678833 0 0
236 0 0.05751921609044075 0 0
237 0 0.05763256549835205 0 0
238 0 0.0577361062169075 0 0
239 0 0.0578298419713974 0 0
240 0 0.05791376531124115 0 0
241 0 0.05798787623643875 0 0
242 0 0.0580521821975708 0 0
243 0 0.058106679469347 0 0
244 0 0.05815136432647705 0 0
245 0 0.05818624049425125 0 0
246 0 0.0582113116979599 0 0
247 0 0.0582265704870224 0 0
248 0 0.05823201686143875 0 0
249 0 0.05822765827178955 0 0
250 2 0.0582331083714962 0 0
251 2 0.0583791583776474 0 0
252 2 0.0585317462682724 0 0
253 2 0.0586908720433712 0 0
254 2 0.0588565394282341 0 0
255 2 0.0590287446975708 0 0
256 2 0.0592074915766716 0 0
257 2 0.0593927763402462 0 0
258 2 0.0595846027135849 0 0
259 2 0.0597829669713974 0 0
260 2 0.0599878691136837 0 0
261 2 0.0601993128657341 0 0
262 2 0.0604172945022583 0 0
263 2 0.0606418177485466 0 0
264 2 0.0608728788793087 0 0
265 2 0.0611104816198349 0 0
266 2 0.0613546222448349 0 0
267 2 0.0616053007543087 0 0
268 18 0.0618625208735466 0 0
269 18 0.0621262788772583 0 0
270 18 0.0623965784907341 0 0
271 18 0.062673419713974 0 0
272 18 0.0629567950963974 0 0
273 18 0.0632467120885849 0 0
274 18 0.0635431706905365 0 0
275 18 0.0638461634516716 0 0
276 18 0.0641556978225708 0 0
277 18 0.0644717738032341 0 0
278 18 0.0647943913936615 0 0
279 18 0.06522393226623535 0 0
280 18 0.06556398421525955 0 0
281 18 0.06591276079416275 0 0
282 18 0.06627024710178375 0 0
283 18 0.06663645803928375 0 0
284 18 0.06701139360666275 0 0
285 18 0.06739503890275955 0 0
286 18 0.06778740882873535 0 0
287 18 0.06818849593400955 0 0
288 18 0.06859830766916275 0 0
289 18 0.06901682913303375 0 0
290 18 0.06944407522678375 0 0
291 2 0.06988004595041275 0 0
292 2 0.07032472640275955 0 0
293 2 0.07077813148498535 0 0
294 2 0.07122456282377243 0 0
295 2 0.07167098671197891 0 0
296 2 0.07211741805076599 0 0
297 2 0.07256384938955307 0 0
298 2 0.07301027327775955 0 0
299 2 0.07345670461654663 0 0
300 2 0.07390313595533371 0 0
301 2 0.07434955984354019 0 0
302 2 0.07479599118232727 0 0
303 2 0.07524241507053375 0 0
304 2 0.07568884640932083 0 0
305 2 0.07613527774810791 0 0
306 2 0.07658170163631439 0 0
307 2 0.07702813297510147 0 0
308 2 0.07747456431388855 0 0
309 0 0.07792098820209503 0 0
310 0 0.07835760712623596 0 0
311 0 0.07878442108631134 0 0
312 0 0.07920142263174057 0 0
313 1 0.07960861176252365 0 0
314 1 0.07999945431947708 0 0
315 1 0.08037722110748291 0 0
316 1 0.08074190467596054 0 0
317 1 0.08109351247549057 0 0
318 1 0.0814320370554924 0 0
319 1 0.08175748586654663 0 0
320 1 0.08206985145807266 0 0
321 1 0.08227093517780304 0 0
322 1 0.08255714178085327 0 0
323 1 0.0828302800655365 0 0
324 1 0.08309032768011093 0 0
325 0 0.08333730697631836 0 0
326 0 0.08357446640729904 0 0
327 2 0.08380182832479477 0 0
328 2 0.084035724401474 0 0
329 2 0.08427615463733673 0 0
330 2 0.08452312648296356 0 0
331 2 0.08477664738893509 0 0
332 2 0.08503669500350952 0 0
333 2 0.08530329167842865 0 0
334 2 0.08557642251253128 0 0
335 0 0.08585609495639801 0 0
336 0 0.08612595498561859 0 0
337 0 0.08638601005077362 0 0
338 0 0.0866362527012825 0 0
339 1 0.08687669038772583 0 0
340 1 0.08710404485464096 0 0
341 1 0.08731832355260849 0 0
342 1 0.08751951903104782 0 0
343 1 0.08770763874053955 0 0
344 1 0.08788268268108368 0 0
345 1 0.08804464340209961 0 0
346 1 0.08819352090358734 0 0
347 1 0.08832932263612747 0 0
348 1 0.08818327635526657 0 0
349 1 0.08803068846464157 0 0
350 1 0.08787155896425247 0 0
351 0 0.08770589530467987 0 0
352 0 0.08755003660917282 0 0
353 0 0.08740399032831192 0 0
354 0 0.08726774901151657 0 0
355 0 0.08726774901151657 0 0
356 0 0.08726774901151657 0 0
357 0 0.08726774901151657 0 0
358 0 0.08726774901151657 0 0
359 0 0.08726774901151657 0 0
360 0 0.08726774901151657 0 0
361 0 0.08726774901151657 0 0
362 0 0.08726774901151657 0 0
363 0 0.08726774901151657 0 0
364 0 0.08726774901151657 0 0
365 0 0.08726774901151657 0 0
366 0 0.08726774901151657 0 0
367 0 0.08726774901151657 0 0
368 0 0.08726774901151657 0 0
369 0 0.08726774901151657 0 0
370 0 0.08726774901151657 0 0
371 0 0.08726774901151657 0 0
372 0 0.08726774901151657 0 0
373 0 0.08726774901151657 0 0
374 0 0.08726774901151657 0 0
375 0 0.08726774901151657 0 0
376 0 0.08726774901151657 0 0
377 0 0.08726774901151657 0 0
378 0 0.08726774901151657 0 0
379 0 0.08726774901151657 0 0
380 0 0.08726774901151657 0 0
381 0 0.08726774901151657 0 0
382 0 0.08726774901151657 0 0
383 0 0.08726774901151657 0 0
384 0 0.08726774901151657 0 0
385 0 0.08726774901151657 0 0
386 0 0.08726774901151657 0 0
387 0 0.08726774901151657 0 0
388 0 0.08726774901151657 0 0
389 0 0.08726774901151657 0 0
390 0 0.08726774901151657 0 0
391 0 0.08726774901151657 0 0
392 0 0.08726774901151657 0 0
393 0 0.08726774901151657 0 0
394 0 0.08726774901151657 0 0
395 0 0.08726774901151657 0 0
396 0 0.08726774901151657 0 0
397 0 0.08726774901151657 0 0
398 0 0.08726774901151657 0 0
399 2 0.08726774901151657 0 0
400 2 0.08741379529237747 0 0
401 2 0.08756638318300247 0 0
402 2 0.08772551268339157 0 0
403 2 0.08789118379354477 0 0
404 2 0.08806338906288147 0 0
405 2 0.08824213594198227 0 0
406 0 0.08842741698026657 0 0
407 0 0.08860289305448532 0 0
408 0 0.08876856416463852 0 0
409 0 0.08892441540956497 0 1
409 0 0.08892441540956497 0 1
1 0 0.009991071186959743 0 0
2 0 0.009991071186959743 0 0
3 0 0.009991071186959743 0 0
4 0 0.009991071186959743 0 0
5 0 0.009991071186959743 0 0
6 0 0.009991071186959743 0 0
7 0 0.009991071186959743 0 0
8 0 0.009991071186959743 0 0
9 0 0.009991071186959743 0 0
10 0 0.009991071186959743 0 0
11 0 0.009991071186959743 0 0
12 0 0.009991071186959743 0 0
13 0 0.009991071186959743 0 0
14 0 0.009991071186959743 0 0
15 0 0.009991071186959743 0 0
16 0 0.009991071186959743 0 0
17 0 0.009991071186959743 0 0
18 0 0.009991071186959743 0 0
19 0 0.009991071186959743 0 0
20 0 0.009991071186959743 0 0
21 2 0.009991071186959743 0 0
22 2 0.010137120261788368 0 0
23 2 0.010289708152413368 0 0
24 2 0.010448834858834743 0 0
25 2 0.010614502243697643 0 0
26 2 0.010786708444356918 0 0
27 2 0.010965454392135143 0 0
28 2 0.011150739155709743 0 0
29 2 0.011342564597725868 0 0
30 2 0.011540927924215794 0 0
31 2 0.011745831929147243 0 0
32 2 0.011957274749875069 0 0
33 2 0.012175257317721844 0 0
34 2 0.012399779632687569 0 0
35 2 0.012630841694772243 0 0
36 2 0.012868442572653294 0 0
37 2 0.013112583197653294 0 0
38 2 0.013363263569772243 0 0
39 2 0.013620482757687569 0 0
40 2 0.013884241692721844 0 0
41 2 0.014154540374875069 0 0
42 2 0.014431378804147243 0 0
43 2 0.014714756049215794 0 0
44 2 0.015004673041403294 0 0
45 2 0.015301129780709743 0 0
46 2 0.015604125335812569 0 0
47 2 0.01591366156935692 0 0
48 2 0.01622973568737507 0 0
49 2 0.01655234955251217 0 0
50 2 0.01698189787566662 0 0
51 2 0.017321951687335968 0 0
52 2 0.017670724540948868 0 0
53 18 0.018028216436505318 0 0
54 18 0.018394427374005318 0 0
55 18 0.018769357353448868 0 0
56 18 0.019153006374835968 0 0
57 18 0.01954537443816662 0 0
58 18 0.019946463406085968 0 0
59 18 0.020356271415948868 0 0
60 18 0.020774798467755318 0 0
61 18 0.021202044561505318 0 0
62 18 0.021638009697198868 0 0
63 18 0.022082693874835968 0 0
64 18 0.02253609709441662 0 0
65 18 0.022982526570558548 0 0
66 18 0.02342895418405533 0 0
67 18 0.023875383660197258 0 0
68 18 0.024321813136339188 0 0
69 2 0.024768240749835968 0 0
70 2 0.025214670225977898 0 0
71 2 0.025661097839474678 0 0
72 2 0.026107527315616608 0 0
73 0 0.026553954929113388 0 0
74 0 0.026990573853254318 0 0
75 0 0.027417384088039398 0 0
76 0 0.027834385633468628 0 0
77 0 0.028241576626896858 0 0
78 0 0.02863895893096924 0 0
79 0 0.029026532545685768 0 0
80 0 0.029404297471046448 0 0
81 0 0.029772251844406128 0 0
82 0 0.030130397528409958 0 0
83 0 0.030478734523057938 0 0
84 0 0.030817260965704918 0 0
85 1 0.031145978718996048 0 0
86 1 0.03146161884069443 0 0
87 1 0.03166596218943596 0 0
88 1 0.03195544332265854 0 0
89 1 0.03223184496164322 0 0
90 1 0.03249516710639 0 0
91 1 0.03274541348218918 0 0
92 1 0.03298257663846016 0 0
93 1 0.03320666402578354 0 0
94 1 0.03341767191886902 0 0
95 1 0.0336156003177166 0 0
96 0 0.03380044922232628 0 0
97 0 0.03397548943758011 0 0
98 0 0.03414072096347809 0 0
99 0 0.03429614380002022 0 0
100 0 0.0344417542219162 0 0
101 2 0.03457755595445633 0 0
102 2 0.03472360596060753 0 0
103 18 0.03487619385123253 0 0
104 18 0.03503531962633133 0 0
105 18 0.03520098701119423 0 0
106 18 0.03537319600582123 0 0
107 18 0.03555193915963173 0 0
108 18 0.03573722392320633 0 0
109 18 0.03592905029654503 0 0
110 18 0.03612741455435753 0 0
111 18 0.03633231669664383 0 0
112 18 0.03654376044869423 0 0
113 18 0.03676174581050873 0 0
114 18 0.03698626533150673 0 0
115 18 0.03721732646226883 0 0
116 18 0.03745492920279503 0 0
117 18 0.03769906982779503 0 0
118 18 0.03794974833726883 0 0
119 18 0.03820696845650673 0 0
120 18 0.03847073018550873 0 0
121 18 0.03874102607369423 0 0
122 18 0.03901786357164383 0 0
123 18 0.03930124267935753 0 0
124 18 0.03959115967154503 0 0
125 18 0.03988761454820633 0 0
126 18 0.04019061103463173 0 0
127 18 0.04050014913082123 0 0
128 18 0.04081622138619423 0 0
129 18 0.04113883525133133 0 0
130 18 0.04156838729977608 0 0
131 18 0.04190843924880028 0 0
132 18 0.04225721210241318 0 0
133 18 0.04261470213532448 0 0
134 18 0.04298091307282448 0 0
135 2 0.04335584491491318 0 0
136 2 0.04373949393630028 0 0
137 2 0.04413186386227608 0 0
138 2 0.04453295096755028 0 0
139 2 0.04494275897741318 0 0
140 2 0.04536128416657448 0 0
141 2 0.04578853026032448 0 0
142 2 0.04622449725866318 0 0
143 0 0.04666918143630028 0 0
144 0 0.04710405692458153 0 0
145 0 0.04752912372350693 0 0
146 0 0.04794437810778618 0 0
147 0 0.04834982752799988 0 0
148 0 0.04874546453356743 0 0
149 0 0.04913129657506943 0 0
150 0 0.04950731620192528 0 0
151 0 0.04987352713942528 0 0
152 0 0.0499105341732502 0 0
153 0 0.0499105341732502 0 0
154 0 0.0499105341732502 0 0
155 0 0.0499105341732502 0 0
156 0 0.0499105341732502 0 0
157 0 0.05000875145196915 0 0
158 0 0.05000875145196915 0 0
159 0 0.05000875145196915 0 0
160 0 0.05000875145196915 0 0
161 0 0.05000875145196915 0 0
162 0 0.05000875145196915 0 0
163 2 0.05000875145196915 0 0
164 18 0.05000875145196915 0 0
165 18 0.05000875145196915 0 0
166 18 0.05000875145196915 0 0
167 18 0.05000875145196915 0 0
168 18 0.05000875145196915 0 0
169 18 0.05018095672130585 0 0
170 18 0.05035970360040665 0 0
171 2 0.05054498836398125 0 0
172 2 0.050736814737319946 0 0
173 2 0.050935178995132446 0 0
174 2 0.05114008113741875 0 0
175 2 0.05135152488946915 0 0
176 2 0.05156950652599335 0 0
177 2 0.05179402977228165 0 0
178 2 0.05202509090304375 0 0
179 2 0.052262693643569946 0 0
180 2 0.052506834268569946 0 0
181 2 0.05275751277804375 0 0
182 2 0.05301473289728165 0 0
183 2 0.05327849090099335 0 0
184 2 0.05354879051446915 0 0
185 0 0.05382562801241875 0 0
186 0 0.0540926568210125 0 0
187 0 0.0543498769402504 0 0
188 0 0.054597288370132446 0 0
189 0 0.05483488738536835 0 0
190 0 0.055062681436538696 0 0
191 0 0.0552806630730629 0 0
192 0 0.05548883602023125 0 0
193 0 0.05568720027804375 0 0
194 0 0.05572303757071495 0 0
195 0 0.05572303757071495 0 0
196 0 0.05572303757071495 0 0
197 0 0.05572303757071495 0 0
198 2 0.05572303757071495 0 0
199 2 0.05572303757071495 0 0
200 18 0.05572303757071495 0 0
201 18 0.05572303757071495 0 0
202 18 0.05572303757071495 0 0
203 18 0.05572303757071495 0 0
204 18 0.05572303757071495 0 0
205 18 0.05589524284005165 0 0
206 18 0.05607398971915245 0 0
207 18 0.05625927448272705 0 0
208 18 0.05645110085606575 0 0
209 18 0.05664946511387825 0 0
210 18 0.05685436725616455 0 0
211 18 0.05706581100821495 0 0
212 18 0.05728379264473915 0 0
213 18 0.05750831589102745 0 0
214 18 0.05773937702178955 0 0
215 18 0.05797697976231575 0 0
216 18 0.05822112038731575 0 0
217 18 0.05847179889678955 0 0
218 18 0.05872901901602745 0 0
219 18 0.05899277701973915 0 0
220 18 0.05926307663321495 0 0
221 18 0.05953991413116455 0 0
222 18 0.05982329323887825 0 0
223 18 0.06011321023106575 0 0
224 18 0.06040966510772705 0 0
225 18 0.06071266159415245 0 0
226 18 0.06102219596505165 0 0
227 18 0.06133827194571495 0 0
228 18 0.06166088581085205 0 0
229 18 0.0620904341340065 0 0
230 18 0.0624304860830307 0 0
231 18 0.0627792552113533 0 0
232 18 0.0631367489695549 0 0
233 18 0.0635029599070549 0 0
234 18 0.0638778880238533 0 0
235 2 0.0642615407705307 0 0
236 2 0.0646539106965065 0 0
237 2 0.0650549978017807 0 0
238 2 0.0654648020863533 0 0
239 2 0.0658833310008049 0 0
240 2 0.0663105770945549 0 0
241 2 0.0667465403676033 0 0
242 2 0.0671912282705307 0 0
243 2 0.0676446333527565 0 0
244 2 0.06809105724096298 0 0
245 2 0.06853748857975006 0 0
246 2 0.06898391991853714 0 0
247 2 0.06943034380674362 0 0
248 2 0.0698767751455307 0 0
249 2 0.07032320648431778 0 0
250 2 0.07076963037252426 0 0
251 2 0.07121606171131134 0 0
252 2 0.07166248559951782 0 0
253 2 0.0721089169383049 0 0
254 2 0.07255534827709198 0 0
255 2 0.07300177216529846 0 0
256 2 0.07344820350408554 0 0
257 2 0.07389463484287262 0 0
258 2 0.0743410587310791 0 0
259 2 0.07478749006986618 0 0
260 2 0.07523391395807266 0 0
261 2 0.07568034529685974 0 0
262 2 0.07612677663564682 0 0
263 2 0.0765732005238533 0 0
264 2 0.07701963186264038 0 0
265 2 0.07746606320142746 0 0
266 2 0.07791248708963394 0 0
267 2 0.07835891842842102 0 0
268 2 0.0788053423166275 0 0
269 2 0.07925177365541458 0 0
270 2 0.07969820499420166 0 0
271 0 0.08014462888240814 0 0
272 0 0.08058124780654907 0 0
273 0 0.08100806176662445 0 0
274 0 0.08142506331205368 0 0
275 0 0.08183225244283676 0 0
276 0 0.08222963660955429 0 0
277 1 0.08261720836162567 0 0
278 1 0.0829884335398674 0 0
279 1 0.08334658294916153 0 0
280 1 0.08369164913892746 0 0
281 1 0.08402363210916519 0 0
282 1 0.08434253931045532 0 0
283 1 0.0845501571893692 0 0
284 1 0.08484291285276413 0 0
285 1 0.08512258529663086 0 0
286 1 0.08538917452096939 0 0
287 1 0.08564268797636032 0 0
288 1 0.08588312566280365 0 0
289 1 0.08611048012971878 0 0
290 1 0.08632475882768631 0 0
291 1 0.08652595430612564 0 0
292 1 0.08671407401561737 0 0
293 1 0.0868891179561615 0 0
294 1 0.08705107867717743 0 0
295 1 0.08719995617866516 0 0
296 1 0.08733575791120529 0 0
297 1 0.08718971163034439 0 0
298 1 0.08713410794734955 0 0
299 1 0.08713410794734955 0 0
300 1 0.08713410794734955 0 0
301 1 0.08713410794734955 0 0
302 1 0.08713410794734955 0 0
303 1 0.08713410794734955 0 0
304 1 0.08713410794734955 0 0
305 1 0.08713410794734955 0 0
306 1 0.08713410794734955 0 0
307 0 0.08713410794734955 0 0
308 0 0.08713410794734955 0 0
309 0 0.08713410794734955 0 0
310 0 0.08713410794734955 0 0
311 0 0.08713410794734955 0 0
312 0 0.08713410794734955 0 0
313 0 0.08713410794734955 0 0
314 0 0.08713410794734955 0 0
315 0 0.08713410794734955 0 0
316 0 0.08713410794734955 0 0
317 17 0.08713410794734955 0 0
318 17 0.08713410794734955 0 0
319 17 0.08713410794734955 0 0
320 17 0.08713410794734955 0 0
321 17 0.08713410794734955 0 0
322 17 0.08696189522743225 0 0
323 17 0.08678315579891205 0 0
324 17 0.08659786731004715 0 0
325 1 0.08640604466199875 0 0
326 1 0.08620768040418625 0 0
327 0 0.08600277453660965 0 0
328 0 0.0858076810836792 0 0
329 0 0.0856223925948143 0 0
330 0 0.08544691652059555 0 0
331 0 0.08528125286102295 0 0
332 0 0.0851253941655159 0 0
333 0 0.084979347884655 0 0
334 0 0.08484310656785965 0 0
335 0 0.08471667766571045 0 0
336 0 0.0846000537276268 0 0
337 0 0.0844932422041893 0 0
338 0 0.08439624309539795 0 0
339 0 0.08430904895067215 0 0
340 0 0.0842316672205925 0 0
341 0 0.0841640904545784 0 0
342 0 0.08410632610321045 0 0
343 0 0.08405836671590805 0 0
344 0 0.0842769593000412 0 0
345 0 0.0842769593000412 0 0
346 0 0.0842769593000412 0 0
347 0 0.0842769593000412 0 0
348 0 0.08427805453538895 0 0
349 0 0.0842769593000412 0 0
350 0 0.08427805453538895 0 0
351 0 0.0842769593000412 0 0
352 0 0.08427805453538895 0 0
353 0 0.08427805453538895 0 0
354 0 0.08427805453538895 0 0
355 0 0.08427805453538895 0 0
356 0 0.08427805453538895 0 0
357 0 0.08427805453538895 0 0
358 0 0.08427805453538895 0 0
359 0 0.08427805453538895 0 0
360 0 0.08427805453538895 0 0
361 0 0.08427805453538895 0 0
362 0 0.08427805453538895 0 0
363 0 0.08427805453538895 0 0
364 0 0.08427805453538895 0 0
365 0 0.08427805453538895 0 0
366 0 0.08427805453538895 0 0
367 16 0.08427805453538895 0 0
368 16 0.08427805453538895 0 0
369 18 0.08427805453538895 0 0
370 18 0.08442410081624985 0 0
371 16 0.08457668870687485 0 0
372 16 0.0847194641828537 0 0
373 16 0.084852434694767 0 0
374 16 0.08497560024261475 0 0
375 16 0.08508894592523575 0 0
376 16 0.0851924866437912 0 0
377 17 0.0852862223982811 0 0
378 17 0.0851401761174202 0 0
379 17 0.0849875882267952 0 0
380 17 0.0848284587264061 0 0
381 17 0.0846627950668335 0 0
382 17 0.0844905823469162 0 0
383 17 0.084311842918396 0 0
384 17 0.0841265544295311 0 0
385 17 0.0839347317814827 0 0
386 17 0.0837363675236702 0 0
387 17 0.0835314616560936 0 0
388 17 0.0833200216293335 0 0
389 16 0.0831020325422287 0 0
390 16 0.08289386332035065 0 0
391 16 0.08269549906253815 0 0
392 0 0.0825069397687912 0 0
393 0 0.082328200340271 0 0
394 0 0.08215925842523575 0 0
395 2 0.08200013637542725 0 0
396 2 0.08185408264398575 0 0
397 2 0.08172111213207245 0 0
398 2 0.08186716586351395 0 0
399 2 0.08201975375413895 0 0
400 2 0.08217887580394745 0 0
401 2 0.08234454691410065 0 0
402 2 0.08251675218343735 0 0
403 0 0.08269549906253815 0 0
404 0 0.0828644335269928 0 0
405 0 0.0830235630273819 0 0
406 0 0.08317288011312485 0 0
407 0 0.08331239223480225 0 0
408 0 0.0834420919418335 0 0
409 0 0.0834420919418335 0 0
410 0 0.0834420919418335 0 0
411 0 0.0834420919418335 0 0
412 0 0.0834420919418335 0 0
413 0 0.0834420919418335 0 0
414 0 0.0834420919418335 0 0
415 18 0.0834420919418335 0 0
416 18 0.0835881382226944 0 0
417 18 0.0837407261133194 0 0
418 18 0.0838998556137085 0 0
419 18 0.0840655192732811 0 0
420 18 0.0842377245426178 0 0
421 18 0.08429446816444397 0 0
422 18 0.08429446816444397 0 0
423 18 0.08429446816444397 0 0
424 18 0.08429446816444397 0 0
425 18 0.08429446816444397 0 0
426 18 0.08429446816444397 0 0
427 18 0.08429446816444397 0 0
428 18 0.08429446816444397 0 0
429 18 0.08429446816444397 0 0
430 18 0.08429446816444397 0 0
431 18 0.08429446816444397 0 0
432 18 0.08429446816444397 0 0
433 2 0.08429446816444397 0 0
434 2 0.08429446816444397 0 0
435 2 0.08429446816444397 0 0
436 2 0.08429446816444397 0 0
437 0 0.08429446816444397 0 0
438 0 0.08429446816444397 0 0
439 0 0.08429446816444397 0 0
440 0 0.08429446816444397 0 0
441 0 0.08429446816444397 0 0
442 0 0.08429446816444397 0 0
443 0 0.08429446816444397 0 0
444 0 0.08429446816444397 0 0
445 0 0.08429446816444397 0 0
446 0 0.08429446816444397 0 0
447 0 0.08429446816444397 0 0
448 0 0.08429446816444397 0 0
449 0 0.08429446816444397 0 0
450 0 0.08429446816444397 0 0
451 0 0.08429446816444397 0 0
452 0 0.08429446816444397 0 0
453 0 0.08429446816444397 0 0
454 0 0.08429446816444397 0 0
455 2 0.08429446816444397 0 0
456 2 0.08429446816444397 0 0
457 2 0.08429446816444397 0 0
458 2 0.08445359021425247 0 0
459 2 0.08461926132440567 0 0
460 2 0.08479146659374237 0 0
461 2 0.08497021347284317 0 0
462 2 0.08515549451112747 0 0
463 2 0.08534732460975647 0 0
464 2 0.08554568886756897 0 0
465 2 0.08575058728456497 0 0
466 2 0.08596203476190567 0 0
467 0 0.08618001639842987 0 0
468 0 0.08638819307088852 0 0
469 0 0.08658655732870102 0 0
470 0 0.08713410794734955 0 0
471 0 0.08731284737586975 0 0
472 0 0.087481789290905 0 0
473 0 0.0876409113407135 0 0
474 0 0.08779023587703705 0 0
475 0 0.08792974054813385 0 0
476 0 0.0880594402551651 0 0
477 0 0.0880594402551651 0 0
478 0 0.0880594402551651 0 0
479 0 0.0880594402551651 0 0
480 0 0.0880594402551651 0 0
481 2 0.0880594402551651 0 0
482 18 0.088205486536026 0 0
483 18 0.088358074426651 0 0
484 18 0.0885172039270401 0 0
485 18 0.0886828750371933 0 0
486 18 0.08885508030653 0 0
487 18 0.0890338271856308 0 0
488 18 0.0892191082239151 0 0
489 18 0.0894109308719635 0 0
490 18 0.089609295129776 0 0
491 18 0.0898142009973526 0 0
492 18 0.0900256484746933 0 0
493 18 0.0902436301112175 0 0
494 18 0.0904681533575058 0 0
495 18 0.0906992107629776 0 0
496 18 0.0909368097782135 0 0
497 18 0.0911809504032135 0 0
498 18 0.0914316326379776 0 0
499 18 0.0916888564825058 0 0
500 18 0.0919526144862175 0 0
501 18 0.0922229140996933 0 0
502 18 0.0924997478723526 0 0
503 18 0.092783123254776 0 0
504 18 0.0930730402469635 0 0
505 0 0.0933694988489151 0 0
506 0 0.09365614503622055 0 0
507 0 0.09393298625946045 0 0
508 0 0.0942000150680542 0 0
509 0 0.0944572314620018 0 0
510 0 0.09470464289188385 0 0
511 2 0.09494224190711975 0 0
512 2 0.09518638253211975 0 0
513 2 0.09543706476688385 0 0
514 2 0.09569428861141205 0 0
515 0 0.09595804661512375 0 0
516 0 0.0962119922041893 0 0
517 0 0.0964561328291893 0 0
518 0 0.09669046849012375 0 0
519 0 0.09691499173641205 0 0
520 0 0.0971297025680542 0 0
521 0 0.0973346084356308 0 0
522 0 0.09752970188856125 0 0
523 1 0.09771498292684555 0 0
524 1 0.09788718819618225 0 0
525 1 0.09804631769657135 0 0
526 1 0.09819236397743225 0 0
527 0 0.09832533448934555 0 0
528 0 0.09832533448934555 0 0
529 0 0.09832533448934555 0 0
530 0 0.09832533448934555 0 0
531 0 0.09832533448934555 0 0
532 0 0.09832533448934555 0 0
533 0 0.09832533448934555 0 0
534 0 0.09832533448934555 0 0
535 0 0.09832533448934555 0 0
536 0 0.09832533448934555 0 0
537 0 0.09832533448934555 0 0
538 0 0.09832533448934555 0 0
539 0 0.09832533448934555 0 0
540 0 0.09832533448934555 0 0
541 0 0.09832533448934555 0 0
542 0 0.09832533448934555 0 0
543 0 0.09832533448934555 0 0
544 0 0.09832533448934555 0 0
545 0 0.09832533448934555 0 0
546 0 0.09832533448934555 0 0
547 0 0.09832533448934555 0 0
548 0 0.09832533448934555 0 0
549 0 0.09832533448934555 0 0
550 0 0.09832533448934555 0 0
551 0 0.09832533448934555 0 0
552 0 0.09832533448934555 0 0
553 2 0.09832533448934555 0 0
554 2 0.09847138822078705 0 0
555 2 0.09862397611141205 0 0
556 0 0.09878309816122055 0 0
557 0 0.0989324152469635 0 0
558 0 0.0990719273686409 0 0
559 0 0.09920162707567215 0 0
560 0 0.09920162707567215 0 0
561 2 0.09920162707567215 0 0
562 2 0.09934767335653305 0 0
563 2 0.09950026124715805 0 0
564 2 0.09965939074754715 0 0
565 2 0.09982505440711975 0 0
566 2 0.09999726712703705 0 0
567 2 0.10017600655555725 0 0
568 2 0.10036129504442215 0 0
569 2 0.10055311769247055 0 0
570 2 0.10075148195028305 0 0
571 2 0.10095638781785965 0 0
572 2 0.10116782784461975 0 0
573 18 0.10138581693172455 0 0
574 18 0.10161033272743225 0 0
575 18 0.10184139758348465 0 0
576 18 0.10207899659872055 0 0
577 18 0.10232313722372055 0 0
578 18 0.10257381945848465 0 0
579 18 0.10283103585243225 0 0
580 18 0.10309480130672455 0 0
581 18 0.10336509346961975 0 0
582 18 0.10364193469285965 0 0
583 18 0.10392531007528305 0 0
584 18 0.10421522706747055 0 0
585 18 0.10451168566942215 0 0
586 18 0.10481467843055725 0 0
587 18 0.10512422025203705 0 0
588 18 0.10544028878211975 0 0
589 18 0.10576290637254715 0 0
590 18 0.1061924546957016 0 0
591 18 0.1065325066447258 0 0
592 2 0.1068812757730484 0 0
593 2 0.10723876953125 0 0
594 2 0.10760498046875 0 0
595 2 0.1079799085855484 0 0
596 2 0.1083635613322258 0 0
597 2 0.1087559312582016 0 0
598 2 0.1091570183634758 0 0
599 2 0.1095668226480484 0 0
600 2 0.1099853515625 0 0
601 2 0.11041259765625 0 0
602 2 0.1108485609292984 0 0
603 2 0.1112932488322258 0 0
604 2 0.1117466539144516 0 0
605 2 0.11219307780265808 0 0
606 2 0.11263950914144516 0 0
607 2 0.11308594048023224 0 0
608 2 0.11353236436843872 0 0
609 2 0.1139787957072258 0 0
610 2 0.11442521959543228 0 0
611 2 0.11487165093421936 0 0
612 2 0.11531808227300644 0 0
613 2 0.11576450616121292 0 0
614 2 0.1162109375 0 0
615 2 0.11665736883878708 0 0
616 2 0.11710379272699356 0 0
617 2 0.11755022406578064 0 0
618 2 0.11799665540456772 0 0
619 2 0.1184430792927742 0 0
620 2 0.11888951063156128 0 0
621 2 0.11933593451976776 0 0
622 2 0.11978236585855484 0 0
623 2 0.12022879719734192 0 0
624 2 0.1206752210855484 0 0
625 2 0.12112165242433548 0 0
626 2 0.12156808376312256 0 0
627 2 0.12201450765132904 0 0
628 2 0.12246093899011612 0 0
629 2 0.1229073628783226 0 0
630 2 0.12335379421710968 0 0
631 2 0.12380022555589676 0 0
632 2 0.12424664944410324 0 0
633 2 0.12469308078289032 0 0
634 2 0.1251395046710968 0 0
635 2 0.12558594346046448 0 0
636 2 0.12603236734867096 0 0
637 2 0.12647879123687744 0 0
638 2 0.12692523002624512 0 0
639 2 0.1273716539144516 0 0
640 2 0.12781807780265808 0 0
641 2 0.12826450169086456 0 0
642 2 0.12871094048023224 0 0
643 2 0.12915736436843872 0 0
644 2 0.1296037882566452 0 0
645 2 0.13005022704601288 0 0
646 2 0.13049665093421936 0 0
647 2 0.13094307482242584 0 0
648 2 0.13138951361179352 0 0
649 2 0.1318359375 0 0
650 2 0.13228236138820648 0 0
651 2 0.13272880017757416 0 0
652 2 0.13317522406578064 0 0
653 2 0.13362164795398712 0 0
654 2 0.1340680867433548 0 0
655 2 0.13451451063156128 0 0
656 2 0.13496093451976776 0 0
657 2 0.13540737330913544 0 0
658 2 0.13585379719734192 0 0
659 2 0.1363002210855484 0 0
660 2 0.13674664497375488 0 0
661 2 0.13719308376312256 0 0
662 2 0.13763950765132904 0 0
663 2 0.13808593153953552 0 0
664 2 0.1385323703289032 0 0
665 2 0.13897879421710968 0 0
666 18 0.13942521810531616 0 0
667 18 0.13987165689468384 0 0
668 18 0.14031808078289032 0 0
669 18 0.1407645046710968 0 0
670 18 0.14121094346046448 0 0
671 18 0.14165736734867096 0 0
672 18 0.14210379123687744 0 0
673 18 0.14255023002624512 0 0
674 18 0.1429966539144516 0 0
675 18 0.14344307780265808 0 0
676 18 0.14388950169086456 0 0
677 18 0.14433594048023224 0 0
678 18 0.14478236436843872 0 0
679 18 0.1452287882566452 0 0
680 18 0.14567522704601288 0 0
681 18 0.14612165093421936 0 0
682 18 0.14656807482242584 0 0
683 2 0.14701451361179352 0 0
684 2 0.1474609375 0 0
685 2 0.14790736138820648 0 0
686 2 0.14835380017757416 0 0
687 2 0.14880022406578064 0 0
688 2 0.14924664795398712 0 0
689 2 0.1496930867433548 0 0
690 2 0.15013951063156128 0 0
691 2 0.15058593451976776 0 0
692 2 0.15103237330913544 0 0
693 2 0.15147879719734192 0 0
694 2 0.1519252210855484 0 0
695 1 0.15237164497375488 0 0
696 1 0.15280500054359436 0 0
697 1 0.15322527289390564 0 0
698 1 0.15363246202468872 0 0
699 1 0.1540265828371048 0 0
700 1 0.15440760552883148 0 0
701 1 0.15477555990219116 0 0
702 1 0.15513044595718384 0 0
703 1 0.15547223389148712 0 0
704 1 0.1558009535074234 0 0
705 1 0.15611658990383148 0 0
706 1 0.1563209444284439 0 0
707 1 0.1566104292869568 0 0
708 1 0.15688683092594147 0 0
709 1 0.15715014934539795 0 0
710 1 0.15740039944648743 0 0
711 1 0.1576375514268875 0 0
712 1 0.1578616499900818 0 0
713 1 0.15807265043258667 0 0
714 1 0.15827058255672455 0 0
715 1 0.15845543146133423 0 0
716 1 0.1586271971464157 0 0
717 1 0.1587858945131302 0 0
718 1 0.15893150866031647 0 0
719 1 0.15906403958797455 0 0
720 1 0.15891799330711365 0 0
721 1 0.15876540541648865 0 0
722 1 0.15860627591609955 0 0
723 1 0.15844060480594635 0 0
724 1 0.15826840698719025 0 0
725 1 0.15808965265750885 0 0
726 1 0.15774951875209808 0 1
726 1 0.15774951875209808 0 1
1 1 0.00999125000089407 0 0
2 1 0.00999125000089407 0 0
3 1 0.00999125000089407 0 0
4 1 0.00999125000089407 0 0
5 1 0.00999125000089407 0 0
6 1 0.00999125000089407 0 0
7 1 0.00999125000089407 0 0
8 1 0.00999125000089407 0 0
9 1 0.00999125000089407 0 0
10 0 0.00999125000089407 0 0
11 0 0.00999125000089407 0 0
12 0 0.00999125000089407 0 0
13 0 0.00999125000089407 0 0
14 0 0.00999125000089407 0 0
15 0 0.00999125000089407 0 0
16 2 0.00999125000089407 0 0
17 2 0.01013729814440012 0 0
18 2 0.01028988603502512 0 0
19 2 0.01044901367276907 0 0
20 2 0.010614680126309395 0 0
21 2 0.010786887258291245 0 0
22 2 0.010965632274746895 0 0
23 2 0.01115091796964407 0 0
24 2 0.01134274248033762 0 0
25 2 0.011541107669472694 0 0
26 2 0.011746011674404144 0 0
27 2 0.01195745449513197 0 0
28 2 0.012175437062978745 0 0
29 2 0.01239995937794447 0 0
30 2 0.012631021440029144 0 0
31 2 0.012868622317910194 0 0
32 2 0.013112762942910194 0 0
33 2 0.013363443315029144 0 0
34 2 0.01362066250294447 0 0
35 2 0.013884421437978745 0 0
36 2 0.01415472012013197 0 0
37 2 0.014431558549404144 0 0
38 2 0.014714935794472694 0 0
39 2 0.015004852786660194 0 0
40 2 0.015301309525966644 0 0
41 2 0.01560430508106947 0 0
42 2 0.015913840383291245 0 0
43 2 0.016229916363954544 0 0
44 2 0.016552530229091644 0 0
45 2 0.016982076689600945 0 0
46 2 0.017322130501270294 0 0
47 2 0.017670903354883194 0 0
48 2 0.018028393387794495 0 0
49 2 0.018394604325294495 0 0
50 2 0.018769536167383194 0 0
51 2 0.019153185188770294 0 0
52 18 0.019545553252100945 0 0
53 18 0.019946642220020294 0 0
54 18 0.020356450229883194 0 0
55 18 0.020774975419044495 0 0
56 18 0.021202221512794495 0 0
57 18 0.021638188511133194 0 0
58 18 0.022082874551415443 0 0
59 18 0.022536277770996094 0 0
60 18 0.022982707247138023 0 0
61 18 0.023429134860634804 0 0
62 18 0.023875564336776733 0 0
63 18 0.024321991950273514 0 0
64 18 0.024768421426415443 0 0
65 18 0.025214849039912224 0 0
66 2 0.025661278516054153 0 0
67 2 0.026107706129550934 0 0
68 2 0.026554135605692863 0 0
69 2 0.027000563219189644 0 0
70 2 0.027446992695331573 0 0
71 0 0.027893420308828354 0 0
72 2 0.028330039232969284 0 0
73 2 0.028775379061698914 0 0
74 2 0.029229436069726944 0 0
75 2 0.029675865545868874 0 0
76 2 0.030122293159365654 0 0
77 2 0.030568722635507584 0 0
78 2 0.031015150249004364 0 0
79 2 0.031461577862501144 0 0
80 0 0.03190800920128822 0 0
81 0 0.03234462812542915 0 0
82 0 0.03277143836021423 0 0
83 0 0.03318843990564346 0 0
84 0 0.033595629036426544 0 0
85 0 0.033993013203144073 0 0
86 1 0.034380584955215454 0 0
87 1 0.03475508093833923 0 0
88 1 0.035116493701934814 0 0
89 1 0.035464830696582794 0 0
90 1 0.035800088196992874 0 0
91 1 0.036122266203165054 0 0
92 1 0.03643136844038963 0 0
93 1 0.036629173904657364 0 0
94 1 0.036912113428115845 0 0
95 1 0.037178706377744675 0 0
96 1 0.037307608872652054 0 1
96 1 0.037307608872652054 0 1
