data/levels/bonus1/abednego-level3.stl
1 0 0.012072917073965073 0 0
2 0 0.012072917073965073 0 0
3 0 0.012072917073965073 0 0
4 0 0.012072917073965073 0 0
5 0 0.012072917073965073 0 0
6 0 0.012072917073965073 0 0
7 0 0.012072917073965073 0 0
8 0 0.012072917073965073 0 0
9 0 0.012072917073965073 0 0
10 0 0.012072917073965073 0 0
11 0 0.012072917073965073 0 0
12 0 0.012072917073965073 0 0
13 0 0.012072917073965073 0 0
14 2 0.012072917073965073 0 0
15 2 0.012243306264281273 0 0
16 2 0.012421325780451298 0 0
17 2 0.012606974691152573 0 0
18 2 0.012800252065062523 0 0
19 2 0.013001159764826298 0 0
20 2 0.013209696859121323 0 0
21 2 0.013425862416625023 0 0
22 2 0.013649657368659973 0 0
23 2 0.013881082646548748 0 0
24 2 0.014120137318968773 0 0
25 2 0.014366820454597473 0 0
26 2 0.014621133916079998 0 0
27 2 0.014883076772093773 0 0
28 2 0.015152648091316223 0 0
29 2 0.015429849736392498 0 0
30 2 0.015714680776000023 0 0
31 2 0.016007140278816223 0 0
32 2 0.016307229176163673 0 0
33 2 0.016614949330687523 0 0
34 2 0.016930297017097473 0 0
35 2 0.017253274098038673 0 0
36 2 0.017583882436156273 0 0
37 2 0.017922118306159973 0 0
38 2 0.018267983570694923 0 0
39 2 0.018621480092406273 0 0
40 2 0.018982604146003723 0 0
41 2 0.019351357594132423 0 0
42 2 0.019727742299437523 0 0
43 2 0.020228881388902664 0 0
44 2 0.020625609904527664 0 0
45 2 0.021032512187957764 0 0
46 2 0.021449584513902664 0 0
47 2 0.021876830607652664 0 0
48 2 0.022314250469207764 0 0
49 2 0.022761840373277664 0 0
50 2 0.023219604045152664 0 0
51 2 0.023687541484832764 0 0
52 2 0.024165648967027664 0 0
53 2 0.024653930217027664 0 0
54 2 0.025152385234832764 0 0
55 2 0.025661010295152664 0 0
56 2 0.026179809123277664 0 0
57 2 0.026708781719207764 0 0
58 2 0.027229614555835724 0 0
59 2 0.027750447392463684 0 0
60 2 0.028271280229091644 0 0
61 2 0.028792114928364754 0 0
62 2 0.029312947764992714 0 0
63 2 0.029833780601620674 0 0
64 2 0.030354613438248634 0 0
65 2 0.030875448137521744 0 0
66 2 0.031396280974149704 0 0
67 2 0.031917113810777664 0 0
68 2 0.032437946647405624 0 0
69 2 0.032958779484033585 0 0
70 2 0.03347961604595184 0 0
71 2 0.0340004488825798 0 0
72 2 0.034521281719207764 0 0
73 2 0.035042114555835724 0 0
74 2 0.035562947392463684 0 0
75 2 0.036083780229091644 0 0
76 2 0.036604613065719604 0 0
77 2 0.037125445902347565 0 0
78 2 0.03764628246426582 0 0
79 2 0.038167115300893784 0 0
80 2 0.038687948137521744 0 0
81 2 0.039208780974149704 0 0
82 2 0.039729613810777664 0 0
83 2 0.040250446647405624 0 0
84 2 0.040771279484033585 0 0
85 2 0.04129211604595184 0 0
86 2 0.0418129488825798 0 0
87 2 0.042333781719207764 0 0
88 2 0.042854614555835724 0 0
89 2 0.043375447392463684 0 0
90 2 0.043896280229091644 0 0
91 2 0.044417113065719604 0 0
92 2 0.044937945902347565 0 0
93 2 0.04545878246426582 0 0
94 2 0.045979615300893784 0 0
95 2 0.046500448137521744 0 0
96 2 0.047021280974149704 0 0
97 2 0.047542113810777664 0 0
98 18 0.048062946647405624 0 0
99 18 0.048583779484033585 0 0
100 18 0.04910461604595184 0 0
101 18 0.0496254488825798 0 0
102 18 0.050146281719207764 0 0
103 18 0.050667114555835724 0 0
104 18 0.051187947392463684 0 0
105 18 0.051708780229091644 0 0
106 18 0.052229613065719604 0 0
107 18 0.052750445902347565 0 0
108 18 0.05327128246426582 0 0
109 18 0.053792115300893784 0 0
110 18 0.054312948137521744 0 0
111 18 0.054833780974149704 0 0
112 18 0.055354613810777664 0 0
113 18 0.055875446647405624 0 0
114 18 0.056396279484033585 0 0
115 18 0.05691711604595184 0 0
116 18 0.0574379488825798 0 0
117 18 0.057958781719207764 0 0
118 2 0.058479614555835724 0 0
119 2 0.059000447392463684 0 0
120 2 0.059521280229091644 0 0
121 2 0.060042113065719604 0 0
122 2 0.060562945902347565 0 0
123 2 0.06108378246426582 0 0
124 2 0.061604615300893784 0 0
125 2 0.062125448137521744 0 0
126 2 0.0626462772488594 0 0
127 2 0.06316711753606796 0 0
128 2 0.06368795037269592 0 0
129 2 0.06420878320932388 0 0
130 2 0.06472961604595184 0 0
131 2 0.0652504488825798 0 0
132 2 0.06577128171920776 0 0
133 2 0.06629211455583572 0 0
134 2 0.06681294739246368 0 0
135 2 0.06733378022909164 0 0
136 2 0.0678546130657196 0 0
137 2 0.06837544590234756 0 0
138 2 0.06889627873897552 0 0
139 2 0.06941711157560349 0 0
140 2 0.06993794441223145 0 0
141 2 0.0704587772488594 0 0
142 2 0.07097961753606796 0 0
143 2 0.07150045037269592 0 0
144 2 0.07202128320932388 0 0
145 2 0.07254211604595184 0 0
146 2 0.0730629488825798 0 0
147 2 0.07358378171920776 0 0
148 2 0.07410461455583572 0 0
149 2 0.07462544739246368 0 0
150 2 0.07514628022909164 0 0
151 2 0.0756671130657196 0 0
152 2 0.07618794590234756 0 0
153 2 0.07670877873897552 0 0
154 2 0.07722961157560349 0 0
155 2 0.07775044441223145 0 0
156 2 0.0782712772488594 0 0
157 2 0.07879211753606796 0 0
158 2 0.07931295037269592 0 0
159 2 0.07983378320932388 0 0
160 2 0.08035461604595184 0 0
161 2 0.0808754488825798 0 0
162 2 0.08139628171920776 0 0
163 2 0.08191711455583572 0 0
164 2 0.08243794739246368 0 0
165 2 0.08295878022909164 0 0
166 2 0.0834796130657196 0 0
167 2 0.08400044590234756 0 0
168 2 0.08452127873897552 0 0
169 2 0.08504211157560349 0 0
170 2 0.08556294441223145 0 0
171 2 0.0860837772488594 0 0
172 2 0.08660461753606796 0 0
173 2 0.08712545037269592 0 0
174 2 0.08764628320932388 0 0
175 2 0.08816711604595184 0 0
176 2 0.0886879488825798 0 0
177 2 0.08920878171920776 0 0
178 2 0.08972961455583572 0 0
179 2 0.09025044739246368 0 0
180 2 0.09077128022909164 0 0
181 2 0.0912921130657196 0 0
182 2 0.09181294590234756 0 0
183 0 0.09233377873897552 0 0
184 0 0.09284316748380661 0 0
185 0 0.09334111213684082 0 0
186 0 0.09382761269807816 0 0
187 0 0.09430267661809921 0 0
188 0 0.0947662889957428 0 0
189 0 0.09521845728158951 0 0
190 0 0.09565918147563934 0 0
191 0 0.0960884615778923 0 0
192 1 0.09650629758834839 0 0
193 1 0.09690506011247635 0 0
194 1 0.09728856384754181 0 0
195 1 0.09765680879354477 0 0
196 1 0.09789521247148514 0 0
197 1 0.0982329398393631 0 0
198 1 0.09855541586875916 0 0
199 1 0.09886262565851212 0 0
200 1 0.09915457665920258 0 0
201 1 0.09943126887083054 0 0
202 1 0.099692702293396 0 0
203 1 0.09993887692689896 0 0
204 17 0.10016979277133942 0 0
205 17 0.10038544982671738 0 0
206 17 0.10058584809303284 0 0
207 17 0.1007709875702858 0 0
208 17 0.10094086825847626 0 0
209 17 0.10109549015760422 0 0
210 17 0.10092510282993317 0 0
211 17 0.10074708610773087 0 0
212 17 0.10056143254041672 0 0
213 17 0.10036815702915192 0 0
214 17 0.10016725212335587 0 0
215 17 0.09995871037244797 0 0
216 17 0.09974254667758942 0 0
217 17 0.09951875358819962 0 0
218 17 0.09928732365369797 0 0
219 17 0.09904827177524567 0 0
220 17 0.09880159050226212 0 0
221 17 0.09854727238416672 0 0
222 17 0.09828533232212067 0 0
223 17 0.09801576286554337 0 0
224 17 0.09773855656385422 0 0
225 17 0.09745372831821442 0 0
226 16 0.09716127067804337 0 0
227 16 0.09688024967908859 0 0
228 16 0.09661068022251129 0 0
229 16 0.09635255485773087 0 0
230 2 0.09610586613416672 0 0
231 2 0.09587444365024567 0 0
232 2 0.09565827995538712 0 0
233 2 0.09545736759901047 0 0
234 2 0.09527172148227692 0 0
235 2 0.09510133415460587 0 0
236 2 0.09494619816541672 0 0
237 2 0.09511659294366837 0 0
238 2 0.09529460966587067 0 0
239 2 0.09548025578260422 0 0
240 2 0.09567353874444962 0 0
241 2 0.09587444365024567 0 0
242 2 0.09608297795057297 0 0
243 2 0.09629914909601212 0 0
244 2 0.09652294218540192 0 0
245 2 0.09675436466932297 0 0
246 2 0.09699342399835587 0 0
247 2 0.09724010527133942 0 0
248 2 0.09749441593885422 0 0
249 2 0.09775636345148087 0 0
250 2 0.09802593290805817 0 0
251 2 0.09830313175916672 0 0
252 2 0.09858796745538712 0 0
253 0 0.09888042509555817 0 0
254 0 0.09916143864393234 0 0
255 0 0.09943101555109024 0 0
256 0 0.09968914091587067 0 0
257 0 0.09993582218885422 0 0
258 1 0.10017106682062149 0 0
259 1 0.10039104521274567 0 0
260 1 0.10059576481580734 0 0
261 1 0.10078523308038712 0 0
262 1 0.10095943510532379 0 0
263 1 0.10111837834119797 0 0
264 1 0.10094799101352692 0 0
265 1 0.10076997429132462 0 0
266 1 0.10058432072401047 0 0
267 1 0.10039104521274567 0 0
268 1 0.10019014030694962 0 0
269 1 0.09998159855604172 0 0
270 1 0.09976543486118317 0 0
271 1 0.09954164177179337 0 0
272 1 0.09931021183729172 0 0
273 1 0.09907115995883942 0 0
274 1 0.09882447868585587 0 0
275 1 0.09857016056776047 0 0
276 1 0.09830822050571442 0 0
277 1 0.09803865104913712 0 0
278 1 0.09776144474744797 0 0
279 1 0.09747661650180817 0 0
280 17 0.09718415886163712 0 0
281 17 0.09688406437635422 0 0
282 17 0.09657634794712067 0 0
283 17 0.09626100212335587 0 0
284 17 0.09593801945447922 0 0
285 17 0.09560741484165192 0 0
286 17 0.09526918083429337 0 0
287 17 0.09492330998182297 0 0
288 17 0.09456981718540192 0 0
289 17 0.09420869499444962 0 0
290 17 0.09383993595838547 0 0
291 17 0.09346355497837067 0 0
292 17 0.09319157898426056 0 0
293 17 0.09279485046863556 0 0
294 17 0.09238795191049576 0 0
295 17 0.09197087585926056 0 0
296 17 0.09177104383707047 0 0
297 17 0.09177104383707047 0 0
298 17 0.09165645390748978 0 0
299 17 0.09165645390748978 0 0
300 17 0.09165645390748978 0 0
301 17 0.09165645390748978 0 0
302 17 0.09165645390748978 0 0
303 17 0.09165645390748978 0 0
304 17 0.09165645390748978 0 0
305 17 0.09143266081809998 0 0
306 17 0.09120123833417892 0 0
307 17 0.09096217900514603 0 0
308 17 0.09071549773216248 0 0
309 17 0.09046118706464767 0 0
310 17 0.09019923955202103 0 0
311 17 0.08992967009544373 0 0
312 17 0.08965247124433517 0 0
313 17 0.08936763554811478 0 0
314 17 0.08907517790794373 0 0
315 17 0.08877509087324142 0 0
316 1 0.08846736699342728 0 0
317 0 0.08815202116966248 0 0
318 0 0.08784811943769455 0 0
319 0 0.0875556543469429 0 0
320 1 0.08727464079856873 0 0
321 1 0.0869859978556633 0 0
322 1 0.08668971806764603 0 0
323 1 0.0863858163356781 0 0
324 17 0.08607428520917892 0 0
325 17 0.0857551172375679 0 0
326 17 0.08542832732200623 0 0
327 17 0.0850939080119133 0 0
328 17 0.08475185185670853 0 0
329 17 0.0844021737575531 0 0
330 17 0.08404486626386642 0 0
331 17 0.0836799219250679 0 0
332 17 0.08330735564231873 0 0
333 17 0.0829271599650383 0 0
334 17 0.08265137672424316 0 0
335 17 0.08225083351135254 0 0
336 17 0.08184011280536652 0 0
337 17 0.08141922950744629 0 0
338 17 0.08098816871643066 0 0
339 17 0.08054693043231964 0 0
340 17 0.08009552955627441 0 0
341 17 0.07963395118713379 0 0
342 0 0.07916219532489777 0 0
343 0 0.07870189100503922 0 0
344 0 0.07825303077697754 0 0
345 0 0.07781560719013214 0 0
346 0 0.07738963514566422 0 0
347 0 0.07697510719299316 0 0
348 0 0.07657201588153839 0 0
349 0 0.07618037611246109 0 0
350 0 0.07580018043518066 0 0
351 0 0.07543142139911652 0 0
352 0 0.07495952397584915 0 0
353 0 0.07461366057395935 0 0
354 0 0.07427924126386642 0 0
355 0 0.07395625859498978 0 0
356 0 0.0736447274684906 0 0
357 0 0.0733446404337883 0 0
358 2 0.07305599004030228 0 0
359 2 0.07278260588645935 0 0
360 2 0.07252448052167892 0 0
361 2 0.0722816064953804 0 0
362 2 0.07205399870872498 0 0
363 2 0.07184164971113205 0 0
364 2 0.07164455205202103 0 0
365 2 0.0714627206325531 0 0
366 18 0.07129614800214767 0 0
367 18 0.07114482671022415 0 0
368 18 0.0713152214884758 0 0
369 18 0.0714932382106781 0 0
370 18 0.07167888432741165 0 0
371 18 0.07187216728925705 0 0
372 18 0.0720730721950531 0 0
373 18 0.0722816064953804 0 0
374 18 0.07249777764081955 0 0
375 18 0.07272157073020935 0 0
376 18 0.0729529932141304 0 0
377 18 0.0731920525431633 0 0
378 18 0.07343873381614685 0 0
379 18 0.07369304448366165 0 0
380 18 0.0739549919962883 0 0
381 18 0.0742245614528656 0 0
382 18 0.07450176030397415 0 0
383 18 0.07478659600019455 0 0
384 18 0.0750790536403656 0 0
385 18 0.0753791406750679 0 0
386 18 0.07568686455488205 0 0
387 18 0.07600221037864685 0 0
388 18 0.0763251855969429 0 0
389 18 0.0766557976603508 0 0
390 18 0.07699403166770935 0 0
391 18 0.07733989506959915 0 0
392 18 0.0776933953166008 0 0
393 18 0.0780545175075531 0 0
394 18 0.07842326909303665 0 0
395 18 0.07879965752363205 0 0
396 18 0.07930079847574234 0 0
397 18 0.07969752699136734 0 0
398 18 0.08010442554950714 0 0
399 18 0.08052150160074234 0 0
400 18 0.08094874769449234 0 0
401 18 0.08138616383075714 0 0
402 18 0.08183375746011734 0 0
403 18 0.08229152113199234 0 0
404 18 0.08275945484638214 0 0
405 18 0.08323756605386734 0 0
406 18 0.08372584730386734 0 0
407 18 0.08422429859638214 0 0
408 18 0.08473292738199234 0 0
409 18 0.08525172621011734 0 0
410 18 0.08578069508075714 0 0
411 18 0.0863015279173851 0 0
412 18 0.08682236075401306 0 0
413 18 0.08734319359064102 0 0
414 18 0.08786403387784958 0 0
415 18 0.08838486671447754 0 0
416 2 0.0889056995511055 0 0
417 2 0.08942653238773346 0 0
418 2 0.08994736522436142 0 0
419 2 0.09046819806098938 0 0
420 2 0.09098903089761734 0 0
421 2 0.0915098637342453 0 0
422 2 0.09203069657087326 0 0
423 2 0.09255152940750122 0 0
424 18 0.09307236224412918 0 0
425 18 0.09359319508075714 0 0
426 18 0.0941140279173851 0 0
427 18 0.09463486075401306 0 0
428 18 0.09515569359064102 0 0
429 18 0.09567653387784958 0 0
430 18 0.09619736671447754 0 0
431 18 0.0967181995511055 0 0
432 18 0.09723903238773346 0 0
433 18 0.09775986522436142 0 0
434 18 0.09828069806098938 0 0
435 18 0.09880153089761734 0 0
436 18 0.0993223637342453 0 0
437 18 0.09984319657087326 0 0
438 18 0.10036402940750122 0 0
439 18 0.10088486224412918 0 0
440 18 0.10140569508075714 0 0
441 18 0.1019265279173851 0 0
442 18 0.10244736075401306 0 0
443 18 0.10296819359064102 0 0
444 18 0.10348903387784958 0 0
445 18 0.10400986671447754 0 0
446 18 0.1045306995511055 0 0
447 18 0.10505152493715286 0 0
448 18 0.10557235777378082 0 0
449 18 0.10609319061040878 0 0
450 18 0.10661402344703674 0 0
451 18 0.1071348562836647 0 0
452 18 0.10765568912029266 0 0
453 18 0.10817652195692062 0 0
454 18 0.10869735479354858 0 0
455 18 0.10921818763017654 0 0
456 18 0.1097390204668045 0 0
457 18 0.11025986075401306 0 0
458 18 0.11078069359064102 0 0
459 18 0.11130152642726898 0 0
460 18 0.11182235926389694 0 0
461 18 0.1123431921005249 0 0
462 18 0.1128605306148529 0 0
463 18 0.11337051540613174 0 0
464 18 0.11387334018945694 0 0
465 18 0.11436919867992401 0 0
466 18 0.11485826969146729 0 1
466 18 0.11485826969146729 0 1
