data/levels/world2/Going_Underground.stl
1 0 0.02343629114329815 0 0
2 0 0.02343629114329815 0 0
3 0 0.02343629114329815 0 0
4 0 0.02343629114329815 0 0
5 0 0.02343629114329815 0 0
6 0 0.02343629114329815 0 0
7 0 0.02343629114329815 0 0
8 0 0.02343629114329815 0 0
9 0 0.02343629114329815 0 0
10 0 0.02343629114329815 0 0
11 0 0.02343629114329815 0 0
12 0 0.02343629114329815 0 0
13 0 0.02343629114329815 0 0
14 0 0.02343629114329815 0 0
15 0 0.02343629114329815 0 0
16 0 0.02343629114329815 0 0
17 0 0.02343629114329815 0 0
18 0 0.02343629114329815 0 0
19 0 0.02343629114329815 0 0
20 0 0.02343629114329815 0 0
21 0 0.02343629114329815 0 0
22 0 0.02343629114329815 0 0
23 0 0.02343629114329815 0 0
24 0 0.02343629114329815 0 0
25 0 0.02343629114329815 0 0
26 0 0.02343629114329815 0 0
27 0 0.02343629114329815 0 0
28 0 0.02343629114329815 0 0
29 0 0.02343629114329815 0 0
30 0 0.02343629114329815 0 0
31 0 0.02343629114329815 0 0
32 0 0.02343629114329815 0 0
33 0 0.02343629114329815 0 0
34 0 0.02343629114329815 0 0
35 0 0.02343629114329815 0 0
36 0 0.02343629114329815 0 0
37 0 0.02343629114329815 0 0
38 0 0.02343629114329815 0 0
39 0 0.02343629114329815 0 0
40 2 0.02343629114329815 0 0
41 2 0.0237770713865757 0 0
42 2 0.02413311041891575 0 0
43 2 0.02450440637767315 0 0
44 2 0.0248909629881382 0 0
45 2 0.02529277838766575 0 0
46 2 0.02570985071361065 0 0
47 2 0.0261421836912632 0 0
48 2 0.02658977545797825 0 0
49 2 0.02705262415111065 0 0
50 2 0.0275307334959507 0 0
51 2 0.02802410162985325 0 0
52 2 0.02853272669017315 0 0
53 2 0.0290566124022007 0 0
54 2 0.02959575690329075 0 0
55 2 0.03015015833079815 0 0
56 2 0.0307198204100132 0 0
57 2 0.0313047394156456 0 0
58 2 0.0319049209356308 0 0
59 2 0.0325203575193882 0 0
60 2 0.0331510528922081 0 0
61 2 0.0337970107793808 0 0
62 2 0.0344582237303257 0 0
63 2 0.0351346954703331 0 0
64 2 0.0358264297246933 0 0
65 2 0.0365334190428257 0 0
66 2 0.0372556671500206 0 0
67 2 0.0379931777715683 0 0
68 2 0.0387459434568882 0 0
69 2 0.03974822536110878 0 0
70 2 0.04054168239235878 0 0
71 2 0.04135548323392868 0 0
72 2 0.04218963161110878 0 0
73 2 0.04304412379860878 0 0
74 2 0.04391895979642868 0 0
75 2 0.04481414332985878 0 0
76 2 0.04572967067360878 0 0
77 2 0.04666554182767868 0 0
78 2 0.04762176051735878 0 0
79 2 0.04859832301735878 0 0
80 2 0.04959522932767868 0 0
81 2 0.05061248317360878 0 0
82 2 0.05165008082985878 0 0
83 2 0.05270802229642868 0 0
84 2 0.0537496879696846 0 0
85 2 0.05479135364294052 0 0
86 2 0.05583302304148674 0 0
87 2 0.05687468871474266 0 0
88 2 0.05791635438799858 0 0
89 2 0.0589580200612545 0 0
90 2 0.05999968945980072 0 0
91 2 0.06104135513305664 0 0
92 2 0.06208302080631256 0 0
93 2 0.06312468647956848 0 0
94 2 0.0641663521528244 0 0
95 2 0.06520802527666092 0 0
96 2 0.06624969094991684 0 0
97 2 0.06729135662317276 0 0
98 2 0.06833302229642868 0 0
99 2 0.0693746879696846 0 0
100 2 0.07041635364294052 0 0
101 2 0.07145801931619644 0 0
102 2 0.07249968498945236 0 0
103 2 0.07354135811328888 0 0
104 2 0.0745830237865448 0 0
105 2 0.07562468945980072 0 0
106 2 0.07666635513305664 0 0
107 2 0.07770802080631256 0 0
108 0 0.07874968647956848 0 0
109 0 0.07976846396923065 0 0
110 0 0.08076436072587967 0 0
111 0 0.08173736184835434 0 0
112 0 0.08268747478723526 0 0
113 0 0.08361469954252243 0 0
114 0 0.08451903611421585 0 0
115 0 0.08540048450231552 0 0
116 0 0.08625904470682144 0 0
117 0 0.08709471672773361 0 0
118 0 0.08790750801563263 0 0
119 0 0.0886974036693573 0 0
120 0 0.08946441113948822 0 0
121 0 0.09020853042602539 0 0
122 0 0.09070059657096863 0 0
123 0 0.0913989394903183 0 0
124 0 0.09207439422607422 0 0
125 0 0.09272696077823639 0 0
126 0 0.09335663914680481 0 0
127 0 0.09396342933177948 0 0
128 0 0.094547338783741 0 0
129 0 0.09510835260152817 0 0
130 0 0.09564647823572159 0 0
131 0 0.09616171568632126 0 0
132 0 0.09665406495332718 0 0
133 0 0.09712352603673935 0 0
134 0 0.09757009893655777 0 0
135 0 0.09799378365278244 0 0
136 0 0.09839458763599396 0 0
137 0 0.09877249598503113 0 0
138 0 0.09912751615047455 0 0
139 0 0.09945964813232422 0 0
140 0 0.09976889193058014 0 0
141 0 0.09976889193058014 0 0
142 0 0.09976889193058014 0 0
143 0 0.09976889193058014 0 0
144 0 0.09976889193058014 0 0
145 0 0.09976889193058014 0 0
146 0 0.09976889193058014 0 0
147 0 0.09976889193058014 0 0
148 0 0.09976889193058014 0 0
149 0 0.09976889193058014 0 0
150 0 0.09976889193058014 0 0
151 0 0.09976889193058014 0 0
152 0 0.09976889193058014 0 0
153 0 0.09976889193058014 0 0
154 0 0.09976889193058014 0 0
155 0 0.09976889193058014 0 0
156 0 0.09976889193058014 0 0
157 0 0.09976889193058014 0 0
158 0 0.09976889193058014 0 0
159 0 0.09976889193058014 0 0
160 0 0.09976889193058014 0 0
161 0 0.09976889193058014 0 0
162 0 0.09976889193058014 0 0
163 0 0.09976889193058014 0 0
164 0 0.09976889193058014 0 0
165 0 0.09976889193058014 0 0
166 0 0.09976889193058014 0 0
167 0 0.09976889193058014 0 0
168 0 0.09976889193058014 0 0
169 0 0.09976889193058014 0 0
170 0 0.09976889193058014 0 0
171 0 0.09976889193058014 0 0
172 0 0.09976889193058014 0 0
173 0 0.09976889193058014 0 0
174 0 0.09976889193058014 0 0
175 0 0.09976889193058014 0 0
176 0 0.09976889193058014 0 0
177 0 0.09976889193058014 0 0
178 0 0.09976889193058014 0 0
179 0 0.09976889193058014 0 0
180 0 0.09976889193058014 0 0
181 0 0.09976889193058014 0 0
182 0 0.09976889193058014 0 0
183 0 0.09976889193058014 0 0
184 0 0.09976889193058014 0 0
185 0 0.09976889193058014 0 0
186 0 0.09976889193058014 0 0
187 0 0.09976889193058014 0 0
188 2 0.09976889193058014 0 0
189 2 0.10010967403650284 0 0
190 2 0.10046570748090744 0 0
191 2 0.10083700716495514 0 0
192 2 0.10122356563806534 0 0
193 2 0.10162537544965744 0 0
194 2 0.10204245150089264 0 0
195 2 0.10247478634119034 0 0
196 2 0.10292237251996994 0 0
197 2 0.10338522493839264 0 0
198 2 0.10386333614587784 0 0
199 2 0.10435669869184494 0 0
200 2 0.10486532747745514 0 0
201 2 0.10538921505212784 0 0
202 2 0.10592835396528244 0 0
203 2 0.10648275911808014 0 0
204 2 0.10705242305994034 0 0
205 2 0.10763733834028244 0 0
206 2 0.10823751986026764 0 0
207 2 0.10885296016931534 0 0
208 2 0.10948365181684494 0 0
209 2 0.11012962460517883 0 0
210 2 0.11079084128141403 0 0
211 2 0.11146730929613113 0 0
212 2 0.11215904355049133 0 0
213 2 0.11286603659391403 0 0
214 2 0.11358828097581863 0 0
215 2 0.11432579159736633 0 0
216 2 0.11507856100797653 0 0
217 2 0.11608082801103592 0 0
218 2 0.11687428504228592 0 0
219 2 0.11768808960914612 0 0
220 18 0.11852223426103592 0 0
221 18 0.11937672644853592 0 0
222 18 0.12025156617164612 0 0
223 18 0.12114674597978592 0 0
224 18 0.12206227332353592 0 0
225 18 0.12299814820289612 0 0
226 18 0.12395436316728592 0 0
227 18 0.12493092566728592 0 0
228 18 0.12592783570289612 0 0
229 18 0.12694509327411652 0 0
230 18 0.12798269093036652 0 0
231 18 0.12904062867164612 0 0
232 2 0.13008229434490204 0 0
233 2 0.13112396001815796 0 0
234 2 0.13216562569141388 0 0
235 2 0.1332072913646698 0 0
236 2 0.13424895703792572 0 0
237 2 0.13529062271118164 0 0
238 2 0.13633228838443756 0 0
239 2 0.13737396895885468 0 0
240 2 0.1384156346321106 0 0
241 2 0.13945730030536652 0 0
242 2 0.14049896597862244 0 0
243 2 0.14154063165187836 0 0
244 2 0.14258229732513428 0 0
245 2 0.1436239629983902 0 0
246 2 0.14466562867164612 0 0
247 0 0.14570729434490204 0 0
248 0 0.1467260718345642 0 0
249 0 0.14772196114063263 0 0
250 0 0.1486949622631073 0 0
251 0 0.14964507520198822 0 0
252 0 0.1505722999572754 0 0
253 0 0.1514766365289688 0 0
254 0 0.15235809981822968 0 0
255 0 0.1532166600227356 0 0
256 0 0.15405233204364777 0 0
257 0 0.1548651158809662 0 0
258 0 0.15565501153469086 0 0
259 0 0.15642201900482178 0 0
260 0 0.15716613829135895 0 0
261 0 0.15765820443630219 0 0
262 0 0.15835654735565186 0 0
263 0 0.15903200209140778 0 0
264 0 0.15968456864356995 0 0
265 0 0.16031426191329956 0 0
266 2 0.16092105209827423 0 0
267 2 0.1615431010723114 0 0
268 2 0.16218040883541107 0 0
269 2 0.16283297538757324 0 0
270 2 0.1635008007287979 0 0
271 2 0.16418388485908508 0 0
272 18 0.16488222777843475 0 0
273 18 0.16559582948684692 0 0
274 18 0.1663246899843216 0 0
275 18 0.16706880927085876 0 0
276 18 0.16782818734645844 0 0
277 18 0.1688370704650879 0 0
278 18 0.16963714361190796 0 0
279 18 0.17045755684375763 0 0
280 18 0.1712983250617981 0 0
281 18 0.17215941846370697 0 0
282 18 0.17304086685180664 0 0
283 18 0.1739426702260971 0 0
284 18 0.17486481368541718 0 0
285 18 0.17580729722976685 0 0
286 18 0.17677012085914612 0 0
287 2 0.1777532994747162 0 0
288 0 0.17875681817531586 0 0
289 0 0.17973744869232178 0 0
290 0 0.18069519102573395 0 0
291 0 0.18163004517555237 0 0
292 0 0.18254201114177704 0 0
293 0 0.18343108892440796 0 0
294 0 0.18429727852344513 0 0
295 0 0.18514057993888855 0 0
296 0 0.18596099317073822 0 0
297 0 0.18675851821899414 0 0
298 0 0.1875331550836563 0 0
299 0 0.18828491866588593 0 0
300 0 0.1890137791633606 0 0
301 0 0.18949058651924133 0 0
302 0 0.1901736706495285 0 0
303 0 0.19083386659622192 0 0
304 0 0.1914711743593216 0 0
305 0 0.19208559393882751 0 0
306 0 0.19267712533473969 0 0
307 0 0.1932457685470581 0 0
308 0 0.19379152357578278 0 0
309 0 0.1943143904209137 0 0
310 0 0.19481438398361206 0 0
311 0 0.19529147446155548 0 0
312 0 0.19574567675590515 0 0
313 0 0.19617699086666107 0 0
314 0 0.19658541679382324 0 0
315 0 0.19697095453739166 0 0
316 0 0.19733360409736633 0 0
317 0 0.19767336547374725 0 0
318 2 0.19799023866653442 0 0
319 2 0.19833101332187653 0 0
320 0 0.19868706166744232 0 0
321 0 0.19902020692825317 0 0
322 0 0.19933046400547028 0 0
323 0 0.19961784780025482 0 0
324 0 0.19988232851028442 0 0
325 0 0.20012392103672028 0 0
326 0 0.20034264028072357 0 0
327 0 0.20053845643997192 0 0
328 0 0.20071138441562653 0 0
329 0 0.20086143910884857 0 0
330 0 0.20098859071731567 0 0
331 0 0.20109285414218903 0 0
332 0 0.20117424428462982 0 0
333 0 0.20123273134231567 0 0
334 0 0.20126833021640778 0 0
335 0 0.20128105580806732 0 0
336 0 0.20127087831497192 0 0
337 0 0.20128358900547028 0 0
338 0 0.20127342641353607 0 0
339 0 0.20128613710403442 0 0
340 2 0.20127595961093903 0 0
341 2 0.20161674916744232 0 0
342 2 0.20197278261184692 0 0
343 2 0.20234407484531403 0 0
344 2 0.20273064076900482 0 0
345 2 0.20313245058059692 0 0
346 2 0.20354951918125153 0 0
347 2 0.20398186147212982 0 0
348 2 0.20335374772548676 0 0
349 2 0.20381660759449005 0 0
350 2 0.20429471135139465 0 0
351 2 0.20478807389736176 0 0
352 2 0.20529671013355255 0 0
353 2 0.20582059025764465 0 0
354 2 0.20635972917079926 0 0
355 2 0.20691414177417755 0 0
356 2 0.20748379826545715 0 0
357 2 0.20806871354579926 0 0
358 2 0.20866890251636505 0 0
359 2 0.20928433537483215 0 0
360 2 0.20991502702236176 0 0
361 2 0.21056099236011505 0 0
362 2 0.21122220158576965 0 0
363 2 0.21189866960048676 0 0
364 2 0.21259041130542755 0 0
365 2 0.21329739689826965 0 0
366 2 0.21401964128017426 0 0
367 2 0.21475715935230255 0 0
368 2 0.21550992131233215 0 0
369 2 0.21651220321655273 0 0
370 2 0.21730566024780273 0 0
371 2 0.21811945736408234 0 0
372 2 0.21895360946655273 0 0
373 2 0.21980810165405273 0 0
374 2 0.22068293392658234 0 0
375 2 0.22157812118530273 0 0
376 2 0.22249364852905273 0 0
377 2 0.22342951595783234 0 0
378 2 0.22438573837280273 0 0
379 2 0.22536230087280273 0 0
380 2 0.22635920345783234 0 0
381 2 0.22737646102905273 0 0
382 2 0.22841405868530273 0 0
383 2 0.22947199642658234 0 0
384 2 0.23051366209983826 0 0
385 2 0.23155532777309418 0 0
386 2 0.2325969934463501 0 0
387 2 0.23363865911960602 0 0
388 2 0.23468032479286194 0 0
389 2 0.23572199046611786 0 0
390 2 0.23676365613937378 0 0
391 2 0.2378053218126297 0 0
392 2 0.23884700238704681 0 0
393 2 0.23988866806030273 0 0
394 2 0.24093033373355865 0 0
395 2 0.24197199940681458 0 0
396 2 0.2430136650800705 0 0
397 2 0.24405533075332642 0 0
398 2 0.24509699642658234 0 0
399 2 0.24613866209983826 0 0
400 2 0.24718032777309418 0 0
401 2 0.2482219934463501 0 0
402 2 0.24926365911960602 0 0
403 2 0.25030532479286194 0 0
404 2 0.25134700536727905 0 0
405 2 0.2523886561393738 0 0
406 2 0.2534303367137909 0 0
407 2 0.2544719874858856 0 0
408 2 0.25551366806030273 0 0
409 2 0.25655531883239746 0 0
410 2 0.2575969994068146 0 0
411 2 0.2586386501789093 0 0
412 2 0.2596803307533264 0 0
413 2 0.26072198152542114 0 0
414 2 0.26176366209983826 0 0
415 2 0.26280534267425537 0 0
416 2 0.2638469934463501 0 0
417 2 0.2648886740207672 0 0
418 2 0.26593032479286194 0 0
419 2 0.26697200536727905 0 0
420 18 0.2680136561393738 0 0
421 18 0.2690553367137909 0 0
422 18 0.2700969874858856 0 0
423 18 0.27113866806030273 0 0
424 18 0.27218031883239746 0 0
425 18 0.2732219994068146 0 0
426 18 0.2742636501789093 0 0
427 18 0.2753053307533264 0 0
428 18 0.27634698152542114 0 0
429 18 0.27738866209983826 0 0
430 2 0.27843034267425537 0 0
431 2 0.2794719934463501 0 0
432 2 0.2805136740207672 0 0
433 2 0.28155532479286194 0 0
434 2 0.28259700536727905 0 0
435 2 0.2836386561393738 0 0
436 2 0.2846803367137909 0 0
437 2 0.2857219874858856 0 0
438 2 0.28676366806030273 0 0
439 2 0.28780531883239746 0 0
440 2 0.2888469994068146 0 0
441 2 0.2898886501789093 0 0
442 2 0.2909303307533264 0 0
443 2 0.29197198152542114 0 0
444 2 0.29301366209983826 0 0
445 2 0.29405534267425537 0 0
446 2 0.2950969934463501 0 0
447 2 0.2961386740207672 0 0
448 2 0.29718032479286194 0 0
449 2 0.29822200536727905 0 0
450 2 0.2992636561393738 0 0
451 2 0.3003053367137909 0 0
452 2 0.3013469874858856 0 0
453 2 0.30238866806030273 0 0
454 2 0.30343031883239746 0 0
455 2 0.3044719994068146 0 0
456 2 0.3055136501789093 0 0
457 2 0.3065553307533264 0 0
458 2 0.30759698152542114 0 0
459 2 0.30863866209983826 0 0
460 2 0.30968034267425537 0 0
461 2 0.3107219934463501 0 0
462 2 0.3117636740207672 0 0
463 2 0.31280532479286194 0 0
464 2 0.31384700536727905 0 0
465 2 0.3148886561393738 0 0
466 2 0.3159303367137909 0 0
467 2 0.3169719874858856 0 0
468 2 0.31801366806030273 0 0
469 2 0.31905531883239746 0 0
470 2 0.3200969994068146 0 0
471 2 0.3211386501789093 0 0
472 2 0.3221803307533264 0 0
473 2 0.32322198152542114 0 0
474 2 0.32426366209983826 0 0
475 2 0.32530534267425537 0 0
476 2 0.3263469934463501 0 0
477 2 0.3273886740207672 0 0
478 2 0.32843032479286194 0 0
479 2 0.32947200536727905 0 0
480 2 0.3305136561393738 0 0
481 2 0.3315553367137909 0 0
482 2 0.3325969874858856 0 0
483 2 0.33363866806030273 0 0
484 2 0.33468031883239746 0 0
485 2 0.3357219994068146 0 0
486 2 0.3367636501789093 0 0
487 2 0.3378053307533264 0 0
488 2 0.33884698152542114 0 0
489 2 0.33988866209983826 0 0
490 2 0.34093034267425537 0 0
491 2 0.3419719934463501 0 0
492 2 0.3430136740207672 0 0
493 2 0.34405532479286194 0 0
494 2 0.34509700536727905 0 0
495 2 0.3461386561393738 0 0
496 2 0.3471803367137909 0 0
497 2 0.3482219874858856 0 0
498 2 0.34926366806030273 0 0
499 2 0.35030531883239746 0 0
500 2 0.3513469994068146 0 0
501 2 0.3523886501789093 0 0
502 2 0.3534303307533264 0 0
503 2 0.35447198152542114 0 0
504 2 0.35551366209983826 0 0
505 2 0.35655534267425537 0 0
506 2 0.3575969934463501 0 0
507 2 0.3586386740207672 0 0
508 2 0.35968032479286194 0 0
509 2 0.36072200536727905 0 0
510 2 0.3617636561393738 0 0
511 2 0.3628053367137909 0 0
512 2 0.3638469874858856 0 0
513 2 0.36488866806030273 0 0
514 2 0.36593031883239746 0 0
515 2 0.3669719994068146 0 0
516 2 0.3680136501789093 0 0
517 2 0.3690553307533264 0 0
518 2 0.37009698152542114 0 0
519 2 0.37113866209983826 0 0
520 2 0.37218034267425537 0 0
521 2 0.3732219934463501 0 0
522 2 0.3742636740207672 0 0
523 2 0.37530532479286194 0 0
524 2 0.37634700536727905 0 0
525 2 0.3773886561393738 0 0
526 2 0.3784303367137909 0 0
527 2 0.3794719874858856 0 0
528 2 0.38051366806030273 0 0
529 2 0.38155531883239746 0 0
530 2 0.3825969994068146 0 0
531 2 0.3836386501789093 0 0
532 2 0.3846803307533264 0 0
533 2 0.38572198152542114 0 0
534 2 0.38676366209983826 0 0
535 2 0.38780534267425537 0 0
536 2 0.3888469934463501 0 0
537 2 0.3898886740207672 0 0
538 2 0.39093032479286194 0 0
539 2 0.39197200536727905 0 0
540 2 0.3930136561393738 0 0
541 2 0.3940553367137909 0 0
542 2 0.3950969874858856 0 0
543 2 0.39613866806030273 0 0
544 2 0.39718031883239746 0 0
545 2 0.3982219994068146 0 0
546 2 0.3992636501789093 0 0
547 2 0.4003053307533264 0 0
548 2 0.40134698152542114 0 0
549 2 0.40238866209983826 0 0
550 2 0.40343034267425537 0 0
551 2 0.4044719934463501 0 0
552 2 0.4055136740207672 0 0
553 2 0.40655532479286194 0 0
554 2 0.40759700536727905 0 0
555 2 0.4086386561393738 0 0
556 2 0.4096803367137909 0 0
557 2 0.4107219874858856 0 0
558 2 0.41176366806030273 0 0
559 2 0.41280531883239746 0 0
560 2 0.4138469994068146 0 0
561 2 0.4148886501789093 0 0
562 2 0.4159303307533264 0 0
563 2 0.41697198152542114 0 0
564 2 0.41801366209983826 0 0
565 2 0.41905534267425537 0 0
566 2 0.4200969934463501 0 0
567 2 0.4211386740207672 0 0
568 2 0.42218032479286194 0 0
569 2 0.42322200536727905 0 0
570 2 0.4242636561393738 0 0
571 2 0.4253053367137909 0 0
572 2 0.4263469874858856 0 0
573 2 0.42738866806030273 0 0
574 2 0.42843031883239746 0 0
575 2 0.4294719994068146 0 0
576 2 0.4305136501789093 0 0
577 2 0.4315553307533264 0 0
578 2 0.43259698152542114 0 0
579 2 0.43363866209983826 0 0
580 2 0.43468034267425537 0 0
581 2 0.4357219934463501 0 0
582 2 0.4367636740207672 0 0
583 2 0.43780532479286194 0 0
584 2 0.43884700536727905 0 0
585 2 0.4398886561393738 0 0
586 2 0.4409303367137909 0 0
587 2 0.4419719874858856 0 0
588 2 0.44301366806030273 0 0
589 2 0.44405531883239746 0 0
590 2 0.4450969994068146 0 0
591 2 0.4461386501789093 0 0
592 2 0.4471803307533264 0 0
593 2 0.44822198152542114 0 0
594 2 0.44926366209983826 0 0
595 2 0.45030534267425537 0 0
596 2 0.4513469934463501 0 0
597 18 0.4523886740207672 0 0
598 18 0.45343032479286194 0 0
599 18 0.45447200536727905 0 0
600 18 0.4555136561393738 0 0
601 18 0.4564579129219055 0 0
602 18 0.4564579129219055 0 0
603 18 0.4564579129219055 0 0
604 2 0.4564579129219055 0 0
605 2 0.4564579129219055 0 0
606 2 0.4564579129219055 0 0
607 2 0.4564579129219055 0 0
608 2 0.4564579129219055 0 0
609 2 0.45656952261924744 0 0
610 2 0.4566871225833893 0 0
611 2 0.4566871225833893 0 0
612 2 0.4570736587047577 0 0
613 2 0.457475483417511 0 0
614 2 0.4578925669193268 0 0
615 2 0.4583248794078827 0 0
616 2 0.4587724804878235 0 0
617 2 0.4592353403568268 0 0
618 2 0.4597134292125702 0 0
619 2 0.4602068066596985 0 0
620 2 0.4607154428958893 0 0
621 2 0.4612393081188202 0 0
622 2 0.461778461933136 0 0
623 2 0.4623328745365143 0 0
624 2 0.4629025161266327 0 0
625 2 0.463487446308136 0 0
626 2 0.4640876352787018 0 0
627 2 0.4647030532360077 0 0
628 2 0.4653337597846985 0 0
629 2 0.4659797251224518 0 0
630 2 0.4666409194469452 0 0
631 2 0.4673174023628235 0 0
632 2 0.4680091440677643 0 0
633 2 0.4687161147594452 0 0
634 2 0.469438374042511 0 0
635 2 0.4701758921146393 0 0
636 2 0.4709286391735077 0 0
637 2 0.4719308912754059 0 0
638 2 0.4727243483066559 0 0
639 2 0.4735381603240967 0 0
640 2 0.4743722975254059 0 0
641 2 0.4752267897129059 0 0
642 2 0.4761016368865967 0 0
643 2 0.4769968092441559 0 0
644 2 0.4779123365879059 0 0
645 2 0.4788482189178467 0 0
646 2 0.4798044264316559 0 0
647 2 0.4807809889316559 0 0
648 2 0.4817779064178467 0 0
649 2 0.4827951490879059 0 0
650 2 0.4838327467441559 0 0
651 2 0.4848906993865967 0 0
652 2 0.4859323501586914 0 0
653 2 0.4869740307331085 0 0
654 2 0.48801568150520325 0 0
655 2 0.48905736207962036 0 0
656 2 0.4900990426540375 0 0
657 2 0.4911406934261322 0 0
658 2 0.4921823740005493 0 0
659 2 0.49322402477264404 0 0
660 2 0.49426570534706116 0 0
661 2 0.4953073561191559 0 0
662 2 0.496349036693573 0 0
663 2 0.4973906874656677 0 0
664 2 0.49843236804008484 0 0
665 2 0.49947401881217957 0 0
666 2 0.5005156993865967 0 0
667 2 0.5015573501586914 0 0
668 2 0.5025990009307861 0 0
669 2 0.5036407113075256 0 0
670 2 0.5046823620796204 0 0
671 2 0.5057240128517151 0 0
672 2 0.5067657232284546 0 0
673 2 0.5078073740005493 0 0
674 2 0.508849024772644 0 0
675 2 0.5098906755447388 0 0
676 2 0.5109323859214783 0 0
677 2 0.511974036693573 0 0
678 2 0.5130156874656677 0 0
679 2 0.5140573382377625 0 0
680 2 0.515099048614502 0 0
681 2 0.5161406993865967 0 0
682 2 0.5164579153060913 0 0
683 2 0.5164579153060913 0 0
684 2 0.5165694952011108 0 0
685 2 0.5166870951652527 0 0
686 2 0.5166870951652527 0 0
687 2 0.5166870951652527 0 0
688 2 0.5166870951652527 0 0
689 2 0.5166870951652527 0 0
690 2 0.5166870951652527 0 0
691 2 0.5166870951652527 0 0
692 2 0.5166870951652527 0 0
693 2 0.5166870951652527 0 0
694 2 0.5166870951652527 0 0
695 2 0.5166870951652527 0 0
696 2 0.5166870951652527 0 0
697 2 0.5166870951652527 0 0
698 2 0.5166870951652527 0 0
699 2 0.5166870951652527 0 0
700 2 0.5166870951652527 0 0
701 2 0.5166870951652527 0 0
702 2 0.5166870951652527 0 0
703 2 0.5166870951652527 0 0
704 2 0.5166870951652527 0 0
705 2 0.5166870951652527 0 0
706 0 0.5166870951652527 0 0
707 0 0.5166870951652527 0 0
708 0 0.5166870951652527 0 0
709 0 0.5166870951652527 0 0
710 2 0.5166870951652527 0 0
711 2 0.5166870951652527 0 0
712 2 0.5166870951652527 0 0
713 2 0.5166870951652527 0 0
714 2 0.5166870951652527 0 0
715 2 0.5166870951652527 0 0
716 0 0.5166870951652527 0 0
717 0 0.5166870951652527 0 0
718 0 0.5166870951652527 0 0
719 0 0.5166870951652527 0 0
720 0 0.5166870951652527 0 0
721 0 0.5166870951652527 0 0
722 16 0.5166870951652527 0 0
723 16 0.5166870951652527 0 0
724 18 0.5166870951652527 0 0
725 18 0.5166870951652527 0 0
726 18 0.5166870951652527 0 0
727 18 0.5170584321022034 0 0
728 18 0.5174449682235718 0 0
729 18 0.5178467631340027 0 0
730 18 0.5182638764381409 0 0
731 18 0.5186961889266968 0 0
732 18 0.5191437602043152 0 0
733 2 0.5196066498756409 0 0
734 2 0.5200847387313843 0 0
735 2 0.5205780863761902 0 0
736 2 0.5210867524147034 0 0
737 2 0.5216106176376343 0 0
738 2 0.5221497416496277 0 0
739 2 0.5227041840553284 0 0
740 2 0.5232738256454468 0 0
741 2 0.5238587260246277 0 0
742 2 0.5244589447975159 0 0
743 2 0.5250743627548218 0 0
744 2 0.5257050395011902 0 0
745 2 0.5263510346412659 0 0
746 2 0.5270122289657593 0 0
747 2 0.5276886820793152 0 0
748 2 0.5283804535865784 0 0
749 2 0.5290874242782593 0 0
750 2 0.5298096537590027 0 0
751 2 0.5305472016334534 0 0
752 2 0.5312999486923218 0 0
753 2 0.53230220079422 0 0
754 2 0.53309565782547 0 0
755 2 0.5339094400405884 0 0
756 2 0.53474360704422 0 0
757 2 0.53559809923172 0 0
758 2 0.5364729166030884 0 0
759 2 0.53736811876297 0 0
760 2 0.53828364610672 0 0
761 2 0.5392194986343384 0 0
762 2 0.54017573595047 0 0
763 2 0.54115229845047 0 0
764 2 0.5421491861343384 0 0
765 2 0.54316645860672 0 0
766 2 0.54420405626297 0 0
767 2 0.5452619791030884 0 0
768 2 0.5463036894798279 0 0
769 2 0.5473453402519226 0 0
770 2 0.5483869910240173 0 0
771 2 0.5494286417961121 0 0
772 2 0.5504703521728516 0 0
773 2 0.5515120029449463 0 0
774 2 0.552553653717041 0 0
775 2 0.5535953044891357 0 0
776 2 0.5546370148658752 0 0
777 2 0.55567866563797 0 0
778 2 0.5567203164100647 0 0
779 2 0.5577619671821594 0 0
780 2 0.5588036775588989 0 0
781 2 0.5598453283309937 0 0
782 2 0.5608869791030884 0 0
783 2 0.5619286894798279 0 0
784 2 0.5629703402519226 0 0
785 2 0.5640119910240173 0 0
786 2 0.5650536417961121 0 0
787 2 0.5660953521728516 0 0
788 2 0.5671370029449463 0 0
789 2 0.568178653717041 0 0
790 2 0.5692203044891357 0 0
791 2 0.5702620148658752 0 0
792 2 0.57130366563797 0 0
793 2 0.5723453164100647 0 0
794 2 0.5733869671821594 0 0
795 2 0.5744286775588989 0 0
796 2 0.5754703283309937 0 0
797 2 0.5765119791030884 0 0
798 2 0.5775536894798279 0 0
799 2 0.5785953402519226 0 0
800 2 0.5796369910240173 0 0
801 2 0.5806786417961121 0 0
802 2 0.5817203521728516 0 0
803 2 0.5827620029449463 0 0
804 2 0.583803653717041 0 0
805 2 0.5848453044891357 0 0
806 2 0.5858870148658752 0 0
807 2 0.58692866563797 0 0
808 2 0.5879703164100647 0 0
809 2 0.5890119671821594 0 0
810 2 0.5900536775588989 0 0
811 2 0.5910953283309937 0 0
812 2 0.5921369791030884 0 0
813 2 0.5931786894798279 0 0
814 2 0.5942203402519226 0 0
815 2 0.5952619910240173 0 0
816 2 0.5963036417961121 0 0
817 2 0.5973453521728516 0 0
818 2 0.5983870029449463 0 0
819 2 0.599428653717041 0 0
820 2 0.6004703044891357 0 0
821 2 0.6015120148658752 0 0
822 2 0.60255366563797 0 0
823 2 0.6035953164100647 0 0
824 2 0.6046369671821594 0 0
825 2 0.6056786775588989 0 0
826 2 0.6067203283309937 0 0
827 2 0.6077619791030884 0 0
828 2 0.6088036894798279 0 0
829 2 0.6098453402519226 0 0
830 2 0.6108869910240173 0 0
831 2 0.6119286417961121 0 0
832 2 0.6129703521728516 0 0
833 2 0.6140120029449463 0 0
834 2 0.615053653717041 0 0
835 2 0.6160953044891357 0 0
836 2 0.6164579391479492 0 0
837 2 0.6165695190429688 0 0
838 2 0.6166871190071106 0 0
839 2 0.6166871190071106 0 0
840 2 0.6166871190071106 0 0
841 2 0.6166871190071106 0 0
842 2 0.6166871190071106 0 0
843 18 0.6166871190071106 0 0
844 18 0.6166871190071106 0 0
845 18 0.6166871190071106 0 0
846 18 0.6166871190071106 0 0
847 18 0.6166871190071106 0 0
848 18 0.6170889139175415 0 0
849 18 0.6175060272216797 0 0
850 18 0.6179383397102356 0 0
851 18 0.618385910987854 0 0
852 18 0.6188488006591797 0 0
853 18 0.6193268895149231 0 0
854 18 0.619820237159729 0 0
855 18 0.6203289031982422 0 0
856 18 0.6208527684211731 0 0
857 2 0.6213918924331665 0 0
858 2 0.6219463348388672 0 0
859 2 0.6225159764289856 0 0
860 2 0.6231008768081665 0 0
861 2 0.6237010955810547 0 0
862 2 0.6243165135383606 0 0
863 2 0.624947190284729 0 0
864 2 0.6255931854248047 0 0
865 2 0.6262543797492981 0 0
866 2 0.626930832862854 0 0
867 2 0.6276226043701172 0 0
868 2 0.6283295750617981 0 0
869 2 0.6290518045425415 0 0
870 2 0.6297893524169922 0 0
871 2 0.6305420994758606 0 0
872 2 0.6315443515777588 0 0
873 2 0.6323378086090088 0 0
874 2 0.6331515908241272 0 0
875 2 0.6339857578277588 0 0
876 2 0.6348402500152588 0 0
877 2 0.6357150673866272 0 0
878 2 0.6366102695465088 0 0
879 2 0.6375257968902588 0 0
880 2 0.6384616494178772 0 0
881 2 0.6394178867340088 0 0
882 2 0.6403944492340088 0 0
883 2 0.6413913369178772 0 0
884 2 0.6424086093902588 0 0
885 2 0.6434462070465088 0 0
886 2 0.6445041298866272 0 0
887 2 0.6455457806587219 0 0
888 2 0.6465874910354614 0 0
889 2 0.6476291418075562 0 0
890 2 0.6486707925796509 0 0
891 2 0.6497125029563904 0 0
892 2 0.6507541537284851 0 0
893 2 0.6517958045005798 0 0
894 2 0.6528374552726746 0 0
895 2 0.6538791656494141 0 0
896 0 0.6549208164215088 0 0
897 0 0.6559395790100098 0 0
898 0 0.6564579010009766 0 0
899 0 0.6562287211418152 0 0
900 0 0.6562287211418152 0 0
901 0 0.6562287211418152 0 0
902 1 0.6562287211418152 0 0
903 1 0.6558879613876343 0 0
904 1 0.6555319428443909 0 0
905 1 0.6551606059074402 0 0
906 1 0.6547740697860718 0 0
907 1 0.6543722748756409 0 0
908 1 0.6539551615715027 0 0
909 1 0.6535228490829468 0 0
910 1 0.6530752778053284 0 0
911 1 0.6526123881340027 0 0
912 0 0.6521342992782593 0 0
913 0 0.6516790986061096 0 0
914 0 0.6512467265129089 0 0
915 0 0.6508373022079468 0 0
916 0 0.6504507660865784 0 0
917 0 0.6500870585441589 0 0
918 0 0.649746298789978 0 0
919 0 0.6494284272193909 0 0
920 16 0.6494284272193909 0 0
921 16 0.6494284272193909 0 0
922 16 0.6494284272193909 0 0
923 16 0.6494284272193909 0 0
924 16 0.6494284272193909 0 0
925 16 0.6494284272193909 0 0
926 16 0.6494284272193909 0 0
927 16 0.6494284272193909 0 0
928 16 0.6494284272193909 0 0
929 16 0.6494284272193909 0 0
930 16 0.6494284272193909 0 0
931 16 0.6494284272193909 0 0
932 16 0.6494284272193909 0 0
933 16 0.6494284272193909 0 0
934 16 0.6494284272193909 0 0
935 16 0.6494284272193909 0 0
936 0 0.6494284272193909 0 0
937 0 0.6494284272193909 0 0
938 0 0.6494284272193909 0 0
939 0 0.6494284272193909 0 0
940 0 0.6494284272193909 0 0
941 0 0.6494284272193909 0 0
942 0 0.6494284272193909 0 0
943 0 0.6494284272193909 0 0
944 0 0.6494284272193909 0 0
945 0 0.6494284272193909 0 0
946 0 0.6494284272193909 0 0
947 0 0.6494284272193909 0 0
948 0 0.6494284272193909 0 0
949 0 0.6494284272193909 0 0
950 0 0.6494284272193909 0 0
951 0 0.6494284272193909 0 0
952 0 0.6494284272193909 0 0
953 0 0.6494284272193909 0 0
954 0 0.6494284272193909 0 0
955 0 0.6494284272193909 0 0
956 0 0.6494284272193909 0 0
957 0 0.6494284272193909 0 0
958 0 0.6494284272193909 0 0
959 0 0.6494284272193909 0 0
960 0 0.6494284272193909 0 0
961 0 0.6494284272193909 0 0
962 0 0.6494284272193909 0 0
963 0 0.6494284272193909 0 0
964 0 0.6494284272193909 0 0
965 0 0.6494284272193909 0 0
966 0 0.6494284272193909 0 0
967 0 0.6494284272193909 0 0
968 0 0.6494284272193909 0 0
969 0 0.6494284272193909 0 0
970 0 0.6494284272193909 0 0
971 0 0.6494284272193909 0 0
972 0 0.6494284272193909 0 0
973 0 0.6494284272193909 0 0
974 0 0.6494284272193909 0 0
975 0 0.6494284272193909 0 0
976 0 0.6494284272193909 0 0
977 0 0.6494284272193909 0 0
978 0 0.6494284272193909 0 0
979 0 0.6494284272193909 0 0
980 2 0.6494284272193909 0 0
981 2 0.6497691869735718 0 0
982 2 0.6501252055168152 0 0
983 2 0.6504965424537659 0 0
984 2 0.6508830785751343 0 0
985 2 0.6512848734855652 0 0
986 2 0.6517019867897034 0 0
987 2 0.6521342992782593 0 0
988 2 0.6525818705558777 0 0
989 2 0.6530447602272034 0 0
990 2 0.6535228490829468 0 0
991 2 0.6540161967277527 0 0
992 2 0.6545248627662659 0 0
993 2 0.6550487279891968 0 0
994 2 0.6555878520011902 0 0
995 2 0.6561422944068909 0 0
996 2 0.6566871404647827 0 0
997 2 0.6566871404647827 0 0
998 0 0.6566871404647827 0 0
999 0 0.6566871404647827 0 0
1000 0 0.6566871404647827 0 0
1001 0 0.6566871404647827 0 0
1002 0 0.6566871404647827 0 0
1003 0 0.6566871404647827 0 0
1004 0 0.6566871404647827 0 0
1005 0 0.6566871404647827 0 0
1006 0 0.6566871404647827 0 0
1007 0 0.6566871404647827 0 0
1008 0 0.6566871404647827 0 0
1009 0 0.6566871404647827 0 0
1010 0 0.6566871404647827 0 0
1011 0 0.6566871404647827 0 0
1012 0 0.6566871404647827 0 0
1013 0 0.6566871404647827 0 0
1014 0 0.6566871404647827 0 0
1015 0 0.6566871404647827 0 0
1016 0 0.6566871404647827 0 0
1017 0 0.6566871404647827 0 0
1018 0 0.6566871404647827 0 0
1019 0 0.6566871404647827 0 0
1020 0 0.6566871404647827 0 0
1021 0 0.6566871404647827 0 0
1022 1 0.6566871404647827 0 0
1023 1 0.656346321105957 0 0
1024 1 0.6559903025627136 0 0
1025 1 0.6556190252304077 0 0
1026 1 0.6552324295043945 0 0
1027 1 0.6548306345939636 0 0
1028 1 0.6544135808944702 0 0
1029 1 0.6539812088012695 0 0
1030 1 0.6535336375236511 0 0
1031 1 0.6530708074569702 0 0
1032 1 0.652592658996582 0 0
1033 1 0.6520993113517761 0 0
1034 1 0.6515907049179077 0 0
1035 1 0.651066780090332 0 0
1036 1 0.6505276560783386 0 0
1037 1 0.6499732732772827 0 0
1038 1 0.6494035720825195 0 0
1039 1 0.6488186717033386 0 0
1040 1 0.6482185125350952 0 0
1041 1 0.6476030349731445 0 0
1042 1 0.6469723582267761 0 0
1043 1 0.6463264226913452 0 0
1044 1 0.645665168762207 0 0
1045 1 0.6449887156486511 0 0
1046 1 0.6442970037460327 0 0
1047 1 0.643589973449707 0 0
1048 1 0.6428677439689636 0 0
1049 1 0.6421302556991577 0 0
1050 1 0.6413774490356445 0 0
1051 1 0.6408334970474243 0 0
1052 1 0.6400400400161743 0 0
1053 1 0.6392261981964111 0 0
1054 1 0.6383920907974243 0 0
1055 1 0.6375375986099243 0 0
1056 1 0.6366627216339111 0 0
1057 1 0.6357675790786743 0 0
1058 1 0.6348520517349243 0 0
1059 1 0.6339161396026611 0 0
1060 1 0.6329599618911743 0 0
1061 1 0.6319833993911743 0 0
1062 1 0.6309864521026611 0 0
1063 1 0.6299692392349243 0 0
1064 1 0.6289316415786743 0 0
1065 1 0.6278736591339111 0 0
1066 1 0.6268320083618164 0 0
1067 1 0.6257903575897217 0 0
1068 1 0.624748706817627 0 0
1069 1 0.6237069964408875 0 0
1070 1 0.6226653456687927 0 0
1071 1 0.621623694896698 0 0
1072 1 0.6205820441246033 0 0
1073 1 0.6195403337478638 0 0
1074 1 0.618498682975769 0 0
1075 1 0.6174570322036743 0 0
1076 1 0.6164153814315796 0 0
1077 1 0.6153736710548401 0 0
1078 1 0.6143320202827454 0 0
1079 1 0.6132903695106506 0 0
1080 1 0.6122486591339111 0 0
1081 1 0.6112070083618164 0 0
1082 1 0.6101653575897217 0 0
1083 1 0.609123706817627 0 0
1084 1 0.6080819964408875 0 0
1085 1 0.6070403456687927 0 0
1086 1 0.605998694896698 0 0
1087 1 0.6049570441246033 0 0
1088 1 0.6039153337478638 0 0
1089 1 0.602873682975769 0 0
1090 1 0.6018320322036743 0 0
1091 1 0.6007903814315796 0 0
1092 1 0.5997486710548401 0 0
1093 1 0.5987070202827454 0 0
1094 1 0.5976653695106506 0 0
1095 1 0.5966236591339111 0 0
1096 1 0.5955820083618164 0 0
1097 1 0.5945403575897217 0 0
1098 1 0.593498706817627 0 0
1099 1 0.5924569964408875 0 0
1100 1 0.5914153456687927 0 0
1101 1 0.590373694896698 0 0
1102 17 0.5893320441246033 0 0
1103 17 0.5882903337478638 0 0
1104 17 0.587248682975769 0 0
1105 17 0.5862070322036743 0 0
1106 17 0.5851653814315796 0 0
1107 17 0.5841236710548401 0 0
1108 17 0.5830820202827454 0 0
1109 17 0.5820403695106506 0 0
1110 17 0.5809986591339111 0 0
1111 17 0.5799570083618164 0 0
1112 17 0.5789153575897217 0 0
1113 17 0.577873706817627 0 0
1114 1 0.5768319964408875 0 0
1115 1 0.5757903456687927 0 0
1116 1 0.574748694896698 0 0
1117 1 0.5737070441246033 0 0
1118 0 0.5726653337478638 0 0
1119 0 0.5716465711593628 0 0
1120 1 0.5706506967544556 0 0
1121 1 0.5696344375610352 0 0
1122 1 0.5685978531837463 0 0
1123 1 0.5675409436225891 0 0
1124 0 0.5664992928504944 0 0
1125 0 0.5654804706573486 0 0
1126 2 0.5644845962524414 0 0
1127 2 0.5635192394256592 0 0
1128 2 0.562584400177002 0 0
1129 2 0.561680018901825 0 0
1130 2 0.5608062148094177 0 0
1131 2 0.5599629282951355 0 0
1132 2 0.5591501593589783 0 0
1133 2 0.5583678483963013 0 0
1134 0 0.557616114616394 0 0
1135 0 0.5568872690200806 0 0
1136 0 0.5559521317481995 0 0
1137 0 0.5552690625190735 0 0
1138 0 0.5546088814735413 0 0
1139 0 0.553971529006958 0 0
1140 0 0.5533571243286133 0 0
1141 0 0.5527656078338623 0 0
1142 0 0.5521969795227051 0 0
1143 0 0.5516511797904968 0 0
1144 0 0.5511283278465271 0 0
1145 0 0.5506283640861511 0 0
1146 0 0.5501512885093689 0 0
1147 0 0.5496970415115356 0 0
1148 0 0.5492657423019409 0 0
1149 0 0.5488573312759399 0 0
1150 0 0.5484718084335327 0 0
1151 0 0.5481091141700745 0 0
1152 0 0.5477693676948547 0 0
1153 0 0.5474525094032288 0 0
1154 17 0.5474525094032288 0 0
1155 17 0.5471116900444031 0 0
1156 17 0.5467556715011597 0 0
1157 17 0.5463843941688538 0 0
1158 17 0.5459977984428406 0 0
1159 17 0.5455960035324097 0 0
1160 17 0.5451789498329163 0 0
1161 17 0.5447465777397156 0 0
1162 17 0.5442990064620972 0 0
1163 17 0.5438361763954163 0 0
1164 17 0.5433580279350281 0 0
1165 17 0.5428646802902222 0 0
1166 17 0.5423560738563538 0 0
1167 17 0.5418321490287781 0 0
1168 17 0.5412930250167847 0 0
1169 17 0.5407386422157288 0 0
1170 17 0.5401689410209656 0 0
1171 17 0.5395840406417847 0 0
1172 17 0.5389838814735413 0 0
1173 17 0.5383684039115906 0 0
1174 17 0.5377377271652222 0 0
1175 17 0.5370917916297913 0 0
1176 17 0.5364305377006531 0 0
1177 17 0.5357540845870972 0 0
1178 17 0.5350623726844788 0 0
1179 17 0.5343553423881531 0 0
1180 17 0.5336331129074097 0 0
1181 17 0.5328956246376038 0 0
1182 17 0.5321428179740906 0 0
1183 17 0.5315988659858704 0 0
1184 17 0.5308054089546204 0 0
1185 17 0.529991626739502 0 0
1186 1 0.5291574597358704 0 0
1187 1 0.5283029675483704 0 0
1188 1 0.527428150177002 0 0
1189 1 0.5265329480171204 0 0
1190 1 0.5256174206733704 0 0
1191 1 0.524681568145752 0 0
1192 1 0.5237253308296204 0 0
1193 1 0.5227487683296204 0 0
1194 1 0.521751880645752 0 0
1195 1 0.5207346081733704 0 0
1196 1 0.5196970105171204 0 0
1197 1 0.518639087677002 0 0
1198 1 0.5175973773002625 0 0
1199 1 0.5165557265281677 0 0
1200 1 0.515514075756073 0 0
1201 1 0.5144724249839783 0 0
1202 1 0.5134307146072388 0 0
1203 1 0.512389063835144 0 0
1204 1 0.5113474130630493 0 0
1205 1 0.5103057622909546 0 0
1206 1 0.5092640519142151 0 0
1207 1 0.5082224011421204 0 0
1208 1 0.5071807503700256 0 0
1209 1 0.5061390399932861 0 0
1210 1 0.5050973892211914 0 0
1211 1 0.5040557384490967 0 0
1212 1 0.503014087677002 0 0
1213 1 0.5019723773002625 0 0
1214 1 0.5009307265281677 0 0
1215 1 0.499889075756073 0 0
1216 1 0.4988473951816559 0 0
1217 1 0.49780574440956116 0 0
1218 0 0.49676406383514404 0 0
1219 0 0.49574530124664307 0 0
1220 0 0.49474939703941345 0 0
1221 0 0.4937764108181 0 0
1222 0 0.49282628297805786 0 0
1223 0 0.4918990433216095 0 0
1224 0 0.49099472165107727 0 0
1225 2 0.4901132583618164 0 0
1226 2 0.48926234245300293 0 0
1227 2 0.48844191431999207 0 0
1228 2 0.4876520335674286 0 0
1229 2 0.4868926405906677 0 0
1230 2 0.48616379499435425 0 0
1231 2 0.4852363169193268 0 0
1232 2 0.4845684766769409 0 0
1233 2 0.48393118381500244 0 0
1234 2 0.4833243787288666 0 0
1235 2 0.4827481210231781 0 0
1236 0 0.48220235109329224 0 0
1237 0 0.4816794693470001 0 0
1238 0 0.48117950558662415 0 0
1239 0 0.48070240020751953 0 0
1240 0 0.48024821281433105 0 0
1241 0 0.47981688380241394 0 0
1242 0 0.47940847277641296 0 0
1243 0 0.47902292013168335 0 0
1244 0 0.4786602854728699 0 0
1245 0 0.47832050919532776 0 0
1246 0 0.4780036509037018 0 0
1247 0 0.4780036509037018 0 0
1248 0 0.4780036509037018 0 0
1249 0 0.4780036509037018 0 0
1250 0 0.4780036509037018 0 0
1251 0 0.4780036509037018 0 0
1252 0 0.4780036509037018 0 0
1253 1 0.4780036509037018 0 0
1254 1 0.4776628613471985 0 0
1255 1 0.4773068130016327 0 0
1256 1 0.4769355356693268 0 0
1257 1 0.476548969745636 0 0
1258 1 0.4761471450328827 0 0
1259 17 0.4757300913333893 0 0
1260 17 0.475297749042511 0 0
1261 17 0.4748501479625702 0 0
1262 17 0.4743873178958893 0 0
1263 17 0.4739091992378235 0 0
1264 17 0.4734158217906952 0 0
1265 17 0.4729072153568268 0 0
1266 17 0.4723833203315735 0 0
1267 17 0.4718441665172577 0 0
1268 17 0.4712897837162018 0 0
1269 17 0.470720112323761 0 0
1270 1 0.4701351821422577 0 0
1271 1 0.4695350229740143 0 0
1272 1 0.468919575214386 0 0
1273 1 0.4682888686656952 0 0
1274 1 0.4676429331302643 0 0
1275 1 0.4669817090034485 0 0
1276 1 0.4663052260875702 0 0
1277 1 0.4656135141849518 0 0
1278 1 0.4649065136909485 0 0
1279 1 0.4641842544078827 0 0
1280 1 0.4634467661380768 0 0
1281 1 0.462693989276886 0 0
1282 1 0.4621500074863434 0 0
1283 1 0.4613565504550934 0 0
1284 1 0.460542768239975 0 0
1285 1 0.4597086012363434 0 0
1286 1 0.4588541090488434 0 0
1287 1 0.457979291677475 0 0
1288 1 0.4570840895175934 0 0
1289 1 0.4561685621738434 0 0
1290 1 0.455232709646225 0 0
1291 1 0.4542764723300934 0 0
1292 1 0.4532999098300934 0 0
1293 1 0.452303022146225 0 0
1294 1 0.4512857496738434 0 0
1295 1 0.4502481520175934 0 0
1296 1 0.449190229177475 0 0
1297 1 0.44814854860305786 0 0
1298 1 0.44710686802864075 0 0
1299 1 0.446065217256546 0 0
1300 1 0.4450235366821289 0 0
1301 1 0.4439818859100342 0 0
1302 1 0.44294020533561707 0 0
1303 1 0.44189855456352234 0 0
1304 1 0.4408568739891052 0 0
1305 1 0.4398152232170105 0 0
1306 1 0.4387735426425934 0 0
1307 1 0.43773189187049866 0 0
1308 1 0.43669021129608154 0 0
1309 1 0.4356485605239868 0 0
1310 1 0.4346068799495697 0 0
1311 1 0.433565229177475 0 0
1312 1 0.43252354860305786 0 0
1313 1 0.43148186802864075 0 0
1314 1 0.430440217256546 0 0
1315 1 0.4293985366821289 0 0
1316 1 0.4283568859100342 0 0
1317 1 0.42731520533561707 0 0
1318 1 0.42627355456352234 0 0
1319 1 0.4252318739891052 0 0
1320 1 0.4241902232170105 0 0
1321 1 0.4231485426425934 0 0
1322 1 0.42210689187049866 0 0
1323 1 0.42106521129608154 0 0
1324 1 0.4200235605239868 0 0
1325 1 0.4189818799495697 0 0
1326 1 0.417940229177475 0 0
1327 1 0.41689854860305786 0 0
1328 1 0.41585686802864075 0 0
1329 0 0.414815217256546 0 0
1330 2 0.41379642486572266 0 0
1331 2 0.4128081798553467 0 0
1332 2 0.4118504226207733 0 0
1333 2 0.41092321276664734 0 0
1334 2 0.410026490688324 0 0
1335 2 0.409160315990448 0 0
1336 2 0.40832462906837463 0 0
1337 2 0.40751948952674866 0 0
1338 2 0.4067448377609253 0 0
1339 2 0.4060007333755493 0 0
1340 2 0.40505796670913696 0 0
1341 2 0.4043748676776886 0 0
1342 2 0.4037223160266876 0 0
1343 2 0.40310025215148926 0 0
1344 2 0.4025087356567383 0 0
1345 2 0.4019477069377899 0 0
1346 2 0.40141722559928894 0 0
1347 2 0.4009172320365906 0 0
1348 2 0.4004477560520172 0 0
1349 2 0.40000882744789124 0 0
1350 2 0.39960038661956787 0 0
1351 2 0.3992224931716919 0 0
1352 2 0.39887508749961853 0 0
1353 2 0.39855822920799255 0 0
1354 2 0.39889898896217346 0 0
1355 2 0.39925503730773926 0 0
1356 2 0.39962634444236755 0 0
1357 2 0.40001288056373596 0 0
1358 2 0.40041470527648926 0 0
1359 2 0.40083178877830505 0 0
1360 2 0.40126410126686096 0 0
1361 2 0.40171170234680176 0 0
1362 2 0.40217456221580505 0 0
1363 2 0.40265265107154846 0 0
1364 2 0.40314602851867676 0 0
1365 2 0.40365466475486755 0 0
1366 2 0.40417852997779846 0 0
1367 2 0.40471768379211426 0 0
1368 2 0.40527209639549255 0 0
1369 2 0.40584173798561096 0 0
1370 2 0.40642666816711426 0 0
1371 2 0.40702685713768005 0 0
1372 0 0.40764227509498596 0 0
1373 0 0.4082348346710205 0 0
1374 0 0.4088045060634613 0 0
1375 0 0.40935125946998596 0 0
1376 0 0.40987515449523926 0 0
1377 0 0.4103761613368988 0 0
1378 0 0.4108542501926422 0 0
1379 0 0.41130948066711426 0 0
1380 0 0.41174182295799255 0 0
1381 0 0.4121512472629547 0 0
1382 0 0.4125378131866455 0 0
1383 0 0.41290149092674255 0 0
1384 0 0.41324225068092346 0 0
1385 0 0.413560152053833 0 0
1386 0 0.4138551652431488 0 0
1387 0 0.41412726044654846 0 0
1388 0 0.41437649726867676 0 0
1389 0 0.4146028459072113 0 0
1390 0 0.4148062765598297 0 0
1391 0 0.41498684883117676 0 0
1392 0 0.41514453291893005 0 0
1393 0 0.4152792990207672 0 0
1394 0 0.415391206741333 0 0
1395 0 0.41548022627830505 0 0
1396 0 0.41554632782936096 0 0
1397 0 0.4155895709991455 0 0
1398 0 0.4156099259853363 0 0
1399 0 0.41560736298561096 0 0
1400 0 0.41562771797180176 0 0
1401 0 0.4156251847743988 0 0
1402 0 0.4156455099582672 0 0
1403 0 0.41564297676086426 0 0
1404 0 0.41566333174705505 0 0
1405 0 0.4156607687473297 0 0
1406 0 0.4156811237335205 0 0
1407 0 0.41567859053611755 0 0
1408 0 0.41569891571998596 0 0
1409 0 0.415696382522583 0 0
1410 0 0.4157167375087738 0 0
1411 0 0.41571417450904846 0 0
1412 0 0.41573452949523926 0 0
1413 0 0.4157319962978363 0 0
1414 0 0.4157523214817047 0 0
1415 0 0.41574978828430176 0 0
1416 0 0.41577014327049255 0 0
1417 0 0.41577014327049255 0 0
1418 0 0.41577014327049255 0 0
1419 0 0.41577014327049255 0 0
1420 0 0.41577014327049255 0 0
1421 0 0.41577014327049255 0 0
1422 2 0.41577014327049255 0 0
1423 2 0.41611090302467346 0 0
1424 2 0.41646695137023926 0 0
1425 2 0.41683825850486755 0 0
1426 2 0.41722479462623596 0 0
1427 2 0.41762661933898926 0 0
1428 2 0.41804370284080505 0 0
1429 2 0.41847601532936096 0 0
1430 2 0.41892361640930176 0 0
1431 2 0.41938647627830505 0 0
1432 2 0.41986456513404846 0 0
1433 2 0.42035794258117676 0 0
1434 18 0.42086657881736755 0 0
1435 18 0.42139044404029846 0 0
1436 18 0.42192959785461426 0 0
1437 18 0.42248401045799255 0 0
1438 18 0.42305365204811096 0 0
1439 18 0.42363858222961426 0 0
1440 18 0.42423877120018005 0 0
1441 18 0.42485418915748596 0 0
1442 18 0.42548489570617676 0 0
1443 18 0.42613086104393005 0 0
1444 18 0.42679208517074585 0 0
1445 18 0.42746856808662415 0 0
1446 18 0.42816030979156494 0 0
1447 18 0.42886728048324585 0 0
1448 18 0.42958953976631165 0 0
1449 18 0.43032705783843994 0 0
1450 18 0.43107980489730835 0 0
1451 18 0.43208205699920654 0 0
1452 2 0.43287551403045654 0 0
1453 2 0.43368932604789734 0 0
1454 2 0.43452346324920654 0 0
1455 2 0.43537795543670654 0 0
1456 2 0.43625280261039734 0 0
1457 2 0.43714797496795654 0 0
1458 2 0.43806350231170654 0 0
1459 2 0.43899938464164734 0 0
1460 2 0.43995559215545654 0 0
1461 2 0.44093215465545654 0 0
1462 2 0.44192907214164734 0 0
1463 2 0.44294631481170654 0 0
1464 2 0.44398391246795654 0 0
1465 2 0.44504186511039734 0 0
1466 2 0.44608351588249207 0 0
1467 2 0.4471251964569092 0 0
1468 2 0.4481668472290039 0 0
1469 2 0.449208527803421 0 0
1470 2 0.45025017857551575 0 0
1471 2 0.45129185914993286 0 0
1472 2 0.45233353972435 0 0
1473 2 0.4533751904964447 0 0
1474 2 0.4544168710708618 0 0
1475 2 0.45545852184295654 0 0
1476 2 0.45650020241737366 0 0
1477 2 0.4575418531894684 0 0
1478 2 0.4585835337638855 0 0
1479 2 0.4596251845359802 0 0
1480 2 0.46066686511039734 0 0
1481 2 0.46170851588249207 0 0
1482 2 0.4627501964569092 0 0
1483 2 0.4637918472290039 0 0
1484 2 0.464833527803421 0 0
1485 2 0.46587517857551575 0 0
1486 2 0.46691685914993286 0 0
1487 2 0.46795853972435 0 0
1488 2 0.4690001904964447 0 0
1489 2 0.4700418710708618 0 0
1490 2 0.47108352184295654 0 0
1491 2 0.47212520241737366 0 0
1492 2 0.4731668531894684 0 0
1493 2 0.4742085337638855 0 0
1494 2 0.4752501845359802 0 0
1495 2 0.47629186511039734 0 0
1496 2 0.47733351588249207 0 0
1497 2 0.4783751964569092 0 0
1498 2 0.4794168472290039 0 0
1499 2 0.480458527803421 0 0
1500 2 0.48150017857551575 0 0
1501 2 0.48254185914993286 0 0
1502 2 0.48358353972435 0 0
1503 2 0.4846251904964447 0 0
1504 2 0.4856668710708618 0 0
1505 2 0.48670852184295654 0 0
1506 2 0.48775020241737366 0 0
1507 2 0.4887918531894684 0 0
1508 2 0.4898335337638855 0 0
1509 2 0.4908751845359802 0 0
1510 2 0.49191686511039734 0 0
1511 2 0.49295851588249207 0 0
1512 2 0.4940001964569092 0 0
1513 2 0.4950418472290039 0 0
1514 18 0.496083527803421 0 0
1515 18 0.49712517857551575 0 0
1516 18 0.49816685914993286 0 0
1517 18 0.49920853972435 0 0
1518 18 0.5002502202987671 0 0
1519 18 0.5012918710708618 0 0
1520 18 0.5023335218429565 0 0
1521 18 0.5031245946884155 0 0
1522 18 0.5031245946884155 0 0
1523 18 0.5041662454605103 0 0
1524 18 0.5052079558372498 0 0
1525 18 0.5062496066093445 0 0
1526 18 0.5072912573814392 0 0
1527 18 0.5083329081535339 0 0
1528 18 0.5093746185302734 0 0
1529 18 0.5104162693023682 0 0
1530 18 0.5114579200744629 0 0
1531 18 0.5124995708465576 0 0
1532 18 0.5135412812232971 0 0
1533 18 0.5145829319953918 0 0
1534 2 0.5156245827674866 0 0
1535 2 0.5166662335395813 0 0
1536 0 0.5177079439163208 0 0
1537 0 0.5187267065048218 0 0
1538 1 0.519722580909729 0 0
1539 1 0.520687997341156 0 0
1540 1 0.5216228365898132 0 0
1541 1 0.5225271582603455 0 0
1542 1 0.5231245756149292 0 0
1543 1 0.5225546360015869 0 0
1544 1 0.5221986174583435 0 0
1545 1 0.5218272805213928 0 0
1546 1 0.5214407444000244 0 0
1547 1 0.5210389494895935 0 0
1548 1 0.5206218361854553 0 0
1549 1 0.5201895236968994 0 0
1550 1 0.519741952419281 0 0
1551 1 0.5192790627479553 0 0
1552 1 0.5188009738922119 0 0
1553 1 0.518307626247406 0 0
1554 1 0.5177989602088928 0 0
1555 1 0.5172750949859619 0 0
1556 1 0.5167359709739685 0 0
1557 1 0.5161815285682678 0 0
1558 1 0.5156118869781494 0 0
1559 1 0.5150269865989685 0 0
1560 1 0.5144267678260803 0 0
1561 1 0.5138113498687744 0 0
1562 1 0.513180673122406 0 0
1563 1 0.5125346779823303 0 0
1564 1 0.5118734836578369 0 0
1565 1 0.511197030544281 0 0
1566 1 0.5105052590370178 0 0
1567 1 0.5097982883453369 0 0
1568 1 0.5090760588645935 0 0
1569 1 0.5083385109901428 0 0
1570 1 0.5075857639312744 0 0
1571 1 0.5070418119430542 0 0
1572 1 0.5062483549118042 0 0
1573 1 0.5054345726966858 0 0
1574 1 0.5046004056930542 0 0
1575 1 0.5037459135055542 0 0
1576 1 0.5028710961341858 0 0
1577 1 0.5019758939743042 0 0
1578 1 0.5010603666305542 0 0
1579 1 0.5001245141029358 0 0
1580 0 0.4991683065891266 0 0
1581 0 0.49823495745658875 0 0
1582 0 0.49732452630996704 0 0
1583 0 0.4964369833469391 0 0
1584 0 0.4955722987651825 0 0
1585 0 0.49473053216934204 0 0
1586 2 0.49391165375709534 0 0
1587 2 0.49312326312065125 0 0
1588 2 0.49236541986465454 0 0
1589 2 0.49163809418678284 0 0
1590 2 0.49071207642555237 0 0
1591 2 0.49004578590393066 0 0
1592 0 0.4894099831581116 0 0
1593 0 0.4887970983982086 0 0
1594 0 0.4882071018218994 0 0
1595 0 0.4876399636268616 0 0
1596 0 0.48709574341773987 0 0
1597 0 0.4865744113922119 0 0
1598 1 0.4860759377479553 0 0
1599 1 0.4855622351169586 0 0
1600 1 0.4850332736968994 0 0
1601 1 0.4844890236854553 0 0
1602 1 0.4839295446872711 0 0
1603 1 0.4833548069000244 0 0
1604 1 0.4833128750324249 0 0
1605 1 0.4833128750324249 0 0
1606 17 0.4833128750324249 0 0
1607 17 0.4833128750324249 0 0
1608 17 0.4833128750324249 0 0
1609 17 0.4833128750324249 0 0
1610 17 0.4833128750324249 0 0
1611 17 0.482911080121994 0 0
1612 17 0.4824939966201782 0 0
1613 17 0.4820616543292999 0 0
1614 17 0.4816140830516815 0 0
1615 17 0.4811512231826782 0 0
1616 17 0.4806731045246124 0 0
1617 17 0.4801797568798065 0 0
1618 17 0.4796711206436157 0 0
1619 17 0.4791472256183624 0 0
1620 17 0.478608101606369 0 0
1621 17 0.4780536890029907 0 0
1622 17 0.4774840176105499 0 0
1623 17 0.476899117231369 0 0
1624 17 0.4762989282608032 0 0
1625 17 0.4756834805011749 0 0
1626 17 0.4750528037548065 0 0
1627 17 0.4744068384170532 0 0
1628 17 0.4737456142902374 0 0
1629 17 0.4730691611766815 0 0
1630 17 0.4723774194717407 0 0
1631 17 0.4716704189777374 0 0
1632 17 0.470948189496994 0 0
1633 17 0.4702106714248657 0 0
1634 17 0.4694578945636749 0 0
1635 17 0.4689139723777771 0 0
1636 17 0.4681205153465271 0 0
1637 17 0.4673067331314087 0 0
1638 17 0.4664725661277771 0 0
1639 17 0.4656180739402771 0 0
1640 17 0.4647432565689087 0 0
1641 17 0.4638480544090271 0 0
1642 17 0.4629325270652771 0 0
1643 17 0.4619966745376587 0 0
1644 17 0.4610404372215271 0 0
1645 17 0.4600638747215271 0 0
1646 17 0.4590669870376587 0 0
1647 17 0.4580497145652771 0 0
1648 17 0.4570121169090271 0 0
1649 17 0.4559541940689087 0 0
1650 17 0.4549125134944916 0 0
1651 17 0.45387086272239685 0 0
1652 17 0.45282918214797974 0 0
1653 17 0.4517875015735626 0 0
1654 17 0.4507458508014679 0 0
1655 17 0.4497041702270508 0 0
1656 17 0.44866251945495605 0 0
1657 17 0.44762083888053894 0 0
1658 17 0.4465791881084442 0 0
1659 17 0.4455375075340271 0 0
1660 17 0.4444958567619324 0 0
1661 17 0.44345417618751526 0 0
1662 17 0.44241252541542053 0 0
1663 17 0.4413708448410034 0 0
1664 1 0.4403291940689087 0 0
1665 1 0.4392875134944916 0 0
1666 1 0.43824586272239685 0 0
1667 1 0.43720418214797974 0 0
1668 1 0.4361625015735626 0 0
1669 1 0.4351208508014679 0 0
1670 1 0.4340791702270508 0 0
1671 1 0.43303751945495605 0 0
1672 1 0.43199583888053894 0 0
1673 1 0.4309541881084442 0 0
1674 1 0.4299125075340271 0 0
1675 1 0.4288708567619324 0 0
1676 1 0.42782917618751526 0 0
1677 1 0.42678752541542053 0 0
1678 1 0.4257458448410034 0 0
1679 1 0.4247041940689087 0 0
1680 1 0.4236625134944916 0 0
1681 0 0.42262086272239685 0 0
1682 0 0.4216020703315735 0 0
1683 0 0.42060616612434387 0 0
1684 0 0.4196331799030304 0 0
1685 0 0.4186830520629883 0 0
1686 0 0.4177558422088623 0 0
1687 0 0.4168514907360077 0 0
1688 0 0.4159700572490692 0 0
1689 0 0.4151114821434021 0 0
1690 0 0.4142758250236511 0 0
1691 0 0.4134630262851715 0 0
1692 1 0.41267314553260803 0 0
1693 1 0.41186287999153137 0 0
1694 1 0.4110323190689087 0 0
1695 1 0.4101813733577728 0 0
1696 1 0.40931010246276855 0 0
1697 1 0.4084184765815735 0 0
1698 1 0.4075064957141876 0 0
1699 1 0.40657418966293335 0 0
1700 1 0.4056215286254883 0 0
1701 1 0.4046485424041748 0 0
1702 1 0.40365520119667053 0 0
1703 1 0.40264150500297546 0 0
1704 1 0.4016074538230896 0 0
1705 1 0.4005530774593353 0 0
1706 1 0.3995114266872406 0 0
1707 1 0.3984697461128235 0 0
1708 1 0.39742806553840637 0 0
1709 1 0.39638641476631165 0 0
1710 1 0.39534473419189453 0 0
1711 1 0.3943030834197998 0 0
1712 1 0.3932614028453827 0 0
1713 1 0.39221975207328796 0 0
1714 17 0.39117807149887085 0 0
1715 17 0.3901364207267761 0 0
1716 17 0.389094740152359 0 0
1717 17 0.3880530893802643 0 0
1718 17 0.38701140880584717 0 0
1719 17 0.38596975803375244 0 0
1720 17 0.3849280774593353 0 0
1721 17 0.3838864266872406 0 0
1722 17 0.3828447461128235 0 0
1723 17 0.38180306553840637 0 0
1724 17 0.38076141476631165 0 0
1725 17 0.37971973419189453 0 0
1726 17 0.3786780834197998 0 0
1727 17 0.3776364028453827 0 0
1728 17 0.3766666650772095 0 0
1729 17 0.3766666650772095 0 0
1730 17 0.3766666650772095 0 0
1731 17 0.3766666650772095 0 0
1732 17 0.3766462504863739 0 0
1733 17 0.3766462504863739 0 0
1734 17 0.3762749433517456 0 0
1735 17 0.3758883774280548 0 0
1736 17 0.3754865825176239 0 0
1737 17 0.3750694990158081 0 0
1738 17 0.3746371567249298 0 0
1739 17 0.3741895854473114 0 0
1740 17 0.3737267255783081 0 0
1741 17 0.3732486069202423 0 0
1742 17 0.3727552592754364 0 0
1743 17 0.3722466230392456 0 0
1744 17 0.3717227280139923 0 0
1745 17 0.3711836040019989 0 0
1746 17 0.3706291913986206 0 0
1747 17 0.3700595200061798 0 0
1748 17 0.3694746196269989 0 0
1749 17 0.3688744306564331 0 0
1750 1 0.3682589828968048 0 0
1751 1 0.3676283061504364 0 0
1752 1 0.3669823408126831 0 0
1753 1 0.3663211166858673 0 0
1754 1 0.3656446635723114 0 0
1755 1 0.3649529218673706 0 0
1756 1 0.3642459213733673 0 0
1757 1 0.3635236918926239 0 0
1758 1 0.36331290006637573 0 0
1759 1 0.36331290006637573 0 0
1760 1 0.36331290006637573 0 0
1761 1 0.36331290006637573 0 0
1762 1 0.36331290006637573 0 0
1763 1 0.36331290006637573 0 0
1764 1 0.36331290006637573 0 0
1765 1 0.36331290006637573 0 0
1766 1 0.3628653287887573 0 0
1767 1 0.36240246891975403 0 0
1768 1 0.36192435026168823 0 0
1769 1 0.3614310026168823 0 0
1770 1 0.36092236638069153 0 0
1771 1 0.36039847135543823 0 0
1772 1 0.3598593473434448 0 0
1773 1 0.35930493474006653 0 0
1774 1 0.35873526334762573 0 0
1775 1 0.3581503629684448 0 0
1776 1 0.35755017399787903 0 0
1777 1 0.35693472623825073 0 0
1778 1 0.3563040494918823 0 0
1779 1 0.35565808415412903 0 0
1780 1 0.35499686002731323 0 0
1781 1 0.3543204069137573 0 0
1782 1 0.35362866520881653 0 0
1783 1 0.35292166471481323 0 0
1784 1 0.3521994352340698 0 0
1785 1 0.35146191716194153 0 0
1786 1 0.35070914030075073 0 0
1787 1 0.3501651883125305 0 0
1788 1 0.3493717312812805 0 0
1789 1 0.3485579490661621 0 0
1790 1 0.3477237820625305 0 0
1791 1 0.3468692898750305 0 0
1792 1 0.3459944725036621 0 0
1793 1 0.3450992703437805 0 0
1794 1 0.3441837430000305 0 0
1795 1 0.3432478904724121 0 0
1796 1 0.3422916531562805 0 0
1797 1 0.3413150906562805 0 0
1798 1 0.3403182029724121 0 0
1799 1 0.3393009305000305 0 0
1800 1 0.3382633328437805 0 0
1801 0 0.3372054100036621 0 0
1802 2 0.33617034554481506 0 0
1803 2 0.33517342805862427 0 0
1804 2 0.33420705795288086 0 0
1805 0 0.33327117562294006 0 0
1806 0 0.332358181476593 0 0
1807 0 0.3314681053161621 0 0
1808 0 0.33060088753700256 0 0
1809 0 0.32975655794143677 0 0
1810 0 0.3289351463317871 0 0
1811 0 0.3281365931034088 0 0
1812 1 0.32736092805862427 0 0
1813 1 0.3265649378299713 0 0
1814 1 0.32574859261512756 0 0
1815 1 0.324911892414093 0 0
1816 0 0.32405486702919006 0 0
1817 0 0.32322072982788086 0 0
1818 2 0.322409451007843 0 0
1819 2 0.32162871956825256 0 0
1820 2 0.3208785057067871 0 0
1821 2 0.32015877962112427 0 0
1822 0 0.3192404508590698 0 0
1823 0 0.31857413053512573 0 0
1824 0 0.3179307281970978 0 0
1825 0 0.3173102140426636 0 0
1826 2 0.31671255826950073 0 0
1827 2 0.3161454498767853 0 0
1828 2 0.3156088590621948 0 0
1829 2 0.315102756023407 0 0
1830 2 0.31462720036506653 0 0
1831 2 0.3141821622848511 0 0
1832 0 0.31376761198043823 0 0
1833 0 0.31337597966194153 0 0
1834 0 0.3130072355270386 0 0
1835 0 0.312661349773407 0 0
1836 0 0.31233838200569153 0 0
1837 0 0.31233838200569153 0 0
1838 0 0.31233838200569153 0 0
1839 0 0.31233838200569153 0 0
1840 1 0.31233838200569153 0 0
1841 1 0.31199759244918823 0 0
1842 1 0.3116415739059448 0 0
1843 1 0.31127026677131653 0 0
1844 1 0.31088370084762573 0 0
1845 1 0.3104819059371948 0 0
1846 17 0.31006482243537903 0 0
1847 17 0.30963248014450073 0 0
1848 1 0.3091849088668823 0 0
1849 1 0.30872204899787903 0 0
1850 17 0.30824393033981323 0 0
1851 17 0.3077505826950073 0 0
1852 17 0.30724194645881653 0 0
1853 17 0.30671805143356323 0 0
1854 17 0.3061789274215698 0 0
1855 17 0.30562451481819153 0 0
1856 17 0.30505484342575073 0 0
1857 17 0.3044699430465698 0 0
1858 17 0.30386975407600403 0 0
1859 17 0.30325430631637573 0 0
1860 17 0.3026236295700073 0 0
1861 17 0.30197766423225403 0 0
1862 17 0.30131644010543823 0 0
1863 17 0.3006399869918823 0 0
1864 17 0.29994824528694153 0 0
1865 17 0.29924124479293823 0 0
1866 17 0.2985190153121948 0 0
1867 17 0.29778149724006653 0 0
1868 17 0.29702872037887573 0 0
1869 17 0.2964847683906555 0 0
1870 17 0.2956913113594055 0 0
1871 17 0.2948775291442871 0 0
1872 17 0.2940433621406555 0 0
1873 17 0.2931888699531555 0 0
1874 17 0.2923140525817871 0 0
1875 17 0.2914188504219055 0 0
1876 17 0.2905033230781555 0 0
1877 1 0.2895674705505371 0 0
1878 1 0.2886112332344055 0 0
1879 1 0.2876346707344055 0 0
1880 1 0.2866377830505371 0 0
1881 1 0.2856205105781555 0 0
1882 1 0.2845829129219055 0 0
1883 1 0.2835249900817871 0 0
1884 1 0.28248330950737 0 0
1885 1 0.28144165873527527 0 0
1886 1 0.28039997816085815 0 0
1887 1 0.2793583273887634 0 0
1888 1 0.2783166468143463 0 0
1889 1 0.2772749960422516 0 0
1890 1 0.2762333154678345 0 0
1891 1 0.27519166469573975 0 0
1892 1 0.27414998412132263 0 0
1893 1 0.2731083035469055 0 0
1894 1 0.2720666527748108 0 0
1895 1 0.2710249722003937 0 0
1896 1 0.26998332142829895 0 0
1897 1 0.26941338181495667 0 0
1898 1 0.26905733346939087 0 0
1899 1 0.2686860263347626 0 0
1900 1 0.26829949021339417 0 0
1901 1 0.26789766550064087 0 0
1902 1 0.2674805819988251 0 0
1903 1 0.26704826951026917 0 0
1904 0 0.26660066843032837 0 0
1905 0 0.2661759555339813 0 0
1906 0 0.2657741606235504 0 0
1907 0 0.26539522409439087 0 0
1908 0 0.2650391757488251 0 0
1909 0 0.2647060453891754 0 0
1910 0 0.2643957734107971 0 0
1911 0 0.2643957734107971 0 0
1912 0 0.2643957734107971 0 0
1913 0 0.2643957734107971 0 0
1914 0 0.2643957734107971 0 0
1915 0 0.2643957734107971 0 0
1916 0 0.2643957734107971 0 0
1917 0 0.2643957734107971 0 0
1918 0 0.2643957734107971 0 0
1919 0 0.2643957734107971 0 0
1920 0 0.2643957734107971 0 0
1921 0 0.2643957734107971 0 0
1922 0 0.2643957734107971 0 0
1923 0 0.2643957734107971 0 0
1924 0 0.2643957734107971 0 0
1925 0 0.2643957734107971 0 0
1926 0 0.2643957734107971 0 0
1927 1 0.2643957734107971 0 0
1928 1 0.2640549838542938 0 0
1929 1 0.2636989653110504 0 0
1930 1 0.2633276581764221 0 0
1931 1 0.2629410922527313 0 0
1932 1 0.2625392973423004 0 0
1933 1 0.2621222138404846 0 0
1934 1 0.2616898715496063 0 0
1935 1 0.2612423002719879 0 0
1936 1 0.2607794404029846 0 0
1937 1 0.2603013217449188 0 0
1938 1 0.2598079741001129 0 0
1939 1 0.2592993378639221 0 0
1940 1 0.2587754428386688 0 0
1941 1 0.2582363188266754 0 0
1942 1 0.2576819062232971 0 0
1943 1 0.2571122348308563 0 0
1944 1 0.2565273344516754 0 0
1945 1 0.2559271454811096 0 0
1946 1 0.2553116977214813 0 0
1947 1 0.2546810209751129 0 0
1948 1 0.2540350556373596 0 0
1949 1 0.2533738315105438 0 0
1950 1 0.2526973783969879 0 0
1951 1 0.2520056366920471 0 0
1952 1 0.2512986361980438 0 0
1953 1 0.2505764067173004 0 0
1954 1 0.24983888864517212 0 0
1955 1 0.24908612668514252 0 0
1956 1 0.2485421746969223 0 0
1957 1 0.2477487176656723 0 0
1958 1 0.2469349205493927 0 0
1959 1 0.2461007684469223 0 0
1960 1 0.2452462762594223 0 0
1961 1 0.2443714439868927 0 0
1962 1 0.2434762567281723 0 0
1963 1 0.2425607293844223 0 0
1964 1 0.2416248619556427 0 0
1965 1 0.2406686395406723 0 0
1966 1 0.2396920770406723 0 0
1967 1 0.2386951744556427 0 0
1968 1 0.2376779168844223 0 0
1969 1 0.2366403192281723 0 0
1970 1 0.2355823814868927 0 0
1971 1 0.23454071581363678 0 0
1972 1 0.23349905014038086 0 0
1973 1 0.23245738446712494 0 0
1974 1 0.23141570389270782 0 0
1975 1 0.2303740382194519 0 0
1976 1 0.22933237254619598 0 0
1977 1 0.22829070687294006 0 0
1978 1 0.22724904119968414 0 0
1979 1 0.22620737552642822 0 0
1980 1 0.2251657098531723 0 0
1981 1 0.22412404417991638 0 0
1982 1 0.22308237850666046 0 0
1983 1 0.22204071283340454 0 0
1984 1 0.22099904716014862 0 0
1985 1 0.2199573814868927 0 0
1986 1 0.21891571581363678 0 0
1987 1 0.21787405014038086 0 0
1988 1 0.21683238446712494 0 0
1989 1 0.21579070389270782 0 0
1990 1 0.2147490382194519 0 0
1991 1 0.21370737254619598 0 0
1992 1 0.21266570687294006 0 0
1993 1 0.21162404119968414 0 0
1994 1 0.21058237552642822 0 0
1995 1 0.2095407098531723 0 0
1996 1 0.20849904417991638 0 0
1997 1 0.20745737850666046 0 0
1998 1 0.20641571283340454 0 0
1999 1 0.20537404716014862 0 0
2000 1 0.2043323814868927 0 0
2001 1 0.20329071581363678 0 0
2002 1 0.20224905014038086 0 0
2003 1 0.20120738446712494 0 0
2004 1 0.20016570389270782 0 0
2005 1 0.1991240382194519 0 0
2006 1 0.19808237254619598 0 0
2007 1 0.19704070687294006 0 0
2008 1 0.19599904119968414 0 0
2009 1 0.19495737552642822 0 0
2010 1 0.1939157098531723 0 0
2011 1 0.19287404417991638 0 0
2012 1 0.19183237850666046 0 1
2012 1 0.19183237850666046 0 1
