data/levels/bonus1/abednego-level3.stl
1 0 0.012072917073965073 0 0
2 0 0.012072917073965073 0 0
3 0 0.012072917073965073 0 0
4 0 0.012072917073965073 0 0
5 0 0.012072917073965073 0 0
6 0 0.012072917073965073 0 0
7 0 0.012072917073965073 0 0
8 0 0.012072917073965073 0 0
9 0 0.012072917073965073 0 0
10 0 0.012072917073965073 0 0
11 0 0.012072917073965073 0 0
12 0 0.012072917073965073 0 0
13 0 0.012072917073965073 0 0
14 0 0.012072917073965073 0 0
15 0 0.012072917073965073 0 0
16 0 0.012072917073965073 0 0
17 0 0.012072917073965073 0 0
18 0 0.012072917073965073 0 0
19 0 0.012072917073965073 0 0
20 0 0.012072917073965073 0 0
21 0 0.012072917073965073 0 0
22 0 0.012072917073965073 0 0
23 0 0.012072917073965073 0 0
24 0 0.012072917073965073 0 0
25 0 0.012072917073965073 0 0
26 0 0.012072917073965073 0 0
27 0 0.012072917073965073 0 0
28 0 0.012072917073965073 0 0
29 0 0.012072917073965073 0 0
30 0 0.012072917073965073 0 0
31 0 0.012072917073965073 0 0
32 2 0.012072917073965073 0 0
33 2 0.012243306264281273 0 0
34 2 0.012421325780451298 0 0
35 2 0.012606974691152573 0 0
36 2 0.012800252065062523 0 0
37 2 0.013001159764826298 0 0
38 2 0.013209696859121323 0 0
39 2 0.013425862416625023 0 0
40 2 0.013649657368659973 0 0
41 2 0.013881082646548748 0 0
42 2 0.014120137318968773 0 0
43 2 0.014366820454597473 0 0
44 2 0.014621133916079998 0 0
45 2 0.014883076772093773 0 0
46 2 0.015152648091316223 0 0
47 2 0.015429849736392498 0 0
48 2 0.015714680776000023 0 0
49 2 0.016007140278816223 0 0
50 2 0.016307229176163673 0 0
51 2 0.016614949330687523 0 0
52 2 0.016930297017097473 0 0
53 2 0.017253274098038673 0 0
54 2 0.017583882436156273 0 0
55 2 0.017922118306159973 0 0
56 2 0.018267983570694923 0 0
57 2 0.018621480092406273 0 0
58 2 0.018982604146003723 0 0
59 2 0.019351357594132423 0 0
60 2 0.019727742299437523 0 0
61 2 0.020228881388902664 0 0
62 2 0.020625609904527664 0 0
63 2 0.021032512187957764 0 0
64 2 0.021449584513902664 0 0
65 2 0.021876830607652664 0 0
66 2 0.022314250469207764 0 0
67 2 0.022761840373277664 0 0
68 2 0.023219604045152664 0 0
69 2 0.023687541484832764 0 0
70 2 0.024165648967027664 0 0
71 2 0.024653930217027664 0 0
72 2 0.025152385234832764 0 0
73 2 0.025661010295152664 0 0
74 2 0.026179809123277664 0 0
75 2 0.026708781719207764 0 0
76 2 0.027229614555835724 0 0
77 2 0.027750447392463684 0 0
78 2 0.028271280229091644 0 0
79 2 0.028792114928364754 0 0
80 2 0.029312947764992714 0 0
81 2 0.029833780601620674 0 0
82 2 0.030354613438248634 0 0
83 2 0.030875448137521744 0 0
84 2 0.031396280974149704 0 0
85 2 0.031917113810777664 0 0
86 2 0.032437946647405624 0 0
87 2 0.032958779484033585 0 0
88 2 0.03347961604595184 0 0
89 2 0.0340004488825798 0 0
90 2 0.034521281719207764 0 0
91 2 0.035042114555835724 0 0
92 2 0.035562947392463684 0 0
93 2 0.036083780229091644 0 0
94 2 0.036604613065719604 0 0
95 2 0.037125445902347565 0 0
96 2 0.03764628246426582 0 0
97 2 0.038167115300893784 0 0
98 2 0.038687948137521744 0 0
99 2 0.039208780974149704 0 0
100 2 0.039729613810777664 0 0
101 2 0.040250446647405624 0 0
102 2 0.040771279484033585 0 0
103 2 0.04129211604595184 0 0
104 2 0.0418129488825798 0 0
105 2 0.042333781719207764 0 0
106 2 0.042854614555835724 0 0
107 2 0.043375447392463684 0 0
108 2 0.043896280229091644 0 0
109 2 0.044417113065719604 0 0
110 2 0.044937945902347565 0 0
111 2 0.04545878246426582 0 0
112 2 0.045979615300893784 0 0
113 2 0.046500448137521744 0 0
114 2 0.047021280974149704 0 0
115 2 0.047542113810777664 0 0
116 2 0.048062946647405624 0 0
117 2 0.048583779484033585 0 0
118 2 0.04910461604595184 0 0
119 2 0.0496254488825798 0 0
120 18 0.050146281719207764 0 0
121 18 0.050667114555835724 0 0
122 18 0.051187947392463684 0 0
123 18 0.051708780229091644 0 0
124 18 0.052229613065719604 0 0
125 18 0.052750445902347565 0 0
126 18 0.05327128246426582 0 0
127 18 0.053792115300893784 0 0
128 18 0.054312948137521744 0 0
129 18 0.054833780974149704 0 0
130 18 0.055354613810777664 0 0
131 18 0.055875446647405624 0 0
132 2 0.056396279484033585 0 0
133 2 0.05691711604595184 0 0
134 2 0.0574379488825798 0 0
135 2 0.057958781719207764 0 0
136 2 0.058479614555835724 0 0
137 2 0.059000447392463684 0 0
138 2 0.059521280229091644 0 0
139 2 0.060042113065719604 0 0
140 2 0.060562945902347565 0 0
141 2 0.06108378246426582 0 0
142 2 0.061604615300893784 0 0
143 2 0.062125448137521744 0 0
144 2 0.0626462772488594 0 0
145 2 0.06316711753606796 0 0
146 2 0.06368795037269592 0 0
147 2 0.06420878320932388 0 0
148 2 0.06472961604595184 0 0
149 2 0.0652504488825798 0 0
150 2 0.06577128171920776 0 0
151 2 0.06629211455583572 0 0
152 2 0.06681294739246368 0 0
153 2 0.06733378022909164 0 0
154 2 0.0678546130657196 0 0
155 2 0.06837544590234756 0 0
156 2 0.06889627873897552 0 0
157 2 0.06941711157560349 0 0
158 2 0.06993794441223145 0 0
159 2 0.0704587772488594 0 0
160 2 0.07097961753606796 0 0
161 2 0.07150045037269592 0 0
162 2 0.07202128320932388 0 0
163 2 0.07254211604595184 0 0
164 2 0.0730629488825798 0 0
165 2 0.07358378171920776 0 0
166 2 0.07410461455583572 0 0
167 2 0.07462544739246368 0 0
168 2 0.07514628022909164 0 0
169 2 0.0756671130657196 0 0
170 2 0.07618794590234756 0 0
171 2 0.07670877873897552 0 0
172 2 0.07722961157560349 0 0
173 2 0.07775044441223145 0 0
174 2 0.0782712772488594 0 0
175 2 0.07879211753606796 0 0
176 2 0.07931295037269592 0 0
177 2 0.07983378320932388 0 0
178 2 0.08035461604595184 0 0
179 2 0.0808754488825798 0 0
180 2 0.08139628171920776 0 0
181 2 0.08191711455583572 0 0
182 2 0.08243794739246368 0 0
183 2 0.08295878022909164 0 0
184 2 0.0834796130657196 0 0
185 2 0.08400044590234756 0 0
186 2 0.08452127873897552 0 0
187 2 0.08504211157560349 0 0
188 2 0.08556294441223145 0 0
189 2 0.0860837772488594 0 0
190 2 0.08660461753606796 0 0
191 2 0.08712545037269592 0 0
192 2 0.08764628320932388 0 0
193 2 0.08816711604595184 0 0
194 2 0.0886879488825798 0 0
195 2 0.08920878171920776 0 0
196 2 0.08972961455583572 0 0
197 2 0.09025044739246368 0 0
198 18 0.09077128022909164 0 0
199 18 0.0912921130657196 0 0
200 18 0.09181294590234756 0 0
201 18 0.09233377873897552 0 0
202 18 0.09285461157560349 0 0
203 18 0.09337544441223145 0 0
204 18 0.0938962772488594 0 0
205 18 0.09441711753606796 0 0
206 18 0.09493795037269592 0 0
207 18 0.09545878320932388 0 0
208 18 0.09597961604595184 0 0
209 18 0.0965004488825798 0 0
210 18 0.09702128171920776 0 0
211 18 0.09754211455583572 0 0
212 18 0.09806294739246368 0 0
213 18 0.09858378022909164 0 0
214 18 0.0991046130657196 0 0
215 18 0.09962544590234756 0 0
216 18 0.10014627873897552 0 0
217 18 0.10066711157560349 0 0
218 18 0.10118794441223145 0 0
219 18 0.1017087772488594 0 0
220 2 0.10222961753606796 0 0
221 2 0.10275045037269592 0 0
222 2 0.10327128320932388 0 0
223 2 0.10379211604595184 0 0
224 2 0.1043129488825798 0 0
225 2 0.10483378171920776 0 0
226 2 0.10535461455583572 0 0
227 2 0.10587544739246368 0 0
228 2 0.10639628022909164 0 0
229 2 0.1069171130657196 0 0
230 2 0.10743794590234756 0 0
231 2 0.10795877873897552 0 0
232 2 0.10847961157560349 0 0
233 2 0.10900044441223145 0 0
234 2 0.1095212772488594 0 0
235 2 0.11004211753606796 0 0
236 2 0.11056295037269592 0 0
237 2 0.11108378320932388 0 0
238 2 0.11160461604595184 0 0
239 2 0.1121254488825798 0 0
240 2 0.11264628171920776 0 0
241 2 0.11316711455583572 0 0
242 2 0.11368794739246368 0 0
243 2 0.11420878022909164 0 0
244 2 0.1147296130657196 0 0
245 2 0.11525044590234756 0 0
246 2 0.11577127873897552 0 0
247 2 0.11629211157560349 0 0
248 2 0.11681294441223145 0 0
249 2 0.1173337772488594 0 0
250 0 0.11785461753606796 0 0
251 0 0.11836400628089905 0 0
252 0 0.11886195093393326 0 0
253 0 0.1193484514951706 0 0
254 0 0.11982350796461105 0 0
255 0 0.12028712034225464 0 0
256 0 0.12073928862810135 0 0
257 0 0.12118001282215118 0 0
258 0 0.12160929292440414 0 0
259 0 0.12202712893486023 0 0
260 0 0.12243352085351944 0 0
261 0 0.12282846868038177 0 0
262 0 0.12321197241544724 0 0
263 0 0.12358403205871582 0 0
264 0 0.12383007258176804 0 0
265 0 0.12417924404144287 0 0
266 0 0.12451697140932083 0 0
267 0 0.12484325468540192 0 0
268 0 0.12515808641910553 0 0
269 0 0.12546148896217346 0 0
270 0 0.12575344741344452 0 0
271 0 0.1260339468717575 0 0
272 0 0.12630301713943481 0 0
273 0 0.12656062841415405 0 0
274 0 0.1268068104982376 0 0
275 0 0.1270415335893631 0 0
276 0 0.1272648274898529 0 0
277 0 0.12747666239738464 0 0
278 0 0.1276770681142807 0 0
279 0 0.1278660148382187 0 0
280 0 0.128043532371521 0 0
281 0 0.12820959091186523 0 0
282 0 0.1283642202615738 0 0
283 0 0.12850739061832428 0 0
284 0 0.1286391317844391 0 0
285 0 0.12875942885875702 0 0
286 0 0.12886826694011688 0 0
287 0 0.12896567583084106 0 0
288 0 0.12905162572860718 0 0
289 0 0.1291256844997406 0 0
290 0 0.1291874498128891 0 0
291 0 0.12923726439476013 0 0
292 0 0.12927548587322235 0 0
293 0 0.12930242717266083 0 0
294 0 0.12930242717266083 0 1
294 0 0.12930242717266083 0 1
