data/levels/bonus1/abednego-level3.stl
1 0 0.012072917073965073 0 0
2 0 0.012072917073965073 0 0
3 0 0.012072917073965073 0 0
4 0 0.012072917073965073 0 0
5 0 0.012072917073965073 0 0
6 0 0.012072917073965073 0 0
7 0 0.012072917073965073 0 0
8 0 0.012072917073965073 0 0
9 0 0.012072917073965073 0 0
10 0 0.012072917073965073 0 0
11 0 0.012072917073965073 0 0
12 0 0.012072917073965073 0 0
13 2 0.012072917073965073 0 0
14 2 0.012243306264281273 0 0
15 2 0.012421325780451298 0 0
16 2 0.012606974691152573 0 0
17 2 0.012800252065062523 0 0
18 2 0.013001159764826298 0 0
19 2 0.013209696859121323 0 0
20 2 0.013425862416625023 0 0
21 2 0.013649657368659973 0 0
22 2 0.013881082646548748 0 0
23 2 0.014120137318968773 0 0
24 2 0.014366820454597473 0 0
25 2 0.014621133916079998 0 0
26 2 0.014883076772093773 0 0
27 2 0.015152648091316223 0 0
28 2 0.015429849736392498 0 0
29 2 0.015714680776000023 0 0
30 2 0.016007140278816223 0 0
31 2 0.016307229176163673 0 0
32 2 0.016614949330687523 0 0
33 2 0.016930297017097473 0 0
34 2 0.017253274098038673 0 0
35 2 0.017583882436156273 0 0
36 2 0.017922118306159973 0 0
37 2 0.018267983570694923 0 0
38 2 0.018621480092406273 0 0
39 2 0.018982604146003723 0 0
40 2 0.019351357594132423 0 0
41 2 0.019727742299437523 0 0
42 2 0.020228881388902664 0 0
43 2 0.020625609904527664 0 0
44 2 0.021032512187957764 0 0
45 2 0.021449584513902664 0 0
46 2 0.021876830607652664 0 0
47 2 0.022314250469207764 0 0
48 2 0.022761840373277664 0 0
49 2 0.023219604045152664 0 0
50 2 0.023687541484832764 0 0
51 2 0.024165648967027664 0 0
52 2 0.024653930217027664 0 0
53 2 0.025152385234832764 0 0
54 2 0.025661010295152664 0 0
55 2 0.026179809123277664 0 0
56 2 0.026708781719207764 0 0
57 2 0.027229614555835724 0 0
58 2 0.027750447392463684 0 0
59 2 0.028271280229091644 0 0
60 2 0.028792114928364754 0 0
61 2 0.029312947764992714 0 0
62 2 0.029833780601620674 0 0
63 2 0.030354613438248634 0 0
64 2 0.030875448137521744 0 0
65 2 0.031396280974149704 0 0
66 2 0.031917113810777664 0 0
67 2 0.032437946647405624 0 0
68 2 0.032958779484033585 0 0
69 2 0.03347961604595184 0 0
70 2 0.0340004488825798 0 0
71 2 0.034521281719207764 0 0
72 2 0.035042114555835724 0 0
73 2 0.035562947392463684 0 0
74 2 0.036083780229091644 0 0
75 2 0.036604613065719604 0 0
76 2 0.037125445902347565 0 0
77 2 0.03764628246426582 0 0
78 2 0.038167115300893784 0 0
79 2 0.038687948137521744 0 0
80 2 0.039208780974149704 0 0
81 2 0.039729613810777664 0 0
82 2 0.040250446647405624 0 0
83 2 0.040771279484033585 0 0
84 2 0.04129211604595184 0 0
85 2 0.0418129488825798 0 0
86 2 0.042333781719207764 0 0
87 2 0.042854614555835724 0 0
88 2 0.043375447392463684 0 0
89 2 0.043896280229091644 0 0
90 2 0.044417113065719604 0 0
91 2 0.044937945902347565 0 0
92 2 0.04545878246426582 0 0
93 2 0.045979615300893784 0 0
94 2 0.046500448137521744 0 0
95 18 0.047021280974149704 0 0
96 18 0.047542113810777664 0 0
97 18 0.048062946647405624 0 0
98 18 0.048583779484033585 0 0
99 18 0.04910461604595184 0 0
100 18 0.0496254488825798 0 0
101 18 0.050146281719207764 0 0
102 18 0.050667114555835724 0 0
103 18 0.051187947392463684 0 0
104 18 0.051708780229091644 0 0
105 18 0.052229613065719604 0 0
106 18 0.052750445902347565 0 0
107 18 0.05327128246426582 0 0
108 18 0.053792115300893784 0 0
109 18 0.054312948137521744 0 0
110 18 0.054833780974149704 0 0
111 2 0.055354613810777664 0 0
112 2 0.055875446647405624 0 0
113 2 0.056396279484033585 0 0
114 2 0.05691711604595184 0 0
115 2 0.0574379488825798 0 0
116 2 0.057958781719207764 0 0
117 2 0.058479614555835724 0 0
118 2 0.059000447392463684 0 0
119 2 0.059521280229091644 0 0
120 2 0.060042113065719604 0 0
121 2 0.060562945902347565 0 0
122 2 0.06108378246426582 0 0
123 2 0.061604615300893784 0 0
124 2 0.062125448137521744 0 0
125 2 0.0626462772488594 0 0
126 2 0.06316711753606796 0 0
127 2 0.06368795037269592 0 0
128 2 0.06420878320932388 0 0
129 2 0.06472961604595184 0 0
130 2 0.0652504488825798 0 0
131 2 0.06577128171920776 0 0
132 2 0.06629211455583572 0 0
133 2 0.06681294739246368 0 0
134 2 0.06733378022909164 0 0
135 2 0.0678546130657196 0 0
136 2 0.06837544590234756 0 0
137 2 0.06889627873897552 0 0
138 2 0.06941711157560349 0 0
139 2 0.06993794441223145 0 0
140 2 0.0704587772488594 0 0
141 2 0.07097961753606796 0 0
142 2 0.07150045037269592 0 0
143 2 0.07202128320932388 0 0
144 2 0.07254211604595184 0 0
145 2 0.0730629488825798 0 0
146 2 0.07358378171920776 0 0
147 2 0.07410461455583572 0 0
148 2 0.07462544739246368 0 0
149 2 0.07514628022909164 0 0
150 2 0.0756671130657196 0 0
151 2 0.07618794590234756 0 0
152 2 0.07670877873897552 0 0
153 2 0.07722961157560349 0 0
154 2 0.07775044441223145 0 0
155 2 0.0782712772488594 0 0
156 2 0.07879211753606796 0 0
157 2 0.07931295037269592 0 0
158 2 0.07983378320932388 0 0
159 2 0.08035461604595184 0 0
160 2 0.0808754488825798 0 0
161 2 0.08139628171920776 0 0
162 2 0.08191711455583572 0 0
163 2 0.08243794739246368 0 0
164 2 0.08295878022909164 0 0
165 2 0.0834796130657196 0 0
166 2 0.08400044590234756 0 0
167 2 0.08452127873897552 0 0
168 2 0.08504211157560349 0 0
169 2 0.08556294441223145 0 0
170 2 0.0860837772488594 0 0
171 2 0.08660461753606796 0 0
172 2 0.08712545037269592 0 0
173 2 0.08764628320932388 0 0
174 2 0.08816711604595184 0 0
175 2 0.0886879488825798 0 0
176 2 0.08920878171920776 0 0
177 2 0.08972961455583572 0 0
178 2 0.09025044739246368 0 0
179 0 0.09077128022909164 0 0
180 0 0.09128066897392273 0 0
181 0 0.09177861362695694 0 0
182 1 0.09226511418819427 0 0
183 1 0.09273254126310349 0 0
184 1 0.0931847095489502 0 0
185 1 0.0936216190457344 0 0
186 1 0.09404327720403671 0 0
187 1 0.09444966912269592 0 0
188 1 0.09484080225229263 0 0
189 1 0.09521667659282684 0 0
190 1 0.09557729214429855 0 0
191 1 0.09580806642770767 0 0
192 1 0.09613816440105438 0 0
193 1 0.09645300358533859 0 0
194 1 0.0967525839805603 0 0
195 17 0.09703690558671951 0 0
196 17 0.09730596840381622 0 0
197 17 0.09755977988243103 0 0
198 17 0.09779832512140274 0 0
199 17 0.09802161157131195 0 0
200 17 0.09822963923215866 0 0
201 17 0.09842240810394287 0 0
202 17 0.09859991818666458 0 0
203 17 0.09876216948032379 0 0
204 17 0.09859178215265274 0 0
205 17 0.09841375797986984 0 0
206 17 0.09822811186313629 0 0
207 17 0.09803483635187149 0 0
208 17 0.09783392399549484 0 0
209 17 0.09762538969516754 0 0
210 17 0.09740922600030899 0 0
211 17 0.09718542546033859 0 0
212 17 0.09695400297641754 0 0
213 17 0.09671495109796524 0 0
214 17 0.09646826237440109 0 0
215 17 0.09621395170688629 0 0
216 17 0.09595201164484024 0 0
217 17 0.09568243473768234 0 0
218 17 0.09540523588657379 0 0
219 17 0.09512040764093399 0 0
220 17 0.09482794255018234 0 0
221 17 0.09452785551548004 0 0
222 17 0.09422013908624649 0 0
223 17 0.09390478581190109 0 0
224 17 0.09358181059360504 0 0
225 17 0.09325120598077774 0 0
226 17 0.09291296452283859 0 0
227 17 0.09256710112094879 0 0
228 17 0.09221360832452774 0 0
229 17 0.09185247868299484 0 0
230 17 0.09148372709751129 0 0
231 17 0.09110734611749649 0 0
232 17 0.09083537012338638 0 0
233 17 0.09043864160776138 0 0
234 17 0.09003173559904099 0 0
235 17 0.08961466699838638 0 0
236 17 0.08918742090463638 0 0
237 17 0.08874999731779099 0 0
238 17 0.08830241113901138 0 0
239 16 0.08784464746713638 0 0
240 16 0.08739832788705826 0 0
241 0 0.08696345239877701 0 0
242 0 0.08654002100229263 0 0
243 1 0.08612803369760513 0 0
244 1 0.08570586889982224 0 0
245 1 0.08527354151010513 0 0
246 1 0.08483103662729263 0 0
247 17 0.08437835425138474 0 0
248 17 0.08391550928354263 0 0
249 17 0.08344248682260513 0 0
250 17 0.08295928686857224 0 0
251 17 0.08246592432260513 0 0
252 17 0.08196238428354263 0 0
253 17 0.08144866675138474 0 0
254 17 0.08092478662729263 0 0
255 17 0.08040395379066467 0 0
256 1 0.07988312095403671 0 0
257 1 0.07936228066682816 0 0
258 1 0.0788414478302002 0 0
259 1 0.07843770831823349 0 0
260 1 0.0783231258392334 0 0
261 0 0.0783231258392334 0 0
262 0 0.07815654575824738 0 0
263 0 0.07800141721963882 0 0
264 0 0.07785773277282715 0 0
265 0 0.07772548496723175 0 0
266 0 0.07760468870401382 0 0
267 0 0.07749533653259277 0 0
268 0 0.077397421002388 0 0
269 0 0.0773109570145607 0 0
270 0 0.07723593711853027 0 0
271 0 0.07723593711853027 0 0
272 0 0.07723593711853027 0 0
273 1 0.07723593711853027 0 0
274 1 0.07706554234027863 0 0
275 1 0.07688752561807632 0 0
276 1 0.07670187950134277 0 0
277 1 0.07650859653949738 0 0
278 1 0.07630769163370132 0 0
279 1 0.07609915733337402 0 0
280 1 0.07588298618793488 0 0
281 1 0.07565919309854507 0 0
282 1 0.07542777061462402 0 0
283 0 0.07518871128559113 0 0
284 0 0.0749611034989357 0 0
285 0 0.07474493980407715 0 0
286 0 0.07454021275043488 0 0
287 0 0.07434693723917007 0 0
288 0 0.07416510581970215 0 0
289 1 0.0739947110414505 0 0
290 1 0.0738166943192482 0 0
291 0 0.07363104820251465 0 0
292 0 0.07345683872699738 0 0
293 1 0.07329408079385757 0 0
294 1 0.07312369346618652 0 0
295 0 0.07294566929340363 0 0
296 0 0.0727790966629982 0 0
297 1 0.07262396812438965 0 0
298 1 0.072453573346138 0 0
299 0 0.0722755566239357 0 0
300 0 0.07210898399353027 0 0
301 0 0.07195384800434113 0 0
302 1 0.07195384800434113 0 0
303 0 0.07178346067667007 0 0
304 0 0.0716245174407959 0 0
305 0 0.0716245174407959 0 0
306 0 0.0716245174407959 0 0
307 0 0.0716245174407959 0 0
308 0 0.0716245174407959 0 0
309 0 0.0716245174407959 0 0
310 2 0.0716245174407959 0 0
311 2 0.07179490476846695 0 0
312 2 0.07197292149066925 0 0
313 2 0.0721585750579834 0 0
314 2 0.0723518505692482 0 0
315 2 0.07255275547504425 0 0
316 2 0.07276129722595215 0 0
317 2 0.0729774609208107 0 0
318 2 0.0732012540102005 0 0
319 2 0.07343268394470215 0 0
320 2 0.07367173582315445 0 0
321 2 0.073918417096138 0 0
322 2 0.0741727352142334 0 0
323 2 0.07443467527627945 0 0
324 2 0.07470424473285675 0 0
325 2 0.0749814510345459 0 0
326 2 0.0752662792801857 0 0
327 2 0.07555873692035675 0 0
328 2 0.07585883140563965 0 0
329 2 0.0761665478348732 0 0
330 2 0.076481893658638 0 0
331 18 0.07680487632751465 0 0
332 18 0.07713548094034195 0 0
333 18 0.0774737149477005 0 0
334 18 0.0778195858001709 0 0
335 18 0.07817307859659195 0 0
336 18 0.07853420078754425 0 0
337 18 0.0789029598236084 0 0
338 18 0.0792793408036232 0 0
339 18 0.07978048175573349 0 0
340 18 0.08017721027135849 0 0
341 18 0.08058411628007889 0 0
342 18 0.08100118488073349 0 0
343 18 0.08142843097448349 0 0
344 18 0.08186585456132889 0 0
345 18 0.08231344074010849 0 0
346 18 0.08277120441198349 0 0
347 18 0.08323914557695389 0 0
348 18 0.08371724933385849 0 0
349 18 0.08420553058385849 0 0
350 18 0.08470398932695389 0 0
351 18 0.08521261066198349 0 0
352 18 0.08573140949010849 0 0
353 18 0.08626038581132889 0 0
354 18 0.08678121864795685 0 0
355 18 0.08730205148458481 0 0
356 18 0.08782288432121277 0 0
357 18 0.08834371715784073 0 0
358 18 0.08886454999446869 0 0
359 18 0.08938538283109665 0 0
360 18 0.08990621566772461 0 0
361 18 0.09042704850435257 0 0
362 18 0.09094788134098053 0 0
363 18 0.09146871417760849 0 0
364 18 0.09198954701423645 0 0
365 18 0.09251037985086441 0 0
366 18 0.09303121268749237 0 0
367 18 0.09355204552412033 0 0
368 18 0.09407288581132889 0 0
369 18 0.09459371864795685 0 0
370 18 0.09511455148458481 0 0
371 18 0.09563538432121277 0 0
372 18 0.09615621715784073 0 0
373 18 0.09667704999446869 0 0
374 18 0.09719788283109665 0 0
375 18 0.09771871566772461 0 0
376 18 0.09823954850435257 0 0
377 18 0.09876038134098053 0 0
378 18 0.09928121417760849 0 0
379 18 0.09980204701423645 0 0
380 18 0.10032287985086441 0 0
381 18 0.10084371268749237 0 0
382 18 0.10136454552412033 0 0
383 18 0.10188538581132889 0 0
384 18 0.10240621864795685 0 0
385 18 0.10292705148458481 0 0
386 18 0.10344788432121277 0 0
387 18 0.10396871715784073 0 0
388 18 0.10448954999446869 0 0
389 18 0.10501037538051605 0 0
390 18 0.10553120821714401 0 0
391 18 0.10605204105377197 0 0
392 18 0.10657287389039993 0 0
393 18 0.1070937067270279 0 0
394 18 0.10761453956365585 0 0
395 18 0.10813537240028381 0 0
396 18 0.10822896659374237 0 0
397 18 0.10822896659374237 0 0
398 18 0.10822896659374237 0 0
399 18 0.10822896659374237 0 0
400 18 0.10822896659374237 0 0
401 18 0.10874979943037033 0 0
402 18 0.10927063226699829 0 0
403 18 0.10979146510362625 0 0
404 18 0.11031229794025421 0 0
405 18 0.11083313077688217 0 0
406 18 0.11135396361351013 0 0
407 18 0.11187479645013809 0 0
408 18 0.11239562928676605 0 0
409 18 0.11291646212339401 0 0
410 18 0.11343729496002197 0 0
411 18 0.11395812779664993 0 0
412 18 0.1144789606332779 0 0
413 18 0.11499979346990585 0 0
414 18 0.11552062630653381 0 0
415 18 0.11604146659374237 0 0
416 18 0.11656229943037033 0 0
417 18 0.11708313226699829 0 0
418 18 0.11760396510362625 0 0
419 18 0.11812479794025421 0 0
420 18 0.11864563077688217 0 0
421 18 0.11916646361351013 0 0
422 18 0.11968729645013809 0 0
423 18 0.12020812928676605 0 0
424 18 0.12072896212339401 0 0
425 18 0.12124979496002197 0 0
426 18 0.12177062779664993 0 0
427 18 0.12228796631097794 0 0
428 18 0.12279795110225677 0 0
429 18 0.12330078333616257 0 0
430 18 0.12379664182662964 0 0
431 2 0.12428571283817291 0 0
432 2 0.12476816773414612 0 0
433 2 0.12524418532848358 0 0
434 2 0.12571391463279724 0 0
435 0 0.12617750465869904 0 0
436 0 0.12662582099437714 0 0
437 0 0.12705914676189423 0 0
438 0 0.12747777998447418 0 0
439 0 0.1278820037841797 0 0
440 0 0.12827211618423462 0 0
441 0 0.12864840030670166 0 0
442 0 0.1290111243724823 0 0
443 0 0.12936057150363922 0 0
444 0 0.12969698011875153 0 0
445 0 0.1300206482410431 0 0
446 0 0.13033181428909302 0 0
447 0 0.1306307166814804 0 0
448 0 0.13091762363910675 0 0
449 0 0.13080304861068726 0 1
449 0 0.13080304861068726 0 1
