data/levels/bonus1/abednego-level3.stl
1 16 0.012072917073965073 0 0
2 16 0.012072917073965073 0 0
3 16 0.012072917073965073 0 0
4 16 0.012072917073965073 0 0
5 16 0.012072917073965073 0 0
6 16 0.012072917073965073 0 0
7 16 0.012072917073965073 0 0
8 16 0.012072917073965073 0 0
9 16 0.012072917073965073 0 0
10 16 0.012072917073965073 0 0
11 0 0.012072917073965073 0 0
12 0 0.012072917073965073 0 0
13 0 0.012072917073965073 0 0
14 0 0.012072917073965073 0 0
15 0 0.012072917073965073 0 0
16 0 0.012072917073965073 0 0
17 0 0.012072917073965073 0 0
18 0 0.012072917073965073 0 0
19 2 0.012072917073965073 0 0
20 2 0.012243306264281273 0 0
21 2 0.012421325780451298 0 0
22 2 0.012606974691152573 0 0
23 2 0.012800252065062523 0 0
24 2 0.013001159764826298 0 0
25 2 0.013209696859121323 0 0
26 2 0.013425862416625023 0 0
27 2 0.013649657368659973 0 0
28 2 0.013881082646548748 0 0
29 2 0.014120137318968773 0 0
30 2 0.014366820454597473 0 0
31 2 0.014621133916079998 0 0
32 2 0.014883076772093773 0 0
33 2 0.015152648091316223 0 0
34 2 0.015429849736392498 0 0
35 2 0.015714680776000023 0 0
36 2 0.016007140278816223 0 0
37 2 0.016307229176163673 0 0
38 2 0.016614949330687523 0 0
39 2 0.016930297017097473 0 0
40 2 0.017253274098038673 0 0
41 2 0.017583882436156273 0 0
42 2 0.017922118306159973 0 0
43 2 0.018267983570694923 0 0
44 2 0.018621480092406273 0 0
45 2 0.018982604146003723 0 0
46 2 0.019351357594132423 0 0
47 2 0.019727742299437523 0 0
48 2 0.020228881388902664 0 0
49 2 0.020625609904527664 0 0
50 2 0.021032512187957764 0 0
51 2 0.021449584513902664 0 0
52 2 0.02156229130923748 0 0
53 2 0.02156229130923748 0 0
54 2 0.02156229130923748 0 0
55 2 0.02202005498111248 0 0
56 2 0.02248799242079258 0 0
57 2 0.02296609990298748 0 0
58 2 0.02345438115298748 0 0
59 2 0.02395283617079258 0 0
60 2 0.02446146123111248 0 0
61 2 0.02498025819659233 0 0
62 2 0.02550923079252243 0 0
63 2 0.02603006362915039 0 0
64 2 0.02655089646577835 0 0
65 2 0.02707173116505146 0 0
66 2 0.02759256400167942 0 0
67 2 0.02811339683830738 0 0
68 2 0.02863422967493534 0 0
69 2 0.02915506437420845 0 0
70 2 0.02967589721083641 0 0
71 2 0.03019673004746437 0 0
72 2 0.03071756288409233 0 0
73 2 0.03123839758336544 0 0
74 2 0.03175922855734825 0 0
75 2 0.03228006511926651 0 0
76 2 0.03280089795589447 0 0
77 2 0.03332173079252243 0 0
78 2 0.03384256362915039 0 0
79 2 0.03436339646577835 0 0
80 2 0.03488422930240631 0 0
81 2 0.03540506213903427 0 0
82 2 0.03592589870095253 0 0
83 2 0.03644673153758049 0 0
84 2 0.03696756437420845 0 0
85 2 0.03748839721083641 0 0
86 2 0.03800923004746437 0 0
87 2 0.03853006288409233 0 0
88 2 0.03905089572072029 0 0
89 2 0.03957172855734825 0 0
90 2 0.04009256511926651 0 0
91 2 0.04061339795589447 0 0
92 2 0.04113423079252243 0 0
93 2 0.04165506362915039 0 0
94 2 0.04217589646577835 0 0
95 2 0.04269672930240631 0 0
96 2 0.04321756213903427 0 0
97 2 0.04373839870095253 0 0
98 2 0.04425923153758049 0 0
99 2 0.04478006437420845 0 0
100 2 0.04530089721083641 0 0
101 2 0.04582173004746437 0 0
102 2 0.04634256288409233 0 0
103 2 0.04686339572072029 0 0
104 2 0.04738422855734825 0 0
105 2 0.04790506511926651 0 0
106 2 0.04842589795589447 0 0
107 18 0.04894673079252243 0 0
108 18 0.04946756362915039 0 0
109 18 0.04998839646577835 0 0
110 18 0.05050922930240631 0 0
111 18 0.05103006213903427 0 0
112 18 0.05155089870095253 0 0
113 18 0.05207173153758049 0 0
114 18 0.05259256437420845 0 0
115 18 0.05311339721083641 0 0
116 18 0.05363423004746437 0 0
117 18 0.05415506288409233 0 0
118 18 0.05467589572072029 0 0
119 18 0.05519672855734825 0 0
120 2 0.05571756511926651 0 0
121 2 0.05623839795589447 0 0
122 2 0.05675923079252243 0 0
123 2 0.05728006362915039 0 0
124 2 0.05780089646577835 0 0
125 2 0.05832172930240631 0 0
126 2 0.05884256213903427 0 0
127 2 0.05936339870095253 0 0
128 2 0.05988423153758049 0 0
129 2 0.06040506437420845 0 0
130 2 0.06092589721083641 0 0
131 2 0.06144673004746437 0 0
132 2 0.06196756288409233 0 0
133 2 0.06248839572072029 0 0
134 2 0.06300923228263855 0 0
135 2 0.06353006511926651 0 0
136 2 0.06405089795589447 0 0
137 2 0.06457173079252243 0 0
138 2 0.06509256362915039 0 0
139 2 0.06561339646577835 0 0
140 2 0.06613422930240631 0 0
141 2 0.06665506213903427 0 0
142 0 0.06717589497566223 0 0
143 0 0.06768528372049332 0 0
144 0 0.06818322837352753 0 0
145 0 0.06866972893476486 0 0
146 0 0.06914479285478592 0 0
147 0 0.0696084052324295 0 0
148 0 0.07006057351827621 0 0
149 0 0.07050129771232605 0 0
150 1 0.07093057781457901 0 0
151 1 0.07134459912776947 0 0
152 1 0.07174336165189743 0 0
153 1 0.07212686538696289 0 0
154 1 0.07249511033296585 0 0
155 1 0.07273351401090622 0 0
156 1 0.07307124137878418 0 0
157 1 0.07339370995759964 0 0
158 1 0.0737009197473526 0 0
159 1 0.07399287074804306 0 0
160 1 0.07426956295967102 0 0
161 1 0.07453099638223648 0 0
162 1 0.07477717101573944 0 0
163 1 0.0750080868601799 0 0
164 1 0.07522374391555786 0 0
165 0 0.07542414218187332 0 0
166 0 0.0756130963563919 0 0
167 0 0.07579060643911362 0 0
168 0 0.07595667243003845 0 0
169 0 0.07611129432916641 0 0
170 0 0.07611129432916641 0 0
171 2 0.07611129432916641 0 0
172 2 0.07628168910741806 0 0
173 2 0.07645970582962036 0 0
174 2 0.07664535194635391 0 0
175 2 0.07683863490819931 0 0
176 2 0.07703953981399536 0 0
177 2 0.07724807411432266 0 0
178 18 0.07746424525976181 0 0
179 18 0.07768803834915161 0 0
180 18 0.07791946083307266 0 0
181 18 0.07815852016210556 0 0
182 18 0.07840520143508911 0 0
183 18 0.07865951210260391 0 0
184 18 0.07892145961523056 0 0
185 18 0.07919102907180786 0 0
186 18 0.07946822792291641 0 0
187 18 0.07975306361913681 0 0
188 18 0.08004552125930786 0 0
189 18 0.08034560829401016 0 0
190 18 0.08065333217382431 0 0
191 18 0.08096867799758911 0 0
192 18 0.08129165321588516 0 0
193 18 0.08162226527929306 0 0
194 18 0.08167687803506851 0 0
195 18 0.08167687803506851 0 0
196 18 0.08167687803506851 0 0
197 18 0.08167687803506851 0 0
198 18 0.08167687803506851 0 0
199 18 0.08167687803506851 0 0
200 18 0.08167687803506851 0 0
201 18 0.08167687803506851 0 0
202 18 0.08167687803506851 0 0
203 18 0.08167687803506851 0 0
204 18 0.08188541233539581 0 0
205 18 0.08210158348083496 0 0
206 18 0.08232537657022476 0 0
207 18 0.08255679905414581 0 0
208 18 0.08279585838317871 0 0
209 18 0.08304253965616226 0 0
210 18 0.08329685032367706 0 0
211 18 0.08355879783630371 0 0
212 18 0.08382836729288101 0 0
213 18 0.08410556614398956 0 0
214 18 0.08439040184020996 0 0
215 0 0.08468285948038101 0 0
216 0 0.08496387302875519 0 0
217 0 0.08523344993591309 0 0
218 0 0.08549157530069351 0 0
219 0 0.08573825657367706 0 0
220 0 0.08597350120544434 0 0
221 1 0.08619729429483414 0 0
222 1 0.08640582859516144 0 0
223 1 0.08659911155700684 0 0
224 1 0.08677712827920914 0 0
225 1 0.08693988621234894 0 0
226 1 0.08708739280700684 0 0
227 1 0.08691699802875519 0 0
228 1 0.08673898130655289 0 0
229 1 0.08655333518981934 0 0
230 1 0.08636005222797394 0 0
231 1 0.08615914732217789 0 0
232 1 0.08595061302185059 0 0
233 1 0.08573444187641144 0 0
234 1 0.08551064878702164 0 0
235 1 0.08527922630310059 0 0
236 1 0.08504016697406769 0 0
237 1 0.08479348570108414 0 0
238 17 0.08453917503356934 0 0
239 17 0.08427722752094269 0 0
240 17 0.08400765806436539 0 0
241 17 0.08373045921325684 0 0
242 17 0.08344562351703644 0 0
243 17 0.08315316587686539 0 0
244 17 0.08285307884216309 0 0
245 17 0.08254535496234894 0 0
246 17 0.08223000913858414 0 0
247 17 0.08190703392028809 0 0
248 17 0.08157642185688019 0 0
249 17 0.08123818784952164 0 0
250 17 0.08089232444763184 0 0
251 17 0.08053882420063019 0 0
252 17 0.08017770200967789 0 0
253 17 0.07980895042419434 0 0
254 17 0.07943256199359894 0 0
255 17 0.07916058599948883 0 0
256 17 0.07876385748386383 0 0
257 0 0.07835695892572403 0 0
258 0 0.0779615044593811 0 0
259 0 0.07757748663425446 0 0
260 0 0.07720492035150528 0 0
261 0 0.07672921568155289 0 0
262 0 0.07637953758239746 0 0
263 0 0.07604129612445831 0 0
264 0 0.07571450620889664 0 0
265 0 0.07539916038513184 0 0
266 0 0.07509525120258331 0 0
267 0 0.07480279356241226 0 0
268 0 0.07452178001403809 0 0
269 2 0.07425220310688019 0 0
270 2 0.07399789243936539 0 0
271 2 0.07375884056091309 0 0
272 2 0.07353504002094269 0 0
273 2 0.07332650572061539 0 0
274 2 0.07313323020935059 0 0
275 2 0.07295520603656769 0 0
276 2 0.07279244810342789 0 0
277 2 0.07264494895935059 0 0
278 2 0.07281533628702164 0 0
279 2 0.07299335300922394 0 0
280 2 0.07317900657653809 0 0
281 2 0.07337228208780289 0 0
282 2 0.07357318699359894 0 0
283 18 0.07378172874450684 0 0
284 18 0.07399789243936539 0 0
285 18 0.07422168552875519 0 0
286 18 0.07445311546325684 0 0
287 18 0.07469216734170914 0 0
288 18 0.07493884861469269 0 0
289 18 0.07519316673278809 0 0
290 18 0.07545510679483414 0 0
291 18 0.07572467625141144 0 0
292 18 0.07600188255310059 0 0
293 18 0.07628671079874039 0 0
294 18 0.07657916843891144 0 0
295 18 0.07687926292419434 0 0
296 18 0.07718697935342789 0 0
297 18 0.07750232517719269 0 0
298 18 0.07782530784606934 0 0
299 18 0.07815591245889664 0 0
300 18 0.07849414646625519 0 0
301 18 0.07884001731872559 0 0
302 18 0.07919351011514664 0 0
303 18 0.07955463230609894 0 0
304 18 0.07992339134216309 0 0
305 18 0.08029977232217789 0 0
306 18 0.08080090582370758 0 0
307 0 0.08119763433933258 0 0
308 0 0.0815829187631607 0 0
309 0 0.08195675909519196 0 0
310 0 0.08220458030700684 0 0
311 0 0.08255553245544434 0 0
312 0 0.08289504051208496 0 0
313 0 0.08322310447692871 0 0
314 0 0.08353972434997559 0 0
315 0 0.08384490013122559 0 0
316 0 0.08413863182067871 0 0
317 2 0.08442091941833496 0 0
318 2 0.08471083641052246 0 0
319 2 0.08500838279724121 0 0
320 2 0.08531355857849121 0 0
321 2 0.08562636375427246 0 0
322 2 0.08594679832458496 0 0
323 2 0.08627486228942871 0 0
324 2 0.08661055564880371 0 0
325 2 0.08695387840270996 0 0
326 2 0.08730483055114746 0 0
327 2 0.08766341209411621 0 0
328 2 0.08802962303161621 0 0
329 2 0.08840346336364746 0 0
330 2 0.08878493309020996 0 0
331 2 0.08929115533828735 0 0
332 2 0.08969296514987946 0 0
333 2 0.09010495245456696 0 0
334 18 0.09052711725234985 0 0
335 18 0.09095944464206696 0 0
336 18 0.09140194952487946 0 0
337 18 0.09185463190078735 0 0
338 18 0.09231747686862946 0 0
339 18 0.09279049932956696 0 0
340 18 0.09327369928359985 0 0
341 18 0.09376706182956696 0 0
342 18 0.09427060186862946 0 0
343 18 0.09478431940078735 0 0
344 18 0.09530819952487946 0 0
345 18 0.09582903236150742 0 0
346 18 0.09634986519813538 0 0
347 18 0.09687070548534393 0 0
348 18 0.0973915383219719 0 0
349 18 0.09791237115859985 0 0
350 18 0.09843320399522781 0 0
351 18 0.09895403683185577 0 0
352 18 0.09947486966848373 0 0
353 18 0.0999957025051117 0 0
354 18 0.10051653534173965 0 0
355 18 0.10103736817836761 0 0
356 18 0.10155820101499557 0 0
357 18 0.10207903385162354 0 0
358 18 0.1025998666882515 0 0
359 18 0.10312069952487946 0 0
360 18 0.10364153236150742 0 0
361 18 0.10416236519813538 0 0
362 18 0.10510437190532684 0 0
363 18 0.1056252047419548 0 0
364 18 0.10614603757858276 0 0
365 18 0.10666687041521072 0 0
366 18 0.10718770325183868 0 0
367 2 0.10770853608846664 0 0
368 2 0.1082293689250946 0 0
369 2 0.10875020176172256 0 0
370 2 0.10927103459835052 0 0
371 0 0.10979186743497849 0 0
372 0 0.11030125617980957 0 0
373 0 0.11079920083284378 0 0
374 0 0.11128570884466171 0 0
375 0 0.11176076531410217 0 0
376 0 0.11222437769174576 0 0
377 0 0.11267654597759247 0 0
378 0 0.1131172701716423 0 0
379 0 0.11354655027389526 0 0
380 0 0.11396438628435135 0 0
381 0 0.11437077820301056 0 0
382 0 0.1147657260298729 0 0
383 2 0.11514922976493835 0 0
384 2 0.11554291099309921 0 0
385 2 0.11594675481319427 0 0
386 2 0.11636077612638474 0 0
387 2 0.1167849749326706 0 0
388 2 0.11721933633089066 0 0
389 2 0.11766388267278671 0 0
390 2 0.11811859160661697 0 0
391 2 0.11858347803354263 0 0
392 2 0.1190585345029831 0 0
393 18 0.11954376101493835 0 0
394 18 0.12003916501998901 0 0
395 18 0.12054473906755447 0 0
396 18 0.12106048315763474 0 0
397 18 0.1215864047408104 0 0
398 18 0.12210723757743835 0 0
399 18 0.12262807041406631 0 0
400 18 0.12314890325069427 0 0
401 18 0.12366973608732224 0 0
402 18 0.1241905689239502 0 0
403 18 0.12471140176057816 0 0
404 18 0.12523223459720612 0 0
405 18 0.12575307488441467 0 0
406 18 0.12627390027046204 0 0
407 18 0.1267947405576706 0 0
408 2 0.12731556594371796 0 0
409 2 0.1278364062309265 0 0
410 2 0.12835723161697388 0 0
411 2 0.12887807190418243 0 0
412 2 0.129398912191391 0 0
413 2 0.12991973757743835 0 0
414 2 0.1304405778646469 0 0
415 2 0.13096140325069427 0 0
416 0 0.13148224353790283 0 0
417 0 0.13199162483215332 0 0
418 0 0.13248957693576813 0 0
419 0 0.13297607004642487 0 0
420 0 0.13345113396644592 0 0
421 0 0.1339147388935089 0 0
422 0 0.13436691462993622 0 0
423 0 0.13480763137340546 0 0
424 0 0.135236918926239 0 0
425 0 0.13512234389781952 0 1
425 0 0.13512234389781952 0 1
