data/levels/world1/13 - Above the Arctic Skies.stl
1 16 0.012058190070092678 0 0
2 16 0.012058190070092678 0 0
3 16 0.012058190070092678 0 0
4 16 0.012058190070092678 0 0
5 0 0.012058190070092678 0 0
6 0 0.012058190070092678 0 0
7 0 0.012058190070092678 0 0
8 0 0.012058190070092678 0 0
9 0 0.012058190070092678 0 0
10 0 0.012058190070092678 0 0
11 0 0.012058190070092678 0 0
12 0 0.012058190070092678 0 0
13 0 0.012058190070092678 0 0
14 0 0.012058190070092678 0 0
15 0 0.012058190070092678 0 0
16 0 0.012058190070092678 0 0
17 0 0.012058190070092678 0 0
18 0 0.012058190070092678 0 0
19 0 0.012058190070092678 0 0
20 0 0.012058190070092678 0 0
21 0 0.012058190070092678 0 0
22 2 0.012058190070092678 0 0
23 2 0.012234454974532127 0 0
24 2 0.012418612837791443 0 0
25 2 0.012610663659870625 0 0
26 2 0.012810605578124523 0 0
27 2 0.013018441386520863 0 0
28 2 0.013234169222414494 0 0
29 2 0.013457789085805416 0 0
30 2 0.013689301908016205 0 0
31 2 0.01392870582640171 0 0
32 2 0.014176003634929657 0 0
33 2 0.014431193470954895 0 0
34 2 0.0146942762658 0 0
35 2 0.014965251088142395 0 0
36 2 0.015244118869304657 0 0
37 2 0.01553087867796421 0 0
38 2 0.015825530514121056 0 0
39 2 0.01612807624042034 0 0
40 2 0.01643851399421692 0 0
41 2 0.016756843775510788 0 0
42 2 0.01708306558430195 0 0
43 2 0.01741718128323555 0 0
44 2 0.017759189009666443 0 0
45 2 0.018109088763594627 0 0
46 2 0.018466880545020103 0 0
47 2 0.01883256435394287 0 0
48 2 0.01920614205300808 0 0
49 2 0.01958761177957058 0 0
50 2 0.01997697353363037 0 0
51 2 0.020495394244790077 0 0
52 2 0.02090580388903618 0 0
53 2 0.021326735615730286 0 0
54 2 0.021758191287517548 0 0
55 2 0.022200170904397964 0 0
56 2 0.022652672603726387 0 0
57 2 0.023115698248147964 0 0
58 2 0.023589245975017548 0 0
59 2 0.024073317646980286 0 0
60 2 0.02456791326403618 0 0
61 2 0.025073030963540077 0 0
62 2 0.02558867447078228 0 0
63 2 0.02611483819782734 0 0
64 2 0.026651527732610703 0 0
65 2 0.02719873934984207 0 0
66 2 0.027737531810998917 0 0
67 2 0.02827632427215576 0 0
68 2 0.028815118595957756 0 0
69 2 0.0293539110571146 0 0
70 2 0.029892703518271446 0 0
71 2 0.03043149784207344 0 0
72 2 0.030970290303230286 0 0
73 2 0.03150908276438713 0 0
74 2 0.032047875225543976 0 0
75 2 0.03258667141199112 0 0
76 18 0.033125463873147964 0 0
77 18 0.03366425633430481 0 0
78 18 0.034203048795461655 0 0
79 18 0.0347418412566185 0 0
80 18 0.035280633717775345 0 0
81 18 0.03581942990422249 0 0
82 18 0.036358222365379333 0 0
83 18 0.03689701482653618 0 0
84 18 0.037435807287693024 0 0
85 2 0.03797459974884987 0 0
86 2 0.038513392210006714 0 0
87 2 0.03905218839645386 0 0
88 0 0.0395909808576107 0 0
89 0 0.040117934346199036 0 0
90 2 0.04063304886221886 0 0
91 2 0.04115869104862213 0 0
92 0 0.041694849729537964 0 0
93 2 0.04221917688846588 0 0
94 0 0.04275402054190636 0 0
95 0 0.04327702894806862 0 0
96 0 0.04378819838166237 0 0
97 0 0.04428752884268761 0 0
98 0 0.04477502405643463 0 0
99 0 0.045250676572322845 0 0
100 0 0.04571449011564255 0 0
101 0 0.04616646468639374 0 0
102 0 0.046606604009866714 0 0
103 0 0.04703490063548088 0 0
104 2 0.047451362013816833 0 0
105 2 0.04787834361195564 0 0
106 2 0.04831584915518761 0 0
107 2 0.048763878643512726 0 0
108 2 0.049222432076931 0 0
109 2 0.04969150945544243 0 0
110 2 0.050171107053756714 0 0
111 2 0.05066123232245445 0 0
112 2 0.05116187781095505 0 0
113 2 0.0516730472445488 0 0
114 2 0.0521947406232357 0 0
115 2 0.052726954221725464 0 0
116 2 0.05326969549059868 0 0
117 2 0.053808487951755524 0 0
118 2 0.05434728041291237 0 0
119 2 0.054886072874069214 0 0
120 2 0.05542486906051636 0 0
121 2 0.0559636615216732 0 0
122 2 0.05650245398283005 0 0
123 2 0.05704124644398689 0 0
124 2 0.05758003890514374 0 0
125 2 0.05811883509159088 0 0
126 2 0.058657627552747726 0 0
127 2 0.05919642001390457 0 0
128 2 0.05973521247506142 0 0
129 2 0.06027400493621826 0 0
130 2 0.06081279739737511 0 0
131 2 0.06135159358382225 0 0
132 2 0.061890386044979095 0 0
133 2 0.06242917850613594 0 0
134 2 0.06296797096729279 0 0
135 2 0.06350676715373993 0 0
136 2 0.06404555588960648 0 0
137 2 0.06458435207605362 0 0
138 2 0.06512314081192017 0 0
139 2 0.06566193699836731 0 0
140 2 0.06620073318481445 0 0
141 2 0.066739521920681 0 0
142 2 0.06727831810712814 0 0
143 2 0.06781710684299469 0 0
144 2 0.06835590302944183 0 0
145 2 0.06889469176530838 0 0
146 2 0.06943348795175552 0 0
147 2 0.06997228413820267 0 0
148 18 0.07051107287406921 0 0
149 18 0.07104986906051636 0 0
150 18 0.0715886577963829 0 0
151 18 0.07212745398283005 0 0
152 18 0.07266625016927719 0 0
153 18 0.07320503890514374 0 0
154 18 0.07374383509159088 0 0
155 18 0.07428262382745743 0 0
156 18 0.07482142001390457 0 0
157 18 0.07536021620035172 0 0
158 18 0.07589900493621826 0 0
159 18 0.0764378011226654 0 0
160 18 0.07697658985853195 0 0
161 18 0.0775153860449791 0 0
162 18 0.07805417478084564 0 0
163 18 0.07859297096729279 0 0
164 18 0.07913176715373993 0 0
165 18 0.07967055588960648 0 0
166 2 0.08020935207605362 0 0
167 2 0.08074814081192017 0 0
168 2 0.08128693699836731 0 0
169 2 0.08182573318481445 0 0
170 2 0.082364521920681 0 0
171 2 0.08290331810712814 0 0
172 2 0.08344210684299469 0 0
173 2 0.08398090302944183 0 0
174 2 0.08451969176530838 0 0
175 2 0.08505848795175552 0 0
176 2 0.08559728413820267 0 0
177 2 0.08613607287406921 0 0
178 2 0.08667486906051636 0 0
179 2 0.0872136577963829 0 0
180 2 0.08775245398283005 0 0
181 2 0.08829125016927719 0 0
182 2 0.08883003890514374 0 0
183 2 0.08936883509159088 0 0
184 2 0.08990762382745743 0 0
185 2 0.09044642001390457 0 0
186 2 0.09098521620035172 0 0
187 2 0.09152400493621826 0 0
188 2 0.0920628011226654 0 0
189 2 0.09260158985853195 0 0
190 2 0.0931403860449791 0 0
191 2 0.09367917478084564 0 0
192 2 0.09421797096729279 0 0
193 2 0.09475676715373993 0 0
194 2 0.09529555588960648 0 0
195 2 0.09583435207605362 0 0
196 2 0.09637314081192017 0 0
197 2 0.09691193699836731 0 0
198 2 0.09745073318481445 0 0
199 2 0.097989521920681 0 0
200 2 0.09852831810712814 0 0
201 2 0.09906710684299469 0 0
202 2 0.09960590302944183 0 0
203 2 0.10014469176530838 0 0
204 2 0.10068348795175552 0 0
205 2 0.10122228413820267 0 0
206 2 0.10176107287406921 0 0
207 2 0.10229986906051636 0 0
208 18 0.1028386577963829 0 0
209 18 0.10337745398283005 0 0
210 18 0.10391625016927719 0 0
211 18 0.10445503890514374 0 0
212 18 0.10499383509159088 0 0
213 18 0.10553262382745743 0 0
214 18 0.10607142001390457 0 0
215 18 0.10661021620035172 0 0
216 18 0.10714900493621826 0 0
217 18 0.1076878011226654 0 0
218 2 0.10822658985853195 0 0
219 2 0.1087653860449791 0 0
220 2 0.10930417478084564 0 0
221 2 0.10984297096729279 0 0
222 2 0.11038176715373993 0 0
223 2 0.11092055588960648 0 0
224 2 0.11145935207605362 0 0
225 2 0.11199814081192017 0 0
226 2 0.11253693699836731 0 0
227 2 0.11307573318481445 0 0
228 2 0.113614521920681 0 0
229 2 0.11415331810712814 0 0
230 2 0.11469210684299469 0 0
231 2 0.11523090302944183 0 0
232 0 0.11576969176530838 0 0
233 0 0.11629664897918701 0 0
234 0 0.11681176722049713 0 0
235 2 0.11731503903865814 0 0
236 2 0.1178288459777832 0 0
237 2 0.11835316568613052 0 0
238 2 0.1188880130648613 0 0
239 2 0.11943338066339493 0 0
240 2 0.11997217684984207 0 0
241 2 0.12051097303628922 0 0
242 2 0.12104976177215576 0 0
243 2 0.1215885579586029 0 0
244 2 0.12212734669446945 0 0
245 2 0.1226661428809166 0 0
246 2 0.12320493161678314 0 0
247 2 0.12374372780323029 0 0
248 2 0.12428252398967743 0 0
249 2 0.12482131272554398 0 0
250 2 0.12536010146141052 0 0
251 2 0.12589889764785767 0 0
252 2 0.1264376938343048 0 0
253 2 0.12697649002075195 0 0
254 2 0.1275152862071991 0 0
255 2 0.12805406749248505 0 0
256 2 0.1285928636789322 0 0
257 2 0.12913165986537933 0 0
258 2 0.12967045605182648 0 0
259 2 0.13020925223827362 0 0
260 2 0.13074803352355957 0 0
261 2 0.1312868297100067 0 0
262 2 0.13182562589645386 0 0
263 2 0.132364422082901 0 0
264 2 0.13290321826934814 0 0
265 2 0.1334419995546341 0 0
266 2 0.13398079574108124 0 0
267 2 0.13451959192752838 0 0
268 2 0.13505838811397552 0 0
269 2 0.13559716939926147 0 0
270 2 0.13613596558570862 0 0
271 2 0.13667476177215576 0 0
272 2 0.1372135579586029 0 0
273 2 0.13775235414505005 0 0
274 2 0.138291135430336 0 0
275 2 0.13882993161678314 0 0
276 2 0.13936872780323029 0 0
277 2 0.13990752398967743 0 0
278 2 0.14044632017612457 0 0
279 2 0.14098510146141052 0 0
280 18 0.14152389764785767 0 0
281 18 0.1420626938343048 0 0
282 18 0.14260149002075195 0 0
283 18 0.1431402862071991 0 0
284 18 0.14367906749248505 0 0
285 18 0.1442178636789322 0 0
286 18 0.14475665986537933 0 0
287 18 0.14529545605182648 0 0
288 18 0.14583425223827362 0 0
289 18 0.14637303352355957 0 0
290 18 0.1469118297100067 0 0
291 18 0.14745062589645386 0 0
292 18 0.147989422082901 0 0
293 18 0.14852821826934814 0 0
294 18 0.1490669995546341 0 0
295 18 0.14960579574108124 0 0
296 18 0.15014459192752838 0 0
297 18 0.15068338811397552 0 0
298 18 0.15122216939926147 0 0
299 18 0.15176096558570862 0 0
300 18 0.15229976177215576 0 0
301 18 0.1528385579586029 0 0
302 18 0.15337735414505005 0 0
303 18 0.153916135430336 0 0
304 18 0.15445493161678314 0 0
305 18 0.15499372780323029 0 0
306 18 0.15553252398967743 0 0
307 18 0.15607132017612457 0 0
308 18 0.15661010146141052 0 0
309 18 0.15714889764785767 0 0
310 18 0.1576876938343048 0 0
311 18 0.15822649002075195 0 0
312 18 0.1587652862071991 0 0
313 18 0.15930406749248505 0 0
314 18 0.1598428636789322 0 0
315 18 0.16038165986537933 0 0
316 18 0.16092045605182648 0 0
317 18 0.16145925223827362 0 0
318 18 0.16199803352355957 0 0
319 18 0.1625368297100067 0 0
320 18 0.16307562589645386 0 0
321 18 0.163614422082901 0 0
322 18 0.16415321826934814 0 0
323 18 0.1646919995546341 0 0
324 18 0.16523079574108124 0 0
325 18 0.16576959192752838 0 0
326 18 0.16630838811397552 0 0
327 2 0.16684716939926147 0 0
328 2 0.16738596558570862 0 0
329 2 0.16792476177215576 0 0
330 2 0.1684635579586029 0 0
331 2 0.16900235414505005 0 0
332 2 0.169541135430336 0 0
333 2 0.17007993161678314 0 0
334 2 0.17061872780323029 0 0
335 2 0.17115752398967743 0 0
336 2 0.17169632017612457 0 0
337 2 0.17223510146141052 0 0
338 0 0.17277389764785767 0 0
339 0 0.1733008623123169 0 0
340 0 0.17381596565246582 0 0
341 0 0.17431925237178802 0 0
342 1 0.17481069266796112 0 0
343 1 0.17528633773326874 0 0
344 0 0.17574620246887207 0 0
345 0 0.1761942356824875 0 0
346 0 0.1766304224729538 0 0
347 0 0.1770547777414322 0 0
348 2 0.17746728658676147 0 0
349 2 0.1778903305530548 0 0
350 2 0.178323894739151 0 0
351 2 0.17876797914505005 0 0
352 18 0.17922258377075195 0 0
353 18 0.1796877086162567 0 0
354 18 0.18016336858272552 0 0
355 18 0.18063034117221832 0 0
356 18 0.18112704157829285 0 0
357 18 0.18163427710533142 0 0
358 18 0.18215201795101166 0 0
359 18 0.18268029391765594 0 0
360 18 0.1832190752029419 0 0
361 18 0.18375787138938904 0 0
362 2 0.18429666757583618 0 0
363 2 0.18483546376228333 0 0
364 2 0.18537425994873047 0 0
365 0 0.18591304123401642 0 0
366 0 0.18644000589847565 0 0
367 0 0.18695510923862457 0 0
368 0 0.18745839595794678 0 0
369 0 0.18794983625411987 0 0
370 1 0.18842943012714386 0 0
371 1 0.18889324367046356 0 0
372 1 0.18934127688407898 0 0
373 1 0.18977351486682892 0 0
374 1 0.19018997251987457 0 0
375 1 0.19059064984321594 0 0
376 1 0.19097554683685303 0 0
377 1 0.19122612476348877 0 0
378 1 0.1915794312953949 0 0
379 1 0.19191697239875793 0 0
380 1 0.1922387182712555 0 0
381 1 0.19254468381404877 0 0
382 1 0.19283486902713776 0 0
383 1 0.19310925900936127 0 0
384 1 0.1933678686618805 0 0
385 1 0.19361069798469543 0 0
386 1 0.1938377320766449 0 0
387 1 0.19404900074005127 0 0
388 1 0.19424445927143097 0 0
389 1 0.19442415237426758 0 0
390 1 0.1945880502462387 0 0
391 1 0.19441178441047668 0 0
392 1 0.19422762095928192 0 0
393 1 0.1940355747938156 0 0
394 1 0.19383563101291656 0 0
395 1 0.19362780451774597 0 0
396 1 0.19341206550598145 0 0
397 1 0.19318844377994537 0 0
398 1 0.19295693933963776 0 0
399 1 0.1927175372838974 0 0
400 1 0.1924702376127243 0 0
401 1 0.19221504032611847 0 0
402 1 0.1919519603252411 0 0
403 1 0.19168098270893097 0 0
404 1 0.1914021223783493 0 0
405 1 0.1911153644323349 0 0
406 1 0.19082070887088776 0 0
407 1 0.19051815569400787 0 0
408 1 0.19020771980285645 0 0
409 1 0.18988940119743347 0 0
410 2 0.18956317007541656 0 0
411 2 0.18925273418426514 0 0
412 2 0.188958078622818 0 0
413 2 0.18867921829223633 0 0
414 2 0.18841613829135895 0 0
415 2 0.18816883862018585 0 0
416 2 0.18793731927871704 0 0
417 2 0.1877215951681137 0 0
418 2 0.18752165138721466 0 0
419 2 0.1873374879360199 0 0
420 2 0.1871691197156906 0 0
421 2 0.1870165318250656 0 0
422 2 0.18719279766082764 0 0
423 2 0.1873769611120224 0 0
424 2 0.1875690072774887 0 0
425 2 0.18776895105838776 0 0
426 2 0.18797677755355835 0 0
427 2 0.18819251656532288 0 0
428 2 0.18841613829135895 0 0
429 2 0.18864764273166656 0 0
430 2 0.18888704478740692 0 0
431 2 0.18913434445858002 0 0
432 2 0.18938954174518585 0 0
433 2 0.18965262174606323 0 0
434 2 0.18992359936237335 0 0
435 2 0.19020245969295502 0 0
436 2 0.19048921763896942 0 0
437 2 0.19078387320041656 0 0
438 2 0.19108642637729645 0 0
439 18 0.19139686226844788 0 0
440 18 0.19171518087387085 0 0
441 18 0.19204141199588776 0 0
442 18 0.1923755258321762 0 0
443 18 0.1927175372838974 0 0
444 18 0.19306743144989014 0 0
445 18 0.1934252232313156 0 0
446 18 0.19379091262817383 0 0
447 18 0.1941644847393036 0 0
448 18 0.1945459544658661 0 0
449 18 0.19493532180786133 0 0
450 18 0.1954537332057953 0 0
451 18 0.19586414098739624 0 0
452 18 0.19628508388996124 0 0
453 18 0.1967165321111679 0 0
454 18 0.19715851545333862 0 0
455 18 0.1976110190153122 0 0
456 18 0.19807404279708862 0 0
457 18 0.1985475867986679 0 0
458 18 0.19903166592121124 0 0
459 18 0.19952625036239624 0 0
460 18 0.2000313699245453 0 0
461 2 0.2005470097064972 0 0
462 2 0.20107318460941315 0 0
463 2 0.20160986483097076 0 0
464 2 0.20215708017349243 0 0
465 2 0.20269587635993958 0 0
466 2 0.20323467254638672 0 0
467 2 0.20377345383167267 0 0
468 2 0.2043122500181198 0 0
469 2 0.20485104620456696 0 0
470 2 0.2053898423910141 0 0
471 2 0.20592863857746124 0 0
472 2 0.2064674198627472 0 1
0 0 0.2064674198627472 0 1
1 0 0.012058190070092678 0 0
2 0 0.012058190070092678 0 0
3 0 0.012058190070092678 0 0
4 0 0.012058190070092678 0 0
5 0 0.012058190070092678 0 0
6 0 0.012058190070092678 0 0
7 0 0.012058190070092678 0 0
8 0 0.012058190070092678 0 0
9 0 0.012058190070092678 0 0
10 0 0.012058190070092678 0 0
11 0 0.012058190070092678 0 0
12 0 0.012058190070092678 0 0
13 0 0.012058190070092678 0 0
14 0 0.012058190070092678 0 0
15 0 0.012058190070092678 0 0
16 0 0.012058190070092678 0 0
17 0 0.012058190070092678 0 0
18 2 0.012058190070092678 0 0
19 2 0.012234454974532127 0 0
20 2 0.012418612837791443 0 0
21 2 0.012610663659870625 0 0
22 2 0.012810605578124523 0 0
23 2 0.013018441386520863 0 0
24 2 0.013234169222414494 0 0
25 2 0.013457789085805416 0 0
26 2 0.013689301908016205 0 0
27 2 0.01392870582640171 0 0
28 2 0.014176003634929657 0 0
29 2 0.014431193470954895 0 0
30 2 0.0146942762658 0 0
31 2 0.014965251088142395 0 0
32 2 0.015244118869304657 0 0
33 2 0.01553087867796421 0 0
34 2 0.015825530514121056 0 0
35 2 0.01612807624042034 0 0
36 2 0.01643851399421692 0 0
37 2 0.016756843775510788 0 0
38 2 0.01708306558430195 0 0
39 2 0.01741718128323555 0 0
40 2 0.017759189009666443 0 0
41 2 0.018109088763594627 0 0
42 2 0.018466880545020103 0 0
43 2 0.01883256435394287 0 0
44 2 0.01920614205300808 0 0
45 2 0.01958761177957058 0 0
46 2 0.01997697353363037 0 0
47 2 0.020495394244790077 0 0
48 2 0.02090580388903618 0 0
49 2 0.021326735615730286 0 0
50 2 0.021758191287517548 0 0
51 2 0.022200170904397964 0 0
52 2 0.022652672603726387 0 0
53 2 0.023115698248147964 0 0
54 2 0.023589245975017548 0 0
55 2 0.024073317646980286 0 0
56 2 0.02456791326403618 0 0
57 2 0.025073030963540077 0 0
58 2 0.02558867447078228 0 0
59 2 0.02611483819782734 0 0
60 2 0.026651527732610703 0 0
61 2 0.02719873934984207 0 0
62 2 0.027737531810998917 0 0
63 2 0.02827632427215576 0 0
64 2 0.028815118595957756 0 0
65 2 0.0293539110571146 0 0
66 2 0.029892703518271446 0 0
67 2 0.03043149784207344 0 0
68 2 0.030970290303230286 0 0
69 2 0.03150908276438713 0 0
70 2 0.032047875225543976 0 0
71 18 0.03258667141199112 0 0
72 18 0.033125463873147964 0 0
73 18 0.03366425633430481 0 0
74 18 0.034203048795461655 0 0
75 18 0.0347418412566185 0 0
76 18 0.035280633717775345 0 0
77 18 0.03581942990422249 0 0
78 18 0.036358222365379333 0 0
79 18 0.03689701482653618 0 0
80 18 0.037435807287693024 0 0
81 18 0.03797459974884987 0 0
82 18 0.038513392210006714 0 0
83 18 0.03905218839645386 0 0
84 18 0.0395909808576107 0 0
85 2 0.04012977331876755 0 0
86 2 0.04066856577992439 0 0
87 2 0.04120735824108124 0 0
88 2 0.04174615442752838 0 0
89 2 0.042284946888685226 0 0
90 2 0.04282373934984207 0 0
91 2 0.04336253181099892 0 0
92 2 0.04390132427215576 0 0
93 2 0.04444011673331261 0 0
94 2 0.04497891291975975 0 0
95 2 0.045517705380916595 0 0
96 2 0.04605649784207344 0 0
97 2 0.046595290303230286 0 0
98 2 0.04713408276438713 0 0
99 2 0.047672875225543976 0 0
100 2 0.04821167141199112 0 0
101 2 0.048750463873147964 0 0
102 2 0.04928925633430481 0 0
103 2 0.049828048795461655 0 0
104 2 0.0503668412566185 0 0
105 2 0.050905633717775345 0 0
106 2 0.05144442990422249 0 0
107 2 0.051983222365379333 0 0
108 2 0.05252201482653618 0 0
109 2 0.053060807287693024 0 0
110 2 0.05359959974884987 0 0
111 2 0.054138392210006714 0 0
112 2 0.05467718839645386 0 0
113 2 0.0552159808576107 0 0
114 2 0.05575477331876755 0 0
115 2 0.05629356577992439 0 0
116 2 0.05683235824108124 0 0
117 2 0.05737115442752838 0 0
118 2 0.057909946888685226 0 0
119 2 0.05844873934984207 0 0
120 2 0.05898753181099892 0 0
121 2 0.05952632427215576 0 0
122 2 0.06006511673331261 0 0
123 2 0.06060391291975975 0 0
124 2 0.061142705380916595 0 0
125 2 0.06168149784207344 0 0
126 2 0.062220290303230286 0 0
127 2 0.06275908648967743 0 0
128 2 0.06329787522554398 0 0
129 2 0.06383667141199112 0 0
130 2 0.06437546014785767 0 0
131 2 0.06491425633430481 0 0
132 2 0.06545305252075195 0 0
133 2 0.0659918412566185 0 0
134 2 0.06653063744306564 0 0
135 2 0.06706942617893219 0 0
136 2 0.06760822236537933 0 0
137 2 0.06814701110124588 0 0
138 2 0.06868580728769302 0 0
139 2 0.06922460347414017 0 0
140 2 0.06976339221000671 0 0
141 2 0.07030218839645386 0 0
142 2 0.0708409771323204 0 0
143 18 0.07137977331876755 0 0
144 18 0.07191856950521469 0 0
145 18 0.07245735824108124 0 0
146 18 0.07299615442752838 0 0
147 18 0.07353494316339493 0 0
148 18 0.07407373934984207 0 0
149 18 0.07461253553628922 0 0
150 18 0.07515132427215576 0 0
151 18 0.0756901204586029 0 0
152 18 0.07622890919446945 0 0
153 18 0.0767677053809166 0 0
154 18 0.07730649411678314 0 0
155 18 0.07784529030323029 0 0
156 18 0.07838408648967743 0 0
157 18 0.07892287522554398 0 0
158 18 0.07946167141199112 0 0
159 18 0.08000046014785767 0 0
160 18 0.08053925633430481 0 0
161 18 0.08107805252075195 0 0
162 18 0.0816168412566185 0 0
163 18 0.08215563744306564 0 0
164 18 0.08269442617893219 0 0
165 2 0.08323322236537933 0 0
166 2 0.08377201110124588 0 0
167 2 0.08431080728769302 0 0
168 2 0.08484960347414017 0 0
169 2 0.08538839221000671 0 0
170 2 0.08592718839645386 0 0
171 2 0.0864659771323204 0 0
172 2 0.08700477331876755 0 0
173 2 0.08754356950521469 0 0
174 2 0.08808235824108124 0 0
175 2 0.08862115442752838 0 0
176 2 0.08915994316339493 0 0
177 2 0.08969873934984207 0 0
178 2 0.09023753553628922 0 0
179 2 0.09077632427215576 0 0
180 2 0.0913151204586029 0 0
181 2 0.09185390919446945 0 0
182 2 0.0923927053809166 0 0
183 2 0.09293149411678314 0 0
184 2 0.09347029030323029 0 0
185 2 0.09400908648967743 0 0
186 2 0.09454787522554398 0 0
187 2 0.09508667141199112 0 0
188 2 0.09562546014785767 0 0
189 2 0.09616425633430481 0 0
190 2 0.09670305252075195 0 0
191 2 0.0972418412566185 0 0
192 2 0.09778063744306564 0 0
193 2 0.09831942617893219 0 0
194 2 0.09885822236537933 0 0
195 2 0.09939701110124588 0 0
196 2 0.09993580728769302 0 0
197 2 0.10047460347414017 0 0
198 2 0.10101339221000671 0 0
199 2 0.10155218839645386 0 0
200 2 0.1020909771323204 0 0
201 18 0.10262977331876755 0 0
202 18 0.10316856950521469 0 0
203 18 0.10370735824108124 0 0
204 18 0.10424615442752838 0 0
205 18 0.10478494316339493 0 0
206 18 0.10532373934984207 0 0
207 18 0.10586253553628922 0 0
208 18 0.10640132427215576 0 0
209 18 0.1069401204586029 0 0
210 18 0.10747890919446945 0 0
211 18 0.1080177053809166 0 0
212 18 0.10855649411678314 0 0
213 18 0.10909529030323029 0 0
214 18 0.10963408648967743 0 0
215 2 0.11017287522554398 0 0
216 2 0.11071167141199112 0 0
217 2 0.11125046014785767 0 0
218 2 0.11178925633430481 0 0
219 2 0.11232805252075195 0 0
220 2 0.1128668412566185 0 0
221 2 0.11340563744306564 0 0
222 2 0.11394442617893219 0 0
223 2 0.11448322236537933 0 0
224 2 0.11502201110124588 0 0
225 2 0.11556080728769302 0 0
226 2 0.11609960347414017 0 0
227 2 0.11663839221000671 0 0
228 2 0.11717718839645386 0 0
229 2 0.1177159771323204 0 0
230 2 0.11825477331876755 0 0
231 2 0.11879356950521469 0 0
232 2 0.11933235824108124 0 0
233 2 0.11987115442752838 0 0
234 2 0.12040994316339493 0 0
235 2 0.12094873934984207 0 0
236 2 0.12148753553628922 0 0
237 2 0.12202632427215576 0 0
238 2 0.1225651204586029 0 0
239 2 0.12310390919446945 0 0
240 2 0.1236427053809166 0 0
241 2 0.12418149411678314 0 0
242 2 0.12472029030323029 0 0
243 2 0.12525908648967743 0 0
244 2 0.12579788267612457 0 0
245 2 0.12633666396141052 0 0
246 2 0.12687546014785767 0 0
247 2 0.1274142563343048 0 0
248 2 0.12795305252075195 0 0
249 2 0.1284918487071991 0 0
250 2 0.12903062999248505 0 0
251 2 0.1295694261789322 0 0
252 2 0.13010822236537933 0 0
253 2 0.13064701855182648 0 0
254 2 0.13118581473827362 0 0
255 2 0.13172459602355957 0 0
256 2 0.1322633922100067 0 0
257 2 0.13280218839645386 0 0
258 2 0.133340984582901 0 0
259 2 0.13387978076934814 0 0
260 2 0.1344185620546341 0 0
261 2 0.13495735824108124 0 0
262 2 0.13549615442752838 0 0
263 2 0.13603495061397552 0 0
264 2 0.13657373189926147 0 0
265 2 0.13711252808570862 0 0
266 2 0.13765132427215576 0 0
267 2 0.1381901204586029 0 0
268 2 0.13872891664505005 0 0
269 2 0.139267697930336 0 0
270 2 0.13980649411678314 0 0
271 2 0.14034529030323029 0 0
272 2 0.14088408648967743 0 0
273 2 0.14142288267612457 0 0
274 2 0.14196166396141052 0 0
275 2 0.14250046014785767 0 0
276 2 0.1430392563343048 0 0
277 2 0.14357805252075195 0 0
278 2 0.1441168487071991 0 0
279 2 0.14465562999248505 0 0
280 2 0.1451944261789322 0 0
281 2 0.14573322236537933 0 0
282 2 0.14627201855182648 0 0
283 2 0.14681081473827362 0 0
284 2 0.14734959602355957 0 0
285 2 0.1478883922100067 0 0
286 2 0.14842718839645386 0 0
287 2 0.148965984582901 0 0
288 2 0.14950478076934814 0 0
289 2 0.1500435620546341 0 0
290 2 0.15058235824108124 0 0
291 2 0.15112115442752838 0 0
292 2 0.15165995061397552 0 0
293 2 0.15219873189926147 0 0
294 2 0.15273752808570862 0 0
295 2 0.15327632427215576 0 0
296 2 0.1538151204586029 0 0
297 2 0.15435391664505005 0 0
298 2 0.154892697930336 0 0
299 2 0.15543149411678314 0 0
300 2 0.15597029030323029 0 0
301 2 0.15650908648967743 0 0
302 2 0.15704788267612457 0 0
303 2 0.15758666396141052 0 0
304 2 0.15812546014785767 0 0
305 2 0.1586642563343048 0 0
306 2 0.15920305252075195 0 0
307 2 0.1597418487071991 0 0
308 2 0.16028062999248505 0 0
309 2 0.1608194261789322 0 0
310 2 0.16135822236537933 0 0
311 2 0.16189701855182648 0 0
312 2 0.16243581473827362 0 0
313 2 0.16297459602355957 0 0
314 2 0.1635133922100067 0 0
315 2 0.16405218839645386 0 0
316 2 0.164590984582901 0 0
317 2 0.16512978076934814 0 0
318 2 0.1656685620546341 0 0
319 2 0.16620735824108124 0 0
320 2 0.16674615442752838 0 0
321 2 0.16728495061397552 0 0
322 2 0.16782373189926147 0 0
323 2 0.16836252808570862 0 0
324 2 0.16890132427215576 0 0
325 2 0.1694401204586029 0 0
326 2 0.16997891664505005 0 0
327 2 0.170517697930336 0 0
328 2 0.17105649411678314 0 0
329 2 0.17159529030323029 0 0
330 2 0.17213408648967743 0 0
331 2 0.17267288267612457 0 0
332 2 0.17321166396141052 0 0
333 2 0.17375046014785767 0 0
334 2 0.1742892563343048 0 0
335 2 0.17482805252075195 0 0
336 2 0.1753668487071991 0 0
337 2 0.17590562999248505 0 0
338 2 0.1764444261789322 0 0
339 2 0.17698322236537933 0 0
340 2 0.17752201855182648 0 0
341 2 0.17806081473827362 0 0
342 2 0.17859959602355957 0 0
343 2 0.1791383922100067 0 0
344 2 0.17967718839645386 0 0
345 2 0.180215984582901 0 0
346 2 0.18075478076934814 0 0
347 2 0.1812935620546341 0 0
348 2 0.18183235824108124 0 0
349 2 0.18237115442752838 0 0
350 2 0.18290995061397552 0 0
351 2 0.18344873189926147 0 0
352 2 0.18398752808570862 0 0
353 2 0.18452632427215576 0 0
354 2 0.1850651204586029 0 0
355 2 0.18560391664505005 0 0
356 2 0.186142697930336 0 0
357 2 0.18668149411678314 0 0
358 2 0.18722029030323029 0 0
359 2 0.18775908648967743 0 0
360 2 0.18829788267612457 0 0
361 2 0.18883666396141052 0 0
362 2 0.18937546014785767 0 0
363 2 0.1899142563343048 0 0
364 2 0.19045305252075195 0 0
365 2 0.1909918487071991 0 0
366 18 0.19153062999248505 0 0
367 18 0.1920694261789322 0 0
368 18 0.19260822236537933 0 0
369 18 0.19314701855182648 0 0
370 18 0.19368581473827362 0 0
371 18 0.19422459602355957 0 0
372 18 0.1947633922100067 0 0
373 18 0.19530218839645386 0 0
374 18 0.195840984582901 0 0
375 18 0.19637978076934814 0 0
376 18 0.1969185620546341 0 0
377 18 0.19745735824108124 0 0
378 18 0.19799615442752838 0 0
379 18 0.19853495061397552 0 0
380 18 0.19907373189926147 0 0
381 18 0.19961252808570862 0 0
382 18 0.20015132427215576 0 0
383 18 0.2006901204586029 0 0
384 18 0.20122891664505005 0 0
385 18 0.201767697930336 0 0
386 18 0.20230649411678314 0 0
387 18 0.20284529030323029 0 0
388 18 0.20338408648967743 0 0
389 18 0.20392288267612457 0 0
390 18 0.20446166396141052 0 0
391 18 0.20500046014785767 0 0
392 18 0.2055392563343048 0 0
393 18 0.20607805252075195 0 0
394 18 0.2066168487071991 0 0
395 18 0.20715562999248505 0 0
396 18 0.2076944261789322 0 0
397 18 0.20823322236537933 0 0
398 18 0.20877201855182648 0 0
399 18 0.20931081473827362 0 0
400 18 0.20984959602355957 0 1
400 18 0.20984959602355957 0 1
1 0 0.012058190070092678 0 0
2 0 0.012058190070092678 0 0
3 0 0.012058190070092678 0 0
4 0 0.012058190070092678 0 0
5 0 0.012058190070092678 0 0
6 0 0.012058190070092678 0 0
7 0 0.012058190070092678 0 0
8 0 0.012058190070092678 0 0
9 0 0.012058190070092678 0 0
10 0 0.012058190070092678 0 0
11 0 0.012058190070092678 0 0
12 0 0.012058190070092678 0 0
13 0 0.012058190070092678 0 0
14 0 0.012058190070092678 0 0
15 0 0.012058190070092678 0 0
16 0 0.012058190070092678 0 0
17 0 0.012058190070092678 0 0
18 0 0.012058190070092678 0 0
19 0 0.012058190070092678 0 0
20 0 0.012058190070092678 0 0
21 0 0.012058190070092678 0 0
22 0 0.012058190070092678 0 0
23 0 0.012058190070092678 0 0
24 0 0.012058190070092678 0 0
25 0 0.012058190070092678 0 0
26 0 0.012058190070092678 0 0
27 0 0.012058190070092678 0 0
28 0 0.012058190070092678 0 0
29 0 0.012058190070092678 0 0
30 0 0.012058190070092678 0 0
31 0 0.012058190070092678 0 0
32 2 0.012058190070092678 0 0
33 2 0.012234454974532127 0 0
34 2 0.012418612837791443 0 0
35 2 0.012610663659870625 0 0
36 2 0.012810605578124523 0 0
37 2 0.013018441386520863 0 0
38 2 0.013234169222414494 0 0
39 2 0.013457789085805416 0 0
40 2 0.013689301908016205 0 0
41 2 0.01392870582640171 0 0
42 2 0.014176003634929657 0 0
43 2 0.014431193470954895 0 0
44 2 0.0146942762658 0 0
45 2 0.014965251088142395 0 0
46 2 0.015244118869304657 0 0
47 2 0.01553087867796421 0 0
48 2 0.015825530514121056 0 0
49 2 0.01612807624042034 0 0
50 2 0.01643851399421692 0 0
51 2 0.016756843775510788 0 0
52 2 0.01708306558430195 0 0
53 2 0.01741718128323555 0 0
54 2 0.017759189009666443 0 0
55 2 0.018109088763594627 0 0
56 2 0.018466880545020103 0 0
57 2 0.01883256435394287 0 0
58 2 0.01920614205300808 0 0
59 2 0.01958761177957058 0 0
60 2 0.01997697353363037 0 0
61 2 0.020495394244790077 0 0
62 2 0.02090580388903618 0 0
63 2 0.021326735615730286 0 0
64 2 0.021758191287517548 0 0
65 2 0.022200170904397964 0 0
66 2 0.022652672603726387 0 0
67 2 0.023115698248147964 0 0
68 2 0.023589245975017548 0 0
69 2 0.024073317646980286 0 0
70 2 0.02456791326403618 0 0
71 2 0.025073030963540077 0 0
72 2 0.02558867447078228 0 0
73 2 0.02611483819782734 0 0
74 2 0.026651527732610703 0 0
75 2 0.02719873934984207 0 0
76 2 0.027737531810998917 0 0
77 2 0.02827632427215576 0 0
78 2 0.028815118595957756 0 0
79 2 0.0293539110571146 0 0
80 18 0.029892703518271446 0 0
81 18 0.03043149784207344 0 0
82 18 0.030970290303230286 0 0
83 18 0.03150908276438713 0 0
84 18 0.032047875225543976 0 0
85 18 0.03258667141199112 0 0
86 18 0.033125463873147964 0 0
87 18 0.03366425633430481 0 0
88 18 0.034203048795461655 0 0
89 18 0.0347418412566185 0 0
90 18 0.035280633717775345 0 0
91 2 0.03581942990422249 0 0
92 2 0.036358222365379333 0 0
93 2 0.03689701482653618 0 0
94 2 0.037435807287693024 0 0
95 2 0.03797459974884987 0 0
96 2 0.038513392210006714 0 0
97 2 0.03905218839645386 0 0
98 2 0.0395909808576107 0 0
99 2 0.04012977331876755 0 0
100 2 0.04066856577992439 0 0
101 2 0.04120735824108124 0 0
102 2 0.04174615442752838 0 0
103 2 0.042284946888685226 0 0
104 2 0.04282373934984207 0 0
105 2 0.04336253181099892 0 0
106 2 0.04390132427215576 0 0
107 2 0.04444011673331261 0 0
108 2 0.04497891291975975 0 0
109 2 0.045517705380916595 0 0
110 2 0.04605649784207344 0 0
111 2 0.046595290303230286 0 0
112 2 0.04713408276438713 0 0
113 2 0.047672875225543976 0 0
114 2 0.04821167141199112 0 0
115 2 0.048750463873147964 0 0
116 2 0.04928925633430481 0 0
117 2 0.049828048795461655 0 0
118 2 0.0503668412566185 0 0
119 2 0.050905633717775345 0 0
120 2 0.05144442990422249 0 0
121 2 0.051983222365379333 0 0
122 2 0.05252201482653618 0 0
123 2 0.053060807287693024 0 0
124 2 0.05359959974884987 0 0
125 2 0.054138392210006714 0 0
126 2 0.05467718839645386 0 0
127 2 0.0552159808576107 0 0
128 2 0.05575477331876755 0 0
129 2 0.05629356577992439 0 0
130 2 0.05683235824108124 0 0
131 2 0.05737115442752838 0 0
132 2 0.057909946888685226 0 0
133 2 0.05844873934984207 0 0
134 2 0.05898753181099892 0 0
135 2 0.05952632427215576 0 0
136 2 0.06006511673331261 0 0
137 2 0.06060391291975975 0 0
138 2 0.061142705380916595 0 0
139 2 0.06168149784207344 0 0
140 2 0.062220290303230286 0 0
141 2 0.06275908648967743 0 0
142 2 0.06329787522554398 0 0
143 2 0.06383667141199112 0 0
144 2 0.06437546014785767 0 0
145 2 0.06491425633430481 0 0
146 2 0.06545305252075195 0 0
147 2 0.0659918412566185 0 0
148 2 0.06653063744306564 0 0
149 2 0.06706942617893219 0 0
150 2 0.06760822236537933 0 0
151 2 0.06814701110124588 0 0
152 2 0.06868580728769302 0 0
153 2 0.06922460347414017 0 0
154 2 0.06976339221000671 0 0
155 2 0.07030218839645386 0 0
156 2 0.0708409771323204 0 0
157 2 0.07137977331876755 0 0
158 2 0.07191856950521469 0 0
159 18 0.07245735824108124 0 0
160 18 0.07299615442752838 0 0
161 18 0.07353494316339493 0 0
162 18 0.07407373934984207 0 0
163 18 0.07461253553628922 0 0
164 18 0.07515132427215576 0 0
165 18 0.0756901204586029 0 0
166 18 0.07622890919446945 0 0
167 18 0.0767677053809166 0 0
168 18 0.07730649411678314 0 0
169 18 0.07784529030323029 0 0
170 18 0.07838408648967743 0 0
171 18 0.07892287522554398 0 0
172 18 0.07946167141199112 0 0
173 18 0.08000046014785767 0 0
174 18 0.08053925633430481 0 0
175 18 0.08107805252075195 0 0
176 18 0.0816168412566185 0 0
177 18 0.08215563744306564 0 0
178 18 0.08269442617893219 0 0
179 18 0.08323322236537933 0 0
180 18 0.08377201110124588 0 0
181 18 0.08431080728769302 0 0
182 2 0.08484960347414017 0 0
183 2 0.08538839221000671 0 0
184 2 0.08592718839645386 0 0
185 2 0.0864659771323204 0 0
186 2 0.08700477331876755 0 0
187 2 0.08754356950521469 0 0
188 2 0.08808235824108124 0 0
189 2 0.08862115442752838 0 0
190 2 0.08915994316339493 0 0
191 2 0.08969873934984207 0 0
192 2 0.09023753553628922 0 0
193 2 0.09077632427215576 0 0
194 2 0.0913151204586029 0 0
195 2 0.09185390919446945 0 0
196 2 0.0923927053809166 0 0
197 2 0.09293149411678314 0 0
198 2 0.09347029030323029 0 0
199 2 0.09400908648967743 0 0
200 2 0.09454787522554398 0 0
201 2 0.09508667141199112 0 0
202 2 0.09562546014785767 0 0
203 2 0.09616425633430481 0 0
204 2 0.09670305252075195 0 0
205 2 0.0972418412566185 0 0
206 2 0.09778063744306564 0 0
207 2 0.09831942617893219 0 0
208 2 0.09885822236537933 0 0
209 2 0.09939701110124588 0 0
210 2 0.09993580728769302 0 0
211 2 0.10047460347414017 0 0
212 2 0.10101339221000671 0 0
213 2 0.10155218839645386 0 0
214 18 0.1020909771323204 0 0
215 18 0.10262977331876755 0 0
216 18 0.10316856950521469 0 0
217 18 0.10370735824108124 0 0
218 18 0.10424615442752838 0 0
219 18 0.10478494316339493 0 0
220 18 0.10532373934984207 0 0
221 18 0.10586253553628922 0 0
222 18 0.10640132427215576 0 0
223 18 0.1069401204586029 0 0
224 18 0.10747890919446945 0 0
225 18 0.1080177053809166 0 0
226 18 0.10855649411678314 0 0
227 18 0.10909529030323029 0 0
228 2 0.10963408648967743 0 0
229 2 0.11017287522554398 0 0
230 2 0.11071167141199112 0 0
231 2 0.11125046014785767 0 0
232 2 0.11178925633430481 0 0
233 2 0.11232805252075195 0 0
234 2 0.1128668412566185 0 0
235 2 0.11340563744306564 0 0
236 2 0.11394442617893219 0 0
237 2 0.11448322236537933 0 0
238 2 0.11502201110124588 0 0
239 2 0.11556080728769302 0 0
240 2 0.11609960347414017 0 0
241 2 0.11663839221000671 0 0
242 2 0.11717718839645386 0 0
243 2 0.1177159771323204 0 0
244 2 0.11825477331876755 0 0
245 2 0.11879356950521469 0 0
246 2 0.11933235824108124 0 0
247 2 0.11987115442752838 0 0
248 2 0.12040994316339493 0 0
249 2 0.12094873934984207 0 0
250 2 0.12148753553628922 0 0
251 2 0.12202632427215576 0 0
252 2 0.1225651204586029 0 0
253 2 0.12310390919446945 0 0
254 2 0.1236427053809166 0 0
255 2 0.12418149411678314 0 0
256 2 0.12472029030323029 0 0
257 2 0.12525908648967743 0 0
258 2 0.12579788267612457 0 0
259 2 0.12633666396141052 0 0
260 2 0.12687546014785767 0 0
261 2 0.1274142563343048 0 0
262 2 0.12795305252075195 0 0
263 2 0.1284918487071991 0 0
264 2 0.12903062999248505 0 0
265 2 0.1295694261789322 0 0
266 2 0.13010822236537933 0 0
267 2 0.13064701855182648 0 0
268 2 0.13118581473827362 0 0
269 2 0.13172459602355957 0 0
270 2 0.1322633922100067 0 0
271 2 0.13280218839645386 0 0
272 2 0.133340984582901 0 0
273 2 0.13387978076934814 0 0
274 2 0.1344185620546341 0 0
275 2 0.13495735824108124 0 0
276 2 0.13549615442752838 0 0
277 2 0.13603495061397552 0 0
278 2 0.13657373189926147 0 0
279 18 0.13711252808570862 0 0
280 18 0.13765132427215576 0 0
281 18 0.1381901204586029 0 0
282 18 0.13872891664505005 0 0
283 18 0.139267697930336 0 0
284 18 0.13980649411678314 0 0
285 18 0.14034529030323029 0 0
286 2 0.14088408648967743 0 0
287 2 0.14142288267612457 0 0
288 2 0.14196166396141052 0 0
289 2 0.14250046014785767 0 0
290 2 0.1430392563343048 0 0
291 2 0.14357805252075195 0 0
292 2 0.1441168487071991 0 0
293 2 0.14465562999248505 0 0
294 2 0.1451944261789322 0 0
295 2 0.14573322236537933 0 0
296 2 0.14627201855182648 0 0
297 2 0.14681081473827362 0 0
298 2 0.14734959602355957 0 0
299 2 0.1478883922100067 0 0
300 2 0.14842718839645386 0 0
301 2 0.148965984582901 0 0
302 2 0.14950478076934814 0 0
303 2 0.1500435620546341 0 0
304 2 0.15058235824108124 0 0
305 2 0.15112115442752838 0 0
306 2 0.15165995061397552 0 0
307 2 0.15219873189926147 0 0
308 2 0.15273752808570862 0 0
309 2 0.15327632427215576 0 0
310 2 0.1538151204586029 0 0
311 2 0.15435391664505005 0 0
312 2 0.154892697930336 0 0
313 2 0.15543149411678314 0 0
314 2 0.15597029030323029 0 0
315 2 0.15650908648967743 0 0
316 2 0.15704788267612457 0 0
317 2 0.15758666396141052 0 0
318 2 0.15812546014785767 0 0
319 2 0.1586642563343048 0 0
320 2 0.15920305252075195 0 0
321 2 0.1597418487071991 0 0
322 2 0.16028062999248505 0 0
323 2 0.1608194261789322 0 0
324 2 0.16135822236537933 0 0
325 2 0.16189701855182648 0 0
326 2 0.16243581473827362 0 0
327 2 0.16297459602355957 0 0
328 2 0.1635133922100067 0 0
329 2 0.16405218839645386 0 0
330 2 0.164590984582901 0 0
331 2 0.16512978076934814 0 0
332 2 0.1656685620546341 0 0
333 2 0.16620735824108124 0 0
334 2 0.16674615442752838 0 0
335 2 0.16728495061397552 0 0
336 2 0.16782373189926147 0 0
337 2 0.16836252808570862 0 0
338 2 0.16890132427215576 0 0
339 2 0.1694401204586029 0 0
340 2 0.16997891664505005 0 0
341 2 0.170517697930336 0 0
342 2 0.17105649411678314 0 0
343 2 0.17159529030323029 0 0
344 2 0.17213408648967743 0 0
345 2 0.17267288267612457 0 0
346 2 0.17321166396141052 0 0
347 2 0.17375046014785767 0 0
348 2 0.1742892563343048 0 0
349 2 0.17482805252075195 0 0
350 2 0.1753668487071991 0 0
351 2 0.17590562999248505 0 0
352 2 0.1764444261789322 0 0
353 2 0.17698322236537933 0 0
354 2 0.17752201855182648 0 0
355 2 0.17806081473827362 0 0
356 2 0.17859959602355957 0 0
357 2 0.1791383922100067 0 0
358 2 0.17967718839645386 0 0
359 2 0.180215984582901 0 0
360 2 0.18075478076934814 0 0
361 2 0.1812935620546341 0 0
362 2 0.18183235824108124 0 0
363 2 0.18237115442752838 0 0
364 2 0.18290995061397552 0 0
365 2 0.18344873189926147 0 0
366 2 0.18398752808570862 0 0
367 2 0.18452632427215576 0 0
368 2 0.1850651204586029 0 0
369 2 0.18560391664505005 0 0
370 2 0.186142697930336 0 0
371 2 0.18668149411678314 0 0
372 2 0.18722029030323029 0 0
373 2 0.18775908648967743 0 0
374 2 0.18829788267612457 0 0
375 2 0.18883666396141052 0 0
376 2 0.18937546014785767 0 0
377 2 0.1899142563343048 0 0
378 18 0.19045305252075195 0 0
379 18 0.1909918487071991 0 0
380 18 0.19153062999248505 0 0
381 18 0.1920694261789322 0 0
382 18 0.19260822236537933 0 0
383 18 0.19314701855182648 0 0
384 18 0.19368581473827362 0 0
385 18 0.19422459602355957 0 0
386 2 0.1947633922100067 0 0
387 2 0.19530218839645386 0 0
388 2 0.195840984582901 0 0
389 2 0.19637978076934814 0 0
390 2 0.1969185620546341 0 0
391 2 0.19745735824108124 0 0
392 2 0.19799615442752838 0 0
393 2 0.19853495061397552 0 0
394 2 0.19907373189926147 0 0
395 2 0.19961252808570862 0 0
396 2 0.20015132427215576 0 0
397 2 0.2006901204586029 0 0
398 2 0.20122891664505005 0 0
399 2 0.201767697930336 0 0
400 2 0.20230649411678314 0 0
401 2 0.20284529030323029 0 0
402 2 0.20338408648967743 0 0
403 2 0.20392288267612457 0 0
404 2 0.20446166396141052 0 0
405 2 0.20500046014785767 0 0
406 2 0.2055392563343048 0 0
407 2 0.20607805252075195 0 0
408 2 0.2066168487071991 0 0
409 2 0.20715562999248505 0 0
410 2 0.2076944261789322 0 0
411 2 0.20823322236537933 0 0
412 2 0.20877201855182648 0 0
413 2 0.20931081473827362 0 0
414 2 0.20984959602355957 0 0
415 2 0.2103883922100067 0 0
416 2 0.21092718839645386 0 0
417 2 0.211465984582901 0 0
418 2 0.21200478076934814 0 0
419 2 0.2125435620546341 0 0
420 2 0.21308235824108124 0 0
421 2 0.21362115442752838 0 0
422 2 0.21415995061397552 0 0
423 2 0.21469873189926147 0 0
424 2 0.21523752808570862 0 0
425 2 0.21577632427215576 0 0
426 2 0.2163151204586029 0 0
427 2 0.21685391664505005 0 0
428 2 0.217392697930336 0 0
429 2 0.21793149411678314 0 0
430 2 0.21847029030323029 0 0
431 2 0.21900908648967743 0 0
432 18 0.21954788267612457 0 0
433 18 0.22008666396141052 0 0
434 18 0.22062546014785767 0 0
435 18 0.2211642563343048 0 0
436 18 0.22170305252075195 0 0
437 18 0.2222418487071991 0 0
438 18 0.22278062999248505 0 0
439 18 0.2233194261789322 0 0
440 18 0.22385822236537933 0 0
441 18 0.22439701855182648 0 0
442 2 0.22493581473827362 0 0
443 2 0.22547459602355957 0 0
444 2 0.2260133922100067 0 0
445 2 0.22655218839645386 0 0
446 2 0.227090984582901 0 0
447 2 0.22762978076934814 0 0
448 2 0.2281685620546341 0 0
449 2 0.22870735824108124 0 0
450 2 0.22924615442752838 0 0
451 2 0.22978495061397552 0 0
452 2 0.23032373189926147 0 0
453 2 0.23086252808570862 0 0
454 2 0.23140132427215576 0 0
455 2 0.2319401204586029 0 0
456 2 0.23247891664505005 0 0
457 2 0.233017697930336 0 0
458 2 0.23355649411678314 0 0
459 2 0.23409529030323029 0 0
460 2 0.23463408648967743 0 0
461 2 0.23517288267612457 0 0
462 2 0.23571166396141052 0 0
463 2 0.23625046014785767 0 0
464 2 0.2367892563343048 0 0
465 2 0.23732805252075195 0 0
466 2 0.2378668487071991 0 0
467 2 0.23840562999248505 0 0
468 2 0.2389444261789322 0 0
469 2 0.23948322236537933 0 0
470 2 0.24002201855182648 0 0
471 2 0.24056081473827362 0 0
472 2 0.24109959602355957 0 0
473 2 0.2416383922100067 0 0
474 2 0.24217718839645386 0 0
475 2 0.242715984582901 0 0
476 2 0.24325478076934814 0 0
477 2 0.2437935620546341 0 0
478 2 0.24433235824108124 0 0
479 2 0.24487115442752838 0 0
480 2 0.24540995061397552 0 0
481 2 0.24594873189926147 0 0
482 2 0.24648752808570862 0 0
483 2 0.24702632427215576 0 0
484 2 0.2475651204586029 0 0
485 2 0.24810391664505005 0 0
486 2 0.248642697930336 0 0
487 2 0.24918149411678314 0 0
488 2 0.24972029030323029 0 0
489 2 0.25025907158851624 0 0
490 2 0.2507978677749634 0 0
491 2 0.2513366639614105 0 0
492 2 0.25187546014785767 0 0
493 2 0.2524142563343048 0 0
494 2 0.25295305252075195 0 0
495 2 0.2534918487071991 0 0
496 2 0.25403064489364624 0 0
497 2 0.2545694410800934 0 0
498 2 0.25510820746421814 0 0
499 2 0.2556470036506653 0 0
500 2 0.2561857998371124 0 0
501 2 0.25672459602355957 0 0
502 2 0.2572633922100067 0 0
503 2 0.25780218839645386 0 0
504 2 0.258340984582901 0 0
505 2 0.25887978076934814 0 0
506 2 0.2594185769557953 0 0
507 2 0.25995737314224243 0 0
508 2 0.2604961395263672 0 0
509 2 0.26103493571281433 0 0
510 2 0.2615737318992615 0 0
511 2 0.2621125280857086 0 0
512 2 0.26265132427215576 0 0
513 18 0.2631901204586029 0 0
514 18 0.26372891664505005 0 0
515 18 0.2642677128314972 0 0
516 18 0.26480650901794434 0 0
517 18 0.2653453052043915 0 0
518 18 0.26588407158851624 0 0
519 18 0.2664228677749634 0 0
520 18 0.2669616639614105 0 0
521 18 0.26750046014785767 0 0
522 2 0.2680392563343048 0 0
523 2 0.26857805252075195 0 0
524 2 0.2691168487071991 0 0
525 2 0.26965564489364624 0 0
526 2 0.2701944410800934 0 0
527 2 0.27073320746421814 0 0
528 2 0.2712720036506653 0 0
529 2 0.2718107998371124 0 0
530 2 0.27234959602355957 0 0
531 2 0.2728883922100067 0 0
532 2 0.27342718839645386 0 0
533 2 0.273965984582901 0 0
534 2 0.27450478076934814 0 0
535 2 0.2750435769557953 0 0
536 2 0.27558237314224243 0 0
537 2 0.2761211395263672 0 0
538 2 0.27665993571281433 0 0
539 2 0.2771987318992615 0 0
540 2 0.2777375280857086 0 0
541 2 0.27827632427215576 0 0
542 2 0.2788151204586029 0 0
543 2 0.27935391664505005 0 0
544 2 0.2798927128314972 0 0
545 2 0.28043150901794434 0 0
546 2 0.2809703052043915 0 0
547 2 0.28150907158851624 0 0
548 2 0.2820478677749634 0 0
549 2 0.2825866639614105 0 0
550 2 0.28312546014785767 0 0
551 2 0.2836642563343048 0 0
552 2 0.28420305252075195 0 0
553 2 0.2847418487071991 0 0
554 2 0.28528064489364624 0 0
555 2 0.2858194410800934 0 0
556 2 0.28635820746421814 0 0
557 2 0.2868970036506653 0 0
558 2 0.2874357998371124 0 0
559 2 0.28797459602355957 0 0
560 2 0.2885133922100067 0 0
561 2 0.28905218839645386 0 0
562 2 0.289590984582901 0 0
563 2 0.29012978076934814 0 0
564 2 0.2906685769557953 0 0
565 2 0.29120737314224243 0 0
566 18 0.2917461395263672 0 0
567 18 0.29228493571281433 0 0
568 18 0.2928237318992615 0 0
569 18 0.2933625280857086 0 0
570 18 0.29390132427215576 0 0
571 18 0.2944401204586029 0 0
572 18 0.29497891664505005 0 0
573 18 0.2955177128314972 0 0
574 18 0.29605650901794434 0 0
575 18 0.2965953052043915 0 0
576 2 0.29713407158851624 0 0
577 2 0.2976728677749634 0 0
578 2 0.2982116639614105 0 0
579 2 0.29875046014785767 0 0
580 2 0.2992892563343048 0 0
581 2 0.29982805252075195 0 0
582 2 0.3003668487071991 0 0
583 2 0.30090564489364624 0 0
584 2 0.3014444410800934 0 0
585 2 0.30198320746421814 0 0
586 2 0.3025220036506653 0 0
587 2 0.3030607998371124 0 0
588 2 0.30359959602355957 0 0
589 2 0.3041383922100067 0 0
590 2 0.30467718839645386 0 0
591 2 0.305215984582901 0 0
592 2 0.30575478076934814 0 0
593 2 0.3062935769557953 0 0
594 2 0.30683237314224243 0 0
595 2 0.3073711395263672 0 0
596 2 0.30790993571281433 0 0
597 2 0.3084487318992615 0 0
598 2 0.3089875280857086 0 0
599 2 0.30952632427215576 0 0
600 2 0.3100651204586029 0 0
601 2 0.31060391664505005 0 0
602 2 0.3111427128314972 0 0
603 2 0.31168150901794434 0 0
604 2 0.3122203052043915 0 0
605 2 0.31275907158851624 0 0
606 2 0.3132978677749634 0 0
607 2 0.3138366639614105 0 0
608 2 0.31437546014785767 0 0
609 2 0.3149142563343048 0 0
610 2 0.31545305252075195 0 0
611 2 0.3159918487071991 0 0
612 18 0.31653064489364624 0 0
613 18 0.3170694410800934 0 0
614 18 0.31760820746421814 0 0
615 18 0.3181470036506653 0 0
616 18 0.3186857998371124 0 0
617 18 0.31922459602355957 0 0
618 18 0.3197633922100067 0 0
619 18 0.32030218839645386 0 0
620 2 0.320840984582901 0 0
621 2 0.32137978076934814 0 0
622 2 0.3219185769557953 0 0
623 0 0.32245737314224243 0 0
624 0 0.3229843080043793 0 0
625 0 0.3234994411468506 0 0
626 0 0.3240027129650116 0 0
627 0 0.3244941532611847 0 0
628 1 0.3249737322330475 0 0
629 1 0.3254375457763672 0 0
630 1 0.3258855938911438 0 0
631 1 0.32631784677505493 0 0
632 1 0.3267343044281006 0 0
633 1 0.32713496685028076 0 0
634 1 0.32751986384391785 0 0
635 1 0.3277704119682312 0 0
636 1 0.3281237483024597 0 0
637 1 0.32846125960350037 0 0
638 1 0.3287830352783203 0 0
639 1 0.3290889859199524 0 0
640 1 0.3293791711330414 0 0
641 1 0.3296535611152649 0 0
642 1 0.3299121856689453 0 0
643 1 0.33015498518943787 0 0
644 1 0.3303820490837097 0 0
645 1 0.3305932879447937 0 0
646 0 0.3307887613773346 0 0
647 0 0.3309724032878876 0 0
648 2 0.33114418387413025 0 0
649 2 0.33132386207580566 0 0
650 2 0.3315114378929138 0 0
651 2 0.3317069113254547 0 0
652 2 0.33191028237342834 0 0
653 2 0.3321215510368347 0 0
654 2 0.33234068751335144 0 0
655 2 0.3325677216053009 0 0
656 2 0.3328026533126831 0 0
657 2 0.33304548263549805 0 0
658 2 0.3332962095737457 0 0
659 2 0.33355480432510376 0 0
660 2 0.3338213264942169 0 0
661 2 0.33409571647644043 0 0
662 2 0.3343780040740967 0 0
663 2 0.33466818928718567 0 0
664 2 0.334966242313385 0 0
665 2 0.3352722227573395 0 0
666 2 0.3355860710144043 0 0
667 2 0.33590781688690186 0 0
668 2 0.33623746037483215 0 0
669 2 0.3365750014781952 0 0
670 2 0.33692044019699097 0 0
671 2 0.3372737467288971 0 0
672 2 0.33763495087623596 0 0
673 2 0.33800405263900757 0 0
674 2 0.3383810520172119 0 0
675 2 0.338765949010849 0 0
676 2 0.3391587436199188 0 0
677 2 0.33968058228492737 0 0
678 2 0.3400944173336029 0 0
679 2 0.3405187726020813 0 0
680 18 0.34095364809036255 0 0
681 18 0.34139904379844666 0 0
682 18 0.3418549597263336 0 0
683 18 0.34232139587402344 0 0
684 18 0.3427983820438385 0 0
685 18 0.34328585863113403 0 0
686 18 0.3437838852405548 0 0
687 18 0.34429243206977844 0 0
688 18 0.34481149911880493 0 0
689 18 0.3453410565853119 0 0
690 18 0.3458811938762665 0 0
691 18 0.34641996026039124 0 0
692 2 0.3469587564468384 0 0
693 2 0.3474975526332855 0 0
694 0 0.34803634881973267 0 0
695 0 0.3485633134841919 0 0
696 0 0.3490784168243408 0 0
697 0 0.34958168864250183 0 0
698 0 0.3500731289386749 0 0
699 0 0.3505527377128601 0 0
700 0 0.351020485162735 0 0
701 0 0.35147643089294434 0 0
702 0 0.3519205152988434 0 0
703 0 0.35235273838043213 0 0
704 0 0.35277315974235535 0 0
705 0 0.35318171977996826 0 0
706 0 0.35357844829559326 0 0
707 0 0.35396334528923035 0 0
708 0 0.35421785712242126 0 0
709 0 0.35457906126976013 0 0
710 0 0.3549284338951111 0 0
711 0 0.3552659749984741 0 0
712 0 0.35559165477752686 0 0
713 0 0.35590553283691406 0 0
714 2 0.35620754957199097 0 0
715 2 0.3565174639225006 0 0
716 2 0.3568352460861206 0 0
717 2 0.3571609556674957 0 0
718 2 0.3574945330619812 0 0
719 2 0.3578360080718994 0 0
720 2 0.35818538069725037 0 0
721 2 0.35854265093803406 0 0
722 2 0.3589078187942505 0 0
723 2 0.35928085446357727 0 0
724 2 0.3596618175506592 0 0
725 2 0.36005064845085144 0 0
726 0 0.3605685532093048 0 0
727 0 0.360956072807312 0 0
728 0 0.3613317608833313 0 0
729 0 0.3615770637989044 0 0
730 1 0.3619290590286255 0 0
731 1 0.3622613251209259 0 0
732 1 0.3625778257846832 0 0
733 1 0.3628785312175751 0 0
734 1 0.36316344141960144 0 0
735 1 0.3634325861930847 0 0
736 1 0.3636859357357025 0 0
737 1 0.36392349004745483 0 0
738 1 0.36414527893066406 0 0
739 1 0.3643512725830078 0 0
740 1 0.3645414710044861 0 0
741 1 0.36471590399742126 0 0
742 1 0.36487454175949097 0 0
743 1 0.36469826102256775 0 0
744 1 0.3645141124725342 0 0
745 1 0.36432206630706787 0 0
746 1 0.3641221225261688 0 0
747 1 0.36391428112983704 0 0
748 1 0.3636985421180725 0 0
749 1 0.36347493529319763 0 0
750 1 0.36324343085289 0 0
751 1 0.36300399899482727 0 0
752 1 0.36275672912597656 0 0
753 1 0.3625015318393707 0 0
754 1 0.36223843693733215 0 0
755 1 0.3619674742221832 0 0
756 1 0.36168861389160156 0 0
757 1 0.36140182614326477 0 0
758 1 0.36110720038414 0 0
759 1 0.36080464720726013 0 0
760 1 0.3604941964149475 0 0
761 1 0.36017587780952454 0 0
762 0 0.3598496615886688 0 0
763 0 0.359535276889801 0 0
764 0 0.35923272371292114 0 0
765 0 0.35894203186035156 0 0
766 2 0.3586631417274475 0 0
767 2 0.3584000766277313 0 0
768 2 0.3581527769565582 0 0
769 2 0.3579212725162506 0 0
770 2 0.3577055335044861 0 0
771 2 0.35750558972358704 0 0
772 2 0.35732144117355347 0 0
773 2 0.357153058052063 0 0
774 2 0.357000470161438 0 0
775 2 0.3571767210960388 0 0
776 2 0.3573608994483948 0 0
777 2 0.3575529456138611 0 0
778 2 0.35775288939476013 0 0
779 2 0.3579607307910919 0 0
780 2 0.35817644000053406 0 0
781 2 0.3584000766277313 0 0
782 2 0.35863158106803894 0 0
783 2 0.3588709831237793 0 0
784 2 0.3591182827949524 0 0
785 2 0.3593734800815582 0 0
786 2 0.3596365451812744 0 0
787 2 0.3599075376987457 0 0
788 2 0.3601863980293274 0 0
789 2 0.3604731559753418 0 0
790 2 0.36076781153678894 0 0
791 2 0.3610703647136688 0 0
792 18 0.36138078570365906 0 0
793 18 0.3616991341114044 0 0
794 18 0.36202535033226013 0 0
795 18 0.3623594641685486 0 0
796 18 0.3627014756202698 0 0
797 18 0.3630513548851013 0 0
798 2 0.363409161567688 0 0
799 2 0.363774836063385 0 0
800 2 0.36414840817451477 0 0
801 2 0.36452987790107727 0 0
802 2 0.3649192452430725 0 0
803 2 0.36543768644332886 0 0
804 2 0.3658480942249298 0 0
805 2 0.3662690222263336 0 0
806 2 0.3667004704475403 0 0
807 2 0.3671424686908722 0 0
808 2 0.36759495735168457 0 1
0 0 0.36759495735168457 0 1
1 0 0.012058190070092678 0 0
2 0 0.012058190070092678 0 0
3 0 0.012058190070092678 0 0
4 0 0.012058190070092678 0 0
5 0 0.012058190070092678 0 0
6 0 0.012058190070092678 0 0
7 0 0.012058190070092678 0 0
8 0 0.012058190070092678 0 0
9 0 0.012058190070092678 0 0
10 0 0.012058190070092678 0 0
11 0 0.012058190070092678 0 0
12 0 0.012058190070092678 0 0
13 0 0.012058190070092678 0 0
14 0 0.012058190070092678 0 0
15 0 0.012058190070092678 0 0
16 0 0.012058190070092678 0 0
17 0 0.012058190070092678 0 0
18 0 0.012058190070092678 0 0
19 2 0.012058190070092678 0 0
20 2 0.012234454974532127 0 0
21 2 0.012418612837791443 0 0
22 2 0.012610663659870625 0 0
23 2 0.012810605578124523 0 0
24 2 0.013018441386520863 0 0
25 2 0.013234169222414494 0 0
26 2 0.013457789085805416 0 0
27 2 0.013689301908016205 0 0
28 2 0.01392870582640171 0 0
29 2 0.014176003634929657 0 0
30 2 0.014431193470954895 0 0
31 2 0.0146942762658 0 0
32 2 0.014965251088142395 0 0
33 2 0.015244118869304657 0 0
34 2 0.01553087867796421 0 0
35 2 0.015825530514121056 0 0
36 2 0.01612807624042034 0 0
37 2 0.01643851399421692 0 0
38 2 0.016756843775510788 0 0
39 2 0.01708306558430195 0 0
40 2 0.01741718128323555 0 0
41 2 0.017759189009666443 0 0
42 2 0.018109088763594627 0 0
43 2 0.018466880545020103 0 0
44 2 0.01883256435394287 0 0
45 2 0.01920614205300808 0 0
46 2 0.01958761177957058 0 0
47 2 0.01997697353363037 0 0
48 2 0.020495394244790077 0 0
49 2 0.02090580388903618 0 0
50 2 0.021326735615730286 0 0
51 2 0.021758191287517548 0 0
52 2 0.022200170904397964 0 0
53 2 0.022652672603726387 0 0
54 2 0.023115698248147964 0 0
55 2 0.023589245975017548 0 0
56 2 0.024073317646980286 0 0
57 2 0.02456791326403618 0 0
58 2 0.025073030963540077 0 0
59 2 0.02558867447078228 0 0
60 2 0.02611483819782734 0 0
61 2 0.026651527732610703 0 0
62 2 0.02719873934984207 0 0
63 2 0.027737531810998917 0 0
64 2 0.02827632427215576 0 0
65 2 0.028815118595957756 0 0
66 2 0.0293539110571146 0 0
67 2 0.029892703518271446 0 0
68 2 0.03043149784207344 0 0
69 2 0.030970290303230286 0 0
70 2 0.03150908276438713 0 0
71 2 0.032047875225543976 0 0
72 2 0.03258667141199112 0 0
73 2 0.033125463873147964 0 0
74 2 0.03366425633430481 0 0
75 2 0.034203048795461655 0 0
76 2 0.0347418412566185 0 0
77 2 0.035280633717775345 0 0
78 2 0.03581942990422249 0 0
79 18 0.036358222365379333 0 0
80 18 0.03689701482653618 0 0
81 18 0.037435807287693024 0 0
82 18 0.03797459974884987 0 0
83 18 0.038513392210006714 0 0
84 18 0.03905218839645386 0 0
85 18 0.0395909808576107 0 0
86 18 0.04012977331876755 0 0
87 2 0.04066856577992439 0 0
88 2 0.04120735824108124 0 0
89 2 0.04174615442752838 0 0
90 2 0.042284946888685226 0 0
91 2 0.04282373934984207 0 0
92 2 0.04336253181099892 0 0
93 2 0.04390132427215576 0 0
94 2 0.04444011673331261 0 0
95 2 0.04497891291975975 0 0
96 2 0.045517705380916595 0 0
97 2 0.04605649784207344 0 0
98 2 0.046595290303230286 0 0
99 2 0.04713408276438713 0 0
100 2 0.047672875225543976 0 0
101 2 0.04821167141199112 0 0
102 2 0.048750463873147964 0 0
103 2 0.04928925633430481 0 0
104 2 0.049828048795461655 0 0
105 2 0.0503668412566185 0 0
106 2 0.050905633717775345 0 0
107 2 0.05144442990422249 0 0
108 2 0.051983222365379333 0 0
109 2 0.05252201482653618 0 0
110 2 0.053060807287693024 0 0
111 2 0.05359959974884987 0 0
112 2 0.054138392210006714 0 0
113 2 0.05467718839645386 0 0
114 2 0.0552159808576107 0 0
115 2 0.05575477331876755 0 0
116 2 0.05629356577992439 0 0
117 2 0.05683235824108124 0 0
118 2 0.05737115442752838 0 0
119 2 0.057909946888685226 0 0
120 2 0.05844873934984207 0 0
121 2 0.05898753181099892 0 0
122 2 0.05952632427215576 0 0
123 2 0.06006511673331261 0 0
124 2 0.06060391291975975 0 0
125 2 0.061142705380916595 0 0
126 2 0.06168149784207344 0 0
127 2 0.062220290303230286 0 0
128 2 0.06275908648967743 0 0
129 2 0.06329787522554398 0 0
130 2 0.06383667141199112 0 0
131 2 0.06437546014785767 0 0
132 2 0.06491425633430481 0 0
133 2 0.06545305252075195 0 0
134 2 0.0659918412566185 0 0
135 2 0.06653063744306564 0 0
136 2 0.06706942617893219 0 0
137 2 0.06760822236537933 0 0
138 2 0.06814701110124588 0 0
139 2 0.06868580728769302 0 0
140 2 0.06922460347414017 0 0
141 2 0.06976339221000671 0 0
142 2 0.07030218839645386 0 0
143 2 0.0708409771323204 0 0
144 2 0.07137977331876755 0 0
145 18 0.07191856950521469 0 0
146 18 0.07245735824108124 0 0
147 18 0.07299615442752838 0 0
148 18 0.07353494316339493 0 0
149 18 0.07407373934984207 0 0
150 18 0.07461253553628922 0 0
151 18 0.07515132427215576 0 0
152 18 0.0756901204586029 0 0
153 18 0.07622890919446945 0 0
154 18 0.0767677053809166 0 0
155 18 0.07730649411678314 0 0
156 18 0.07784529030323029 0 0
157 18 0.07838408648967743 0 0
158 18 0.07892287522554398 0 0
159 18 0.07946167141199112 0 0
160 18 0.08000046014785767 0 0
161 18 0.08053925633430481 0 0
162 18 0.08107805252075195 0 0
163 2 0.0816168412566185 0 0
164 2 0.08215563744306564 0 0
165 2 0.08269442617893219 0 0
166 2 0.08323322236537933 0 0
167 2 0.08377201110124588 0 0
168 2 0.08431080728769302 0 0
169 2 0.08484960347414017 0 0
170 2 0.08538839221000671 0 0
171 2 0.08592718839645386 0 0
172 2 0.0864659771323204 0 0
173 2 0.08700477331876755 0 0
174 2 0.08754356950521469 0 0
175 2 0.08808235824108124 0 0
176 2 0.08862115442752838 0 0
177 2 0.08915994316339493 0 0
178 2 0.08969873934984207 0 0
179 2 0.09023753553628922 0 0
180 2 0.09077632427215576 0 0
181 2 0.0913151204586029 0 0
182 2 0.09185390919446945 0 0
183 2 0.0923927053809166 0 0
184 2 0.09293149411678314 0 0
185 2 0.09347029030323029 0 0
186 2 0.09400908648967743 0 0
187 2 0.09454787522554398 0 0
188 2 0.09508667141199112 0 0
189 2 0.09562546014785767 0 0
190 2 0.09616425633430481 0 0
191 2 0.09670305252075195 0 0
192 2 0.0972418412566185 0 0
193 2 0.09778063744306564 0 0
194 2 0.09831942617893219 0 0
195 2 0.09885822236537933 0 0
196 2 0.09939701110124588 0 0
197 2 0.09993580728769302 0 0
198 2 0.10047460347414017 0 0
199 18 0.10101339221000671 0 0
200 18 0.10155218839645386 0 0
201 18 0.1020909771323204 0 0
202 18 0.10262977331876755 0 0
203 18 0.10316856950521469 0 0
204 18 0.10370735824108124 0 0
205 18 0.10424615442752838 0 0
206 18 0.10478494316339493 0 0
207 18 0.10532373934984207 0 0
208 18 0.10586253553628922 0 0
209 18 0.10640132427215576 0 0
210 18 0.1069401204586029 0 0
211 2 0.10747890919446945 0 0
212 2 0.1080177053809166 0 0
213 2 0.10855649411678314 0 0
214 2 0.10909529030323029 0 0
215 2 0.10963408648967743 0 0
216 2 0.11017287522554398 0 0
217 2 0.11071167141199112 0 0
218 2 0.11125046014785767 0 0
219 2 0.11178925633430481 0 0
220 2 0.11232805252075195 0 0
221 2 0.1128668412566185 0 0
222 2 0.11340563744306564 0 0
223 2 0.11394442617893219 0 0
224 2 0.11448322236537933 0 0
225 2 0.11502201110124588 0 0
226 2 0.11556080728769302 0 0
227 2 0.11609960347414017 0 0
228 2 0.11663839221000671 0 0
229 2 0.11717718839645386 0 0
230 2 0.1177159771323204 0 0
231 2 0.11825477331876755 0 0
232 2 0.11879356950521469 0 0
233 2 0.11933235824108124 0 0
234 2 0.11987115442752838 0 0
235 2 0.12040994316339493 0 0
236 2 0.12094873934984207 0 0
237 2 0.12148753553628922 0 0
238 2 0.12202632427215576 0 0
239 2 0.1225651204586029 0 0
240 2 0.12310390919446945 0 0
241 2 0.1236427053809166 0 0
242 2 0.12418149411678314 0 0
243 2 0.12472029030323029 0 0
244 2 0.12525908648967743 0 0
245 2 0.12579788267612457 0 0
246 2 0.12633666396141052 0 0
247 2 0.12687546014785767 0 0
248 2 0.1274142563343048 0 0
249 2 0.12795305252075195 0 0
250 2 0.1284918487071991 0 0
251 2 0.12903062999248505 0 0
252 2 0.1295694261789322 0 0
253 2 0.13010822236537933 0 0
254 2 0.13064701855182648 0 0
255 2 0.13118581473827362 0 0
256 2 0.13172459602355957 0 0
257 2 0.1322633922100067 0 0
258 2 0.13280218839645386 0 0
259 2 0.133340984582901 0 0
260 2 0.13387978076934814 0 0
261 2 0.1344185620546341 0 0
262 2 0.13495735824108124 0 0
263 18 0.13549615442752838 0 0
264 18 0.13603495061397552 0 0
265 18 0.13657373189926147 0 0
266 18 0.13711252808570862 0 0
267 18 0.13765132427215576 0 0
268 18 0.1381901204586029 0 0
269 18 0.13872891664505005 0 0
270 18 0.139267697930336 0 0
271 18 0.13980649411678314 0 0
272 2 0.14034529030323029 0 0
273 2 0.14088408648967743 0 0
274 2 0.14142288267612457 0 0
275 2 0.14196166396141052 0 0
276 2 0.14250046014785767 0 0
277 2 0.1430392563343048 0 0
278 2 0.14357805252075195 0 0
279 2 0.1441168487071991 0 0
280 2 0.14465562999248505 0 0
281 2 0.1451944261789322 0 0
282 2 0.14573322236537933 0 0
283 2 0.14627201855182648 0 0
284 2 0.14681081473827362 0 0
285 2 0.14734959602355957 0 0
286 2 0.1478883922100067 0 0
287 2 0.14842718839645386 0 0
288 2 0.148965984582901 0 0
289 2 0.14950478076934814 0 0
290 2 0.1500435620546341 0 0
291 2 0.15058235824108124 0 0
292 2 0.15112115442752838 0 0
293 2 0.15165995061397552 0 0
294 2 0.15219873189926147 0 0
295 2 0.15273752808570862 0 0
296 2 0.15327632427215576 0 0
297 2 0.1538151204586029 0 0
298 2 0.15435391664505005 0 0
299 2 0.154892697930336 0 0
300 2 0.15543149411678314 0 0
301 2 0.15597029030323029 0 0
302 2 0.15650908648967743 0 0
303 2 0.15704788267612457 0 0
304 2 0.15758666396141052 0 0
305 2 0.15812546014785767 0 0
306 2 0.1586642563343048 0 0
307 2 0.15920305252075195 0 0
308 2 0.1597418487071991 0 0
309 2 0.16028062999248505 0 0
310 2 0.1608194261789322 0 0
311 2 0.16135822236537933 0 0
312 2 0.16189701855182648 0 0
313 2 0.16243581473827362 0 0
314 2 0.16297459602355957 0 0
315 2 0.1635133922100067 0 0
316 2 0.16405218839645386 0 0
317 2 0.164590984582901 0 0
318 2 0.16512978076934814 0 0
319 2 0.1656685620546341 0 0
320 2 0.16620735824108124 0 0
321 2 0.16674615442752838 0 0
322 2 0.16728495061397552 0 0
323 2 0.16782373189926147 0 0
324 2 0.16836252808570862 0 0
325 2 0.16890132427215576 0 0
326 2 0.1694401204586029 0 0
327 2 0.16997891664505005 0 0
328 2 0.170517697930336 0 0
329 2 0.17105649411678314 0 0
330 2 0.17159529030323029 0 0
331 2 0.17213408648967743 0 0
332 2 0.17267288267612457 0 0
333 2 0.17321166396141052 0 0
334 2 0.17375046014785767 0 0
335 2 0.1742892563343048 0 0
336 2 0.17482805252075195 0 0
337 2 0.1753668487071991 0 0
338 2 0.17590562999248505 0 0
339 2 0.1764444261789322 0 0
340 2 0.17698322236537933 0 0
341 2 0.17752201855182648 0 0
342 2 0.17806081473827362 0 0
343 2 0.17859959602355957 0 0
344 2 0.1791383922100067 0 0
345 2 0.17967718839645386 0 0
346 2 0.180215984582901 0 0
347 2 0.18075478076934814 0 0
348 2 0.1812935620546341 0 0
349 2 0.18183235824108124 0 0
350 2 0.18237115442752838 0 0
351 2 0.18290995061397552 0 0
352 2 0.18344873189926147 0 0
353 2 0.18398752808570862 0 0
354 2 0.18452632427215576 0 0
355 2 0.1850651204586029 0 0
356 2 0.18560391664505005 0 0
357 2 0.186142697930336 0 0
358 2 0.18668149411678314 0 0
359 2 0.18722029030323029 0 0
360 2 0.18775908648967743 0 0
361 2 0.18829788267612457 0 0
362 2 0.18883666396141052 0 0
363 2 0.18937546014785767 0 0
364 2 0.1899142563343048 0 0
365 2 0.19045305252075195 0 0
366 18 0.1909918487071991 0 0
367 18 0.19153062999248505 0 0
368 18 0.1920694261789322 0 0
369 18 0.19260822236537933 0 0
370 18 0.19314701855182648 0 0
371 18 0.19368581473827362 0 0
372 18 0.19422459602355957 0 0
373 18 0.1947633922100067 0 0
374 18 0.19530218839645386 0 0
375 18 0.195840984582901 0 0
376 18 0.19637978076934814 0 0
377 18 0.1969185620546341 0 0
378 2 0.19745735824108124 0 0
379 2 0.19799615442752838 0 0
380 2 0.19853495061397552 0 0
381 2 0.19907373189926147 0 0
382 2 0.19961252808570862 0 0
383 2 0.20015132427215576 0 0
384 2 0.2006901204586029 0 0
385 2 0.20122891664505005 0 0
386 2 0.201767697930336 0 0
387 2 0.20230649411678314 0 0
388 2 0.20284529030323029 0 0
389 2 0.20338408648967743 0 0
390 2 0.20392288267612457 0 0
391 2 0.20446166396141052 0 0
392 2 0.20500046014785767 0 0
393 2 0.2055392563343048 0 0
394 2 0.20607805252075195 0 0
395 2 0.2066168487071991 0 0
396 2 0.20715562999248505 0 0
397 2 0.2076944261789322 0 0
398 2 0.20823322236537933 0 0
399 2 0.20877201855182648 0 0
400 2 0.20931081473827362 0 0
401 2 0.20984959602355957 0 0
402 2 0.2103883922100067 0 0
403 2 0.21092718839645386 0 0
404 2 0.211465984582901 0 0
405 2 0.21200478076934814 0 0
406 2 0.2125435620546341 0 0
407 2 0.21308235824108124 0 0
408 2 0.21362115442752838 0 0
409 2 0.21415995061397552 0 0
410 2 0.21469873189926147 0 0
411 2 0.21523752808570862 0 0
412 2 0.21577632427215576 0 0
413 2 0.2163151204586029 0 0
414 2 0.21685391664505005 0 0
415 2 0.217392697930336 0 0
416 2 0.21793149411678314 0 0
417 2 0.21847029030323029 0 0
418 2 0.21900908648967743 0 0
419 2 0.21954788267612457 0 0
420 2 0.22008666396141052 0 0
421 18 0.22062546014785767 0 0
422 18 0.2211642563343048 0 0
423 18 0.22170305252075195 0 0
424 18 0.2222418487071991 0 0
425 18 0.22278062999248505 0 0
426 18 0.2233194261789322 0 0
427 18 0.22385822236537933 0 0
428 18 0.22439701855182648 0 0
429 18 0.22493581473827362 0 0
430 18 0.22547459602355957 0 0
431 18 0.2260133922100067 0 0
432 18 0.22655218839645386 0 0
433 18 0.227090984582901 0 0
434 18 0.22762978076934814 0 0
435 18 0.2281685620546341 0 0
436 18 0.22870735824108124 0 0
437 18 0.22924615442752838 0 0
438 18 0.22978495061397552 0 0
439 18 0.23032373189926147 0 0
440 18 0.23086252808570862 0 0
441 2 0.23140132427215576 0 0
442 2 0.2319401204586029 0 0
443 2 0.23247891664505005 0 0
444 2 0.233017697930336 0 0
445 2 0.23355649411678314 0 0
446 2 0.23409529030323029 0 0
447 2 0.23463408648967743 0 0
448 2 0.23517288267612457 0 0
449 2 0.23571166396141052 0 0
450 2 0.23625046014785767 0 0
451 2 0.2367892563343048 0 0
452 2 0.23732805252075195 0 0
453 2 0.2378668487071991 0 0
454 2 0.23840562999248505 0 0
455 2 0.2389444261789322 0 0
456 2 0.23948322236537933 0 0
457 2 0.24002201855182648 0 0
458 2 0.24056081473827362 0 0
459 2 0.24109959602355957 0 0
460 2 0.2416383922100067 0 0
461 2 0.24217718839645386 0 0
462 18 0.242715984582901 0 0
463 18 0.24325478076934814 0 0
464 18 0.2437935620546341 0 0
465 18 0.24433235824108124 0 0
466 18 0.24487115442752838 0 0
467 18 0.24540995061397552 0 0
468 18 0.24594873189926147 0 0
469 18 0.24648752808570862 0 0
470 18 0.24702632427215576 0 0
471 18 0.2475651204586029 0 0
472 18 0.24810391664505005 0 0
473 18 0.248642697930336 0 0
474 18 0.24918149411678314 0 0
475 18 0.24972029030323029 0 0
476 18 0.25025907158851624 0 0
477 18 0.2507978677749634 0 0
478 18 0.2513366639614105 0 0
479 18 0.25187546014785767 0 0
480 18 0.2524142563343048 0 0
481 18 0.25295305252075195 0 0
482 18 0.2534918487071991 0 0
483 18 0.25403064489364624 0 0
484 18 0.2545694410800934 0 0
485 18 0.25510820746421814 0 0
486 18 0.2556470036506653 0 0
487 18 0.2561857998371124 0 0
488 18 0.25672459602355957 0 0
489 18 0.2572633922100067 0 0
490 18 0.25780218839645386 0 0
491 18 0.258340984582901 0 0
492 18 0.25887978076934814 0 0
493 18 0.2594185769557953 0 0
494 18 0.25995737314224243 0 0
495 18 0.2604961395263672 0 0
496 18 0.26103493571281433 0 0
497 18 0.2615737318992615 0 0
498 18 0.2621125280857086 0 0
499 18 0.26265132427215576 0 0
500 18 0.2631901204586029 0 0
501 18 0.26372891664505005 0 0
502 18 0.2642677128314972 0 0
503 18 0.26480650901794434 0 0
504 18 0.2653453052043915 0 0
505 18 0.26588407158851624 0 0
506 18 0.2664228677749634 0 0
507 18 0.2669616639614105 0 0
508 18 0.26750046014785767 0 0
509 18 0.2680392563343048 0 0
510 18 0.26857805252075195 0 0
511 18 0.2691168487071991 0 0
512 18 0.26965564489364624 0 0
513 18 0.2701944410800934 0 0
514 18 0.27073320746421814 0 0
515 18 0.2712720036506653 0 0
516 18 0.2718107998371124 0 0
517 18 0.27234959602355957 0 0
518 18 0.2728883922100067 0 0
519 18 0.27342718839645386 0 0
520 18 0.273965984582901 0 0
521 18 0.27450478076934814 0 0
522 18 0.2750435769557953 0 0
523 18 0.27558237314224243 0 0
524 18 0.2761211395263672 0 0
525 18 0.27665993571281433 0 0
526 18 0.2771987318992615 0 0
527 18 0.2777375280857086 0 0
528 18 0.27827632427215576 0 0
529 18 0.2788151204586029 0 0
530 18 0.27935391664505005 0 0
531 2 0.2798927128314972 0 0
532 2 0.28043150901794434 0 0
533 2 0.2809703052043915 0 0
534 2 0.28150907158851624 0 0
535 2 0.2820478677749634 0 0
536 2 0.2825866639614105 0 0
537 2 0.28312546014785767 0 0
538 2 0.2836642563343048 0 0
539 2 0.28420305252075195 0 0
540 2 0.2847418487071991 0 0
541 2 0.28528064489364624 0 0
542 2 0.2858194410800934 0 0
543 2 0.28635820746421814 0 0
544 2 0.2868970036506653 0 0
545 2 0.2874357998371124 0 0
546 2 0.28797459602355957 0 0
547 2 0.2885133922100067 0 0
548 2 0.28905218839645386 0 0
549 2 0.289590984582901 0 0
550 2 0.29012978076934814 0 0
551 2 0.2906685769557953 0 0
552 2 0.29120737314224243 0 0
553 2 0.2917461395263672 0 0
554 2 0.29228493571281433 0 0
555 2 0.2928237318992615 0 0
556 2 0.2933625280857086 0 0
557 2 0.29390132427215576 0 0
558 2 0.2944401204586029 0 0
559 18 0.29497891664505005 0 0
560 18 0.2955177128314972 0 0
561 18 0.29605650901794434 0 0
562 18 0.2965953052043915 0 0
563 18 0.29713407158851624 0 0
564 18 0.2976728677749634 0 0
565 18 0.2982116639614105 0 0
566 18 0.29875046014785767 0 0
567 18 0.2992892563343048 0 0
568 18 0.29982805252075195 0 0
569 18 0.3003668487071991 0 0
570 18 0.30090564489364624 0 0
571 18 0.3014444410800934 0 0
572 18 0.30198320746421814 0 0
573 2 0.3025220036506653 0 0
574 2 0.3030607998371124 0 0
575 2 0.30359959602355957 0 0
576 2 0.3041383922100067 0 0
577 2 0.30467718839645386 0 0
578 2 0.305215984582901 0 0
579 2 0.30575478076934814 0 0
580 2 0.3062935769557953 0 0
581 2 0.30683237314224243 0 0
582 2 0.3073711395263672 0 0
583 2 0.30790993571281433 0 0
584 2 0.3084487318992615 0 0
585 2 0.3089875280857086 0 0
586 2 0.30952632427215576 0 0
587 2 0.3100651204586029 0 0
588 2 0.31060391664505005 0 0
589 2 0.3111427128314972 0 0
590 2 0.31168150901794434 0 0
591 2 0.3122203052043915 0 0
592 2 0.31275907158851624 0 0
593 2 0.3132978677749634 0 0
594 2 0.3138366639614105 0 0
595 2 0.31437546014785767 0 0
596 2 0.3149142563343048 0 0
597 2 0.31545305252075195 0 0
598 2 0.3159918487071991 0 0
599 18 0.31653064489364624 0 0
600 18 0.3170694410800934 0 0
601 18 0.31760820746421814 0 0
602 18 0.3181470036506653 0 0
603 18 0.3186857998371124 0 0
604 18 0.31922459602355957 0 0
605 18 0.3197633922100067 0 0
606 2 0.32030218839645386 0 0
607 2 0.320840984582901 0 0
608 2 0.32137978076934814 0 0
609 2 0.3219185769557953 0 0
610 2 0.32245737314224243 0 0
611 2 0.3229961395263672 0 0
612 2 0.32353493571281433 0 0
613 2 0.3240737318992615 0 0
614 2 0.3246125280857086 0 0
615 2 0.32515132427215576 0 0
616 2 0.3256901204586029 0 0
617 2 0.32622891664505005 0 0
618 2 0.3267677128314972 0 0
619 0 0.32730650901794434 0 0
620 0 0.3278334438800812 0 0
621 0 0.3283485770225525 0 0
622 0 0.3288518488407135 0 0
623 0 0.3293432891368866 0 0
624 0 0.3298228681087494 0 0
625 0 0.33029064536094666 0 0
626 0 0.3307465612888336 0 0
627 0 0.33119064569473267 0 0
628 0 0.3316228985786438 0 0
629 0 0.33204329013824463 0 0
630 0 0.33221936225891113 0 1
630 0 0.33221936225891113 0 1
