data/levels/world2/Mouldy_Grotto.stl
1 1 0.02222878858447075 0 0
2 1 0.021961759775877 0 0
3 1 0.021683286875486374 0 0
4 1 0.021393369883298874 0 0
5 1 0.0210920087993145 0 0
6 1 0.02077920362353325 0 0
7 1 0.020454954355955124 0 0
8 1 0.020119260996580124 0 0
9 1 0.019772125408053398 0 0
10 1 0.019413543865084648 0 0
11 1 0.019043518230319023 0 0
12 0 0.018662048503756523 0 0
13 0 0.018297744914889336 0 0
14 2 0.01795060746371746 0 0
15 2 0.017626358196139336 0 0
16 2 0.01732499711215496 0 0
17 2 0.017046524211764336 0 0
18 2 0.01679093949496746 0 0
19 2 0.016558242961764336 0 0
20 2 0.01681382767856121 0 0
21 2 0.01708085648715496 0 0
22 2 0.017359329387545586 0 0
23 2 0.017649246379733086 0 0
24 2 0.01795060746371746 0 0
25 2 0.01826341263949871 0 0
26 2 0.018587661907076836 0 0
27 2 0.018923355266451836 0 0
28 2 0.01927049271762371 0 0
29 2 0.01962907426059246 0 0
30 2 0.019999099895358086 0 0
31 2 0.020380567759275436 0 0
32 2 0.02077348157763481 0 0
33 2 0.02117783948779106 0 0
34 2 0.021593641489744186 0 0
35 2 0.022020887583494186 0 0
36 2 0.02245957776904106 0 0
37 2 0.02290971204638481 0 0
38 2 0.023371290415525436 0 0
39 2 0.023844312876462936 0 0
40 2 0.02432877942919731 0 0
41 2 0.02482469007372856 0 0
42 2 0.025332044810056686 0 0
43 2 0.025850843638181686 0 0
44 2 0.02638108655810356 0 0
45 2 0.02692277356982231 0 0
46 2 0.027475904673337936 0 0
47 2 0.028040479868650436 0 0
48 2 0.028792191296815872 0 0
49 2 0.029387284070253372 0 0
50 2 0.029997635632753372 0 0
51 2 0.030623245984315872 0 0
52 2 0.03126411512494087 0 0
53 2 0.03192024305462837 0 0
54 2 0.03259162977337837 0 0
55 2 0.03327827528119087 0 0
56 2 0.03398017957806587 0 0
57 2 0.03469734266400337 0 0
58 2 0.03542976453900337 0 0
59 2 0.03617744520306587 0 0
60 2 0.03694038465619087 0 0
61 2 0.03771858289837837 0 0
62 2 0.03851203992962837 0 0
63 2 0.03929328918457031 0 0
64 2 0.04007453843951225 0 0
65 2 0.04085578769445419 0 0
66 2 0.04163704067468643 0 0
67 2 0.04241828992962837 0 0
68 2 0.04319953918457031 0 0
69 2 0.04398078843951225 0 0
70 2 0.04476203769445419 0 0
71 2 0.04554329067468643 0 0
72 2 0.04632453992962837 0 0
73 2 0.04710578918457031 0 0
74 2 0.04788703843951225 0 0
75 2 0.04866828769445419 0 0
76 2 0.04944954067468643 0 0
77 2 0.05023078992962837 0 0
78 2 0.05101203918457031 0 0
79 2 0.05179328843951225 0 0
80 2 0.05257453769445419 0 0
81 2 0.05335579067468643 0 0
82 2 0.05413703992962837 0 0
83 2 0.05491828918457031 0 0
84 2 0.05569953843951225 0 0
85 2 0.05648078769445419 0 0
86 2 0.05726204067468643 0 0
87 2 0.05804328992962837 0 0
88 2 0.05882453918457031 0 0
89 2 0.05960578843951225 0 0
90 2 0.06038703769445419 0 0
91 2 0.06116829067468643 0 0
92 2 0.06194953992962837 0 0
93 2 0.06273078918457031 0 0
94 2 0.06351204216480255 0 0
95 2 0.0642932876944542 0 0
96 2 0.06507454067468643 0 0
97 2 0.06585578620433807 0 0
98 2 0.06663703918457031 0 0
99 2 0.06741829216480255 0 0
100 2 0.0681995376944542 0 0
101 2 0.06898079067468643 0 0
102 2 0.06976203620433807 0 0
103 2 0.07054328918457031 0 0
104 2 0.07132454216480255 0 0
105 2 0.0721057876944542 0 0
106 2 0.07288704067468643 0 0
107 2 0.07366828620433807 0 0
108 2 0.07444953918457031 0 0
109 2 0.07523079216480255 0 0
110 2 0.0760120376944542 0 0
111 2 0.07679329067468643 0 0
112 2 0.07757453620433807 0 0
113 2 0.07835578918457031 0 0
114 2 0.07913704216480255 0 0
115 2 0.0799182876944542 0 0
116 2 0.08069954067468643 0 0
117 2 0.08148078620433807 0 0
118 2 0.08226203918457031 0 0
119 2 0.08304329216480255 0 0
120 2 0.0838245376944542 0 0
121 2 0.08460579067468643 0 0
122 2 0.08538703620433807 0 0
123 2 0.08616828918457031 0 0
124 2 0.08694954216480255 0 0
125 2 0.0877307876944542 0 0
126 2 0.08851204067468643 0 0
127 2 0.08929328620433807 0 0
128 2 0.09007453918457031 0 0
129 2 0.09085579216480255 0 0
130 2 0.0916370376944542 0 0
131 2 0.09241829067468643 0 0
132 2 0.09319953620433807 0 0
133 2 0.09398078918457031 0 0
134 2 0.09476204216480255 0 0
135 2 0.0955432876944542 0 0
136 2 0.09632454067468643 0 0
137 2 0.09710578620433807 0 0
138 2 0.09788703918457031 0 0
139 2 0.09866829216480255 0 0
140 0 0.0994495376944542 0 0
141 0 0.10021362453699112 0 0
142 0 0.10096053779125214 0 0
143 0 0.10169029235839844 0 0
144 0 0.10240288078784943 0 0
145 0 0.1030982956290245 0 0
146 0 0.10377655178308487 0 0
147 0 0.10443763434886932 0 0
148 0 0.10508155822753906 0 0
149 0 0.10570831596851349 0 0
150 0 0.106317900121212 0 0
151 0 0.1069103255867958 0 0
152 0 0.1074855774641037 0 0
153 0 0.10804367065429688 0 0
154 1 0.1084127202630043 0 0
155 1 0.10893075913190842 0 0
156 1 0.10942590981721878 0 0
157 1 0.1098981648683548 0 0
158 1 0.11034753918647766 0 0
159 1 0.11077401787042618 0 0
160 1 0.11117761582136154 0 0
161 1 0.11155832558870316 0 0
162 1 0.11191613972187042 0 0
163 1 0.11225107312202454 0 0
164 1 0.1125631108880043 0 0
165 1 0.11285226792097092 0 0
166 1 0.11311853677034378 0 0
167 1 0.1133619099855423 0 0
168 1 0.11310632526874542 0 0
169 1 0.11283929646015167 0 0
170 1 0.11256082355976105 0 0
171 1 0.11227090656757355 0 0
172 1 0.11196954548358917 0 0
173 1 0.11165674030780792 0 0
174 1 0.1113324910402298 0 0
175 1 0.1109967976808548 0 0
176 1 0.11064966022968292 0 0
177 1 0.11029107868671417 0 0
178 0 0.10992105305194855 0 0
179 0 0.10956819355487823 0 0
180 0 0.10923250019550323 0 0
181 0 0.10891397297382355 0 0
182 0 0.10861261188983917 0 0
183 0 0.10832841694355011 0 0
184 0 0.10806138813495636 0 0
185 0 0.10781152546405792 0 0
186 2 0.1075788289308548 0 0
187 2 0.10783441364765167 0 0
188 2 0.10810144245624542 0 0
189 2 0.10837991535663605 0 0
190 2 0.10866983234882355 0 0
191 2 0.10897119343280792 0 0
192 2 0.10928399860858917 0 0
193 2 0.1096082478761673 0 0
194 2 0.1099439412355423 0 0
195 2 0.11029107868671417 0 0
196 2 0.11064966022968292 0 0
197 2 0.11101968586444855 0 0
198 2 0.11140115559101105 0 0
199 2 0.11179406940937042 0 0
200 2 0.11219842731952667 0 0
201 2 0.1126142293214798 0 0
202 2 0.1130414754152298 0 0
203 2 0.11348016560077667 0 0
204 2 0.11393029987812042 0 0
205 2 0.11439187824726105 0 0
206 2 0.11486490070819855 0 0
207 2 0.11534936726093292 0 0
208 2 0.11584527790546417 0 0
209 2 0.1163526326417923 0 0
210 2 0.1168714314699173 0 0
211 2 0.11740167438983917 0 0
212 2 0.11794336140155792 0 0
213 2 0.11849649250507355 0 0
214 2 0.11906106770038605 0 0
215 2 0.11981277167797089 0 0
216 2 0.12040786445140839 0 0
217 2 0.12101821601390839 0 0
218 2 0.12164382636547089 0 0
219 2 0.12228469550609589 0 0
220 0 0.12294082343578339 0 0
221 0 0.12357978522777557 0 0
222 0 0.12420158088207245 0 0
223 0 0.12480621039867401 0 0
224 1 0.12539367377758026 0 0
225 1 0.12595252692699432 0 0
226 1 0.1263166218996048 0 0
227 1 0.12682969868183136 0 0
228 1 0.12731988728046417 0 0
229 1 0.12778718769550323 0 0
230 1 0.12823159992694855 0 0
231 1 0.1286531239748001 0 0
232 1 0.12905175983905792 0 0
233 1 0.12942750751972198 0 0
234 1 0.1297803670167923 0 0
235 1 0.13011033833026886 0 0
236 1 0.13041742146015167 0 0
237 1 0.13070161640644073 0 0
238 1 0.13096292316913605 0 0
239 1 0.1312013417482376 0 0
240 1 0.13094575703144073 0 0
241 1 0.13067872822284698 0 0
242 1 0.13040025532245636 0 0
243 1 0.13011033833026886 0 0
244 1 0.12980897724628448 0 0
245 1 0.12949617207050323 0 0
246 1 0.1291719228029251 0 0
247 1 0.1288362294435501 0 0
248 1 0.12848909199237823 0 0
249 1 0.12813051044940948 0 0
250 1 0.12776048481464386 0 0
251 1 0.12737901508808136 0 0
252 0 0.12698610126972198 0 0
253 0 0.12661035358905792 0 0
254 2 0.12625177204608917 0 0
255 2 0.12591607868671417 0 0
256 2 0.12560327351093292 0 0
257 2 0.12531335651874542 0 0
258 2 0.12504632771015167 0 0
259 0 0.12480218708515167 0 0
260 0 0.12457521259784698 0 0
261 0 0.12457521259784698 0 0
262 0 0.12457521259784698 0 0
263 0 0.12457521259784698 0 0
264 2 0.12457521259784698 0 0
265 2 0.12483079731464386 0 0
266 2 0.1250978261232376 0 0
267 2 0.12537629902362823 0 0
268 2 0.12566621601581573 0 0
269 2 0.1259675770998001 0 0
270 2 0.12628038227558136 0 0
271 2 0.12660463154315948 0 0
272 2 0.12694032490253448 0 0
273 2 0.12728746235370636 0 0
274 2 0.1276460438966751 0 0
275 2 0.12801606953144073 0 0
276 2 0.12839753925800323 0 0
277 2 0.1287904530763626 0 0
278 2 0.12919481098651886 0 0
279 2 0.12961061298847198 0 0
280 2 0.13003785908222198 0 0
281 2 0.13047654926776886 0 0
282 2 0.1309266835451126 0 0
283 2 0.13138826191425323 0 0
284 2 0.13186128437519073 0 0
285 2 0.1323457509279251 0 0
286 2 0.13284166157245636 0 0
287 2 0.13334901630878448 0 0
288 2 0.13386781513690948 0 0
289 2 0.13439805805683136 0 0
290 2 0.1349397450685501 0 0
291 2 0.13549287617206573 0 0
292 2 0.13605745136737823 0 0
293 2 0.13680915534496307 0 0
294 2 0.13740424811840057 0 0
295 2 0.13801459968090057 0 0
296 2 0.13864021003246307 0 0
297 2 0.13928107917308807 0 0
298 2 0.13993720710277557 0 0
299 2 0.14060859382152557 0 0
300 2 0.14129523932933807 0 0
301 2 0.14199714362621307 0 0
302 18 0.14271430671215057 0 0
303 18 0.14344672858715057 0 0
304 18 0.14419440925121307 0 0
305 18 0.14495734870433807 0 0
306 18 0.14573554694652557 0 0
307 18 0.14652900397777557 0 0
308 18 0.1473102569580078 0 0
309 18 0.14809150993824005 0 0
310 18 0.1488727629184723 0 0
311 18 0.14965400099754333 0 0
312 18 0.15043525397777557 0 0
313 18 0.1512165069580078 0 0
314 18 0.15199775993824005 0 0
315 18 0.1527790129184723 0 0
316 18 0.15356025099754333 0 0
317 18 0.15434150397777557 0 0
318 18 0.1551227569580078 0 0
319 18 0.15590400993824005 0 0
320 18 0.1566852629184723 0 0
321 18 0.15746650099754333 0 0
322 18 0.15824775397777557 0 0
323 18 0.1590290069580078 0 0
324 2 0.15981025993824005 0 0
325 2 0.1605915129184723 0 0
326 2 0.16137275099754333 0 0
327 2 0.16215400397777557 0 0
328 2 0.1629352569580078 0 0
329 2 0.16371650993824005 0 0
330 2 0.1644977629184723 0 0
331 2 0.16527900099754333 0 0
332 2 0.16606025397777557 0 0
333 2 0.1668415069580078 0 0
334 2 0.16762275993824005 0 0
335 2 0.1684040129184723 0 0
336 2 0.16918525099754333 0 0
337 2 0.16996650397777557 0 0
338 2 0.1707477569580078 0 0
339 2 0.17152900993824005 0 0
340 2 0.1723102629184723 0 0
341 2 0.17309150099754333 0 0
342 2 0.17387275397777557 0 0
343 2 0.1746540069580078 0 0
344 2 0.17543525993824005 0 0
345 2 0.1762165129184723 0 0
346 2 0.17699775099754333 0 0
347 2 0.1773434430360794 0 0
348 2 0.17742715775966644 0 0
349 2 0.17751531302928925 0 0
350 18 0.17751531302928925 0 0
351 18 0.17751531302928925 0 0
352 18 0.17751531302928925 0 0
353 18 0.17751531302928925 0 0
354 18 0.17751531302928925 0 0
355 18 0.17751531302928925 0 0
356 18 0.17751531302928925 0 0
357 18 0.17751531302928925 0 0
358 18 0.17751531302928925 0 0
359 18 0.17751531302928925 0 0
360 18 0.177873894572258 0 0
361 18 0.17824392020702362 0 0
362 18 0.17862538993358612 0 0
363 18 0.1790183037519455 0 0
364 18 0.17942266166210175 0 0
365 18 0.17983846366405487 0 0
366 18 0.18026570975780487 0 0
367 18 0.18070439994335175 0 0
368 18 0.1811545342206955 0 0
369 18 0.18161611258983612 0 0
370 18 0.18208913505077362 0 0
371 18 0.182573601603508 0 0
372 18 0.18306951224803925 0 0
373 18 0.18357686698436737 0 0
374 18 0.18409566581249237 0 0
375 18 0.18462590873241425 0 0
376 18 0.185167595744133 0 0
377 18 0.18572072684764862 0 0
378 0 0.18628530204296112 0 0
379 0 0.18700458109378815 0 0
380 0 0.18736295402050018 0 0
381 1 0.18787603080272675 0 0
382 1 0.18836621940135956 0 0
383 1 0.18883351981639862 0 0
384 1 0.18927793204784393 0 0
385 1 0.1896994560956955 0 0
386 1 0.1900980919599533 0 0
387 1 0.19047383964061737 0 0
388 1 0.19082669913768768 0 0
389 1 0.19115667045116425 0 0
390 1 0.19146375358104706 0 0
391 1 0.19174794852733612 0 1
391 1 0.19174794852733612 0 1
