data/levels/world2/Mouldy_Grotto.stl
1 16 0.022484373301267624 0 0
2 16 0.022484373301267624 0 0
3 16 0.022484373301267624 0 0
4 16 0.022484373301267624 0 0
5 16 0.022484373301267624 0 0
6 16 0.022484373301267624 0 0
7 0 0.022484373301267624 0 0
8 0 0.022484373301267624 0 0
9 0 0.022484373301267624 0 0
10 0 0.022484373301267624 0 0
11 0 0.022484373301267624 0 0
12 0 0.022484373301267624 0 0
13 0 0.022484373301267624 0 0
14 0 0.022484373301267624 0 0
15 0 0.022484373301267624 0 0
16 0 0.022484373301267624 0 0
17 0 0.022484373301267624 0 0
18 0 0.022484373301267624 0 0
19 0 0.022484373301267624 0 0
20 0 0.022484373301267624 0 0
21 0 0.022484373301267624 0 0
22 0 0.022484373301267624 0 0
23 0 0.022484373301267624 0 0
24 0 0.022484373301267624 0 0
25 0 0.022484373301267624 0 0
26 0 0.022484373301267624 0 0
27 0 0.022484373301267624 0 0
28 0 0.022484373301267624 0 0
29 0 0.022484373301267624 0 0
30 0 0.022484373301267624 0 0
31 0 0.022484373301267624 0 0
32 0 0.022484373301267624 0 0
33 0 0.022484373301267624 0 0
34 0 0.022484373301267624 0 0
35 0 0.022484373301267624 0 0
36 0 0.022484373301267624 0 0
37 0 0.022484373301267624 0 0
38 0 0.022484373301267624 0 0
39 0 0.022484373301267624 0 0
40 0 0.022484373301267624 0 0
41 0 0.022484373301267624 0 0
42 0 0.022484373301267624 0 0
43 0 0.022484373301267624 0 0
44 0 0.022484373301267624 0 0
45 0 0.022484373301267624 0 0
46 0 0.022484373301267624 0 0
47 0 0.022484373301267624 0 0
48 0 0.022484373301267624 0 0
49 0 0.022484373301267624 0 0
50 0 0.022484373301267624 0 0
51 0 0.022484373301267624 0 0
52 0 0.022484373301267624 0 0
53 0 0.022484373301267624 0 0
54 0 0.022484373301267624 0 0
55 0 0.022484373301267624 0 0
56 0 0.022484373301267624 0 0
57 0 0.022484373301267624 0 0
58 0 0.022484373301267624 0 0
59 0 0.022484373301267624 0 0
60 0 0.022484373301267624 0 0
61 0 0.022484373301267624 0 0
62 0 0.022484373301267624 0 0
63 0 0.022484373301267624 0 0
64 0 0.022484373301267624 0 0
65 0 0.022484373301267624 0 0
66 0 0.022484373301267624 0 0
67 0 0.022484373301267624 0 0
68 0 0.022484373301267624 0 0
69 0 0.022484373301267624 0 0
70 0 0.022484373301267624 0 0
71 0 0.022484373301267624 0 0
72 0 0.022484373301267624 0 0
73 0 0.022484373301267624 0 0
74 0 0.022484373301267624 0 0
75 0 0.022484373301267624 0 0
76 0 0.022484373301267624 0 0
77 0 0.022484373301267624 0 0
78 0 0.022484373301267624 0 0
79 0 0.022484373301267624 0 0
80 0 0.022484373301267624 0 0
81 0 0.022484373301267624 0 0
82 0 0.022484373301267624 0 0
83 0 0.022484373301267624 0 0
84 0 0.022484373301267624 0 0
85 0 0.022484373301267624 0 0
86 0 0.022484373301267624 0 0
87 0 0.022484373301267624 0 0
88 0 0.022484373301267624 0 0
89 0 0.022484373301267624 0 0
90 0 0.022484373301267624 0 0
91 0 0.022484373301267624 0 0
92 0 0.022484373301267624 0 0
93 0 0.022484373301267624 0 0
94 0 0.022484373301267624 0 0
95 0 0.022484373301267624 0 0
96 0 0.022484373301267624 0 0
97 0 0.022484373301267624 0 0
98 0 0.022484373301267624 0 0
99 0 0.022484373301267624 0 0
100 0 0.022484373301267624 0 0
101 0 0.022484373301267624 0 0
102 0 0.022484373301267624 0 0
103 0 0.022484373301267624 0 0
104 0 0.022484373301267624 0 0
105 0 0.022484373301267624 0 0
106 0 0.022484373301267624 0 0
107 0 0.022484373301267624 0 0
108 0 0.022484373301267624 0 0
109 0 0.022484373301267624 0 0
110 0 0.022484373301267624 0 0
111 0 0.022484373301267624 0 0
112 0 0.022484373301267624 0 0
113 0 0.022484373301267624 0 0
114 0 0.022484373301267624 0 0
115 0 0.022484373301267624 0 0
116 0 0.022484373301267624 0 0
117 0 0.022484373301267624 0 0
118 0 0.022484373301267624 0 0
119 0 0.022484373301267624 0 0
120 0 0.022484373301267624 0 0
121 0 0.022484373301267624 0 0
122 0 0.022484373301267624 0 0
123 0 0.022484373301267624 0 0
124 0 0.022484373301267624 0 0
125 0 0.022484373301267624 0 0
126 0 0.022484373301267624 0 0
127 0 0.022484373301267624 0 0
128 0 0.022484373301267624 0 0
129 0 0.022484373301267624 0 0
130 0 0.022484373301267624 0 0
131 0 0.022484373301267624 0 0
132 0 0.022484373301267624 0 0
133 0 0.022484373301267624 0 0
134 0 0.022484373301267624 0 0
135 0 0.022484373301267624 0 0
136 0 0.022484373301267624 0 0
137 0 0.022484373301267624 0 0
138 0 0.022484373301267624 0 0
139 0 0.022484373301267624 0 0
140 0 0.022484373301267624 0 0
141 0 0.022484373301267624 0 0
142 0 0.022484373301267624 0 0
143 0 0.022484373301267624 0 0
144 0 0.022484373301267624 0 0
145 0 0.022484373301267624 0 0
146 0 0.022484373301267624 0 0
147 0 0.022484373301267624 0 0
148 0 0.022484373301267624 0 0
149 0 0.022484373301267624 0 0
150 0 0.022484373301267624 0 0
151 0 0.022484373301267624 0 0
152 0 0.022484373301267624 0 0
153 0 0.022484373301267624 0 0
154 0 0.022484373301267624 0 0
155 0 0.022484373301267624 0 0
156 0 0.022484373301267624 0 0
157 0 0.022484373301267624 0 0
158 0 0.022484373301267624 0 0
159 0 0.022484373301267624 0 0
160 0 0.022484373301267624 0 0
161 0 0.022484373301267624 0 0
162 0 0.022484373301267624 0 0
163 0 0.022484373301267624 0 0
164 0 0.022484373301267624 0 0
165 0 0.022484373301267624 0 0
166 0 0.022484373301267624 0 0
167 0 0.022484373301267624 0 0
168 0 0.022484373301267624 0 0
169 0 0.022484373301267624 0 0
170 0 0.022484373301267624 0 0
171 0 0.022484373301267624 0 0
172 0 0.022484373301267624 0 0
173 0 0.022484373301267624 0 0
174 0 0.022484373301267624 0 0
175 0 0.022484373301267624 0 0
176 0 0.022484373301267624 0 0
177 0 0.022484373301267624 0 0
178 0 0.022484373301267624 0 0
179 0 0.022484373301267624 0 0
180 0 0.022484373301267624 0 0
181 0 0.022484373301267624 0 0
182 0 0.022484373301267624 0 0
183 0 0.022484373301267624 0 0
184 0 0.022484373301267624 0 0
185 0 0.022484373301267624 0 0
186 0 0.022484373301267624 0 0
187 0 0.022484373301267624 0 0
188 0 0.022484373301267624 0 0
189 0 0.022484373301267624 0 0
190 0 0.022484373301267624 0 0
191 0 0.022484373301267624 0 0
192 0 0.022484373301267624 0 0
193 0 0.022484373301267624 0 0
194 0 0.022484373301267624 0 0
195 0 0.022484373301267624 0 0
196 0 0.022484373301267624 0 0
197 0 0.022484373301267624 0 0
198 0 0.022484373301267624 0 0
199 0 0.022484373301267624 0 0
200 0 0.022484373301267624 0 0
201 0 0.022484373301267624 0 0
202 0 0.022484373301267624 0 0
203 0 0.022484373301267624 0 0
204 0 0.022484373301267624 0 0
205 0 0.022484373301267624 0 0
206 0 0.022484373301267624 0 0
207 0 0.022484373301267624 0 0
208 0 0.022484373301267624 0 0
209 0 0.022484373301267624 0 0
210 0 0.022484373301267624 0 0
211 0 0.022484373301267624 0 0
212 0 0.022484373301267624 0 0
213 0 0.022484373301267624 0 0
214 0 0.022484373301267624 0 0
215 0 0.022484373301267624 0 0
216 0 0.022484373301267624 0 0
217 0 0.022484373301267624 0 0
218 0 0.022484373301267624 0 0
219 0 0.022484373301267624 0 0
220 0 0.022484373301267624 0 0
221 0 0.022484373301267624 0 0
222 0 0.022484373301267624 0 0
223 0 0.022484373301267624 0 0
224 0 0.022484373301267624 0 0
225 0 0.022484373301267624 0 0
226 0 0.022484373301267624 0 0
227 0 0.022484373301267624 0 0
228 0 0.022484373301267624 0 0
229 0 0.022484373301267624 0 0
230 0 0.022484373301267624 0 0
231 0 0.022484373301267624 0 0
232 0 0.022484373301267624 0 0
233 0 0.022484373301267624 0 0
234 0 0.022484373301267624 0 0
235 0 0.022484373301267624 0 0
236 0 0.022484373301267624 0 0
237 0 0.022484373301267624 0 0
238 0 0.022484373301267624 0 0
239 0 0.022484373301267624 0 0
240 0 0.022484373301267624 0 0
241 0 0.022484373301267624 0 0
242 0 0.022484373301267624 0 0
243 0 0.022484373301267624 0 0
244 0 0.022484373301267624 0 0
245 0 0.022484373301267624 0 0
246 0 0.022484373301267624 0 0
247 0 0.022484373301267624 0 0
248 0 0.022484373301267624 0 0
249 0 0.022484373301267624 0 0
250 0 0.022484373301267624 0 0
251 0 0.022484373301267624 0 0
252 0 0.022484373301267624 0 0
253 0 0.022484373301267624 0 0
254 0 0.022484373301267624 0 0
255 0 0.022484373301267624 0 0
256 0 0.022484373301267624 0 0
257 0 0.022484373301267624 0 0
258 0 0.022484373301267624 0 0
259 0 0.022484373301267624 0 0
260 0 0.022484373301267624 0 0
261 0 0.022484373301267624 0 0
262 0 0.022484373301267624 0 0
263 0 0.022484373301267624 0 0
264 0 0.022484373301267624 0 0
265 0 0.022484373301267624 0 0
266 0 0.022484373301267624 0 0
267 0 0.022484373301267624 0 0
268 0 0.022484373301267624 0 0
269 0 0.022484373301267624 0 0
270 0 0.022484373301267624 0 0
271 0 0.022484373301267624 0 0
272 0 0.022484373301267624 0 0
273 0 0.022484373301267624 0 0
274 0 0.022484373301267624 0 0
275 0 0.022484373301267624 0 0
276 0 0.022484373301267624 0 0
277 0 0.022484373301267624 0 0
278 0 0.022484373301267624 0 0
279 0 0.022484373301267624 0 0
280 0 0.022484373301267624 0 0
281 0 0.022484373301267624 0 0
282 0 0.022484373301267624 0 0
283 0 0.022484373301267624 0 0
284 0 0.022484373301267624 0 0
285 0 0.022484373301267624 0 0
286 0 0.022484373301267624 0 0
287 0 0.022484373301267624 0 0
288 0 0.022484373301267624 0 0
289 0 0.022484373301267624 0 0
290 0 0.022484373301267624 0 0
291 0 0.022484373301267624 0 0
292 0 0.022484373301267624 0 0
293 0 0.022484373301267624 0 0
294 0 0.022484373301267624 0 0
295 0 0.022484373301267624 0 0
296 0 0.022484373301267624 0 0
297 0 0.022484373301267624 0 0
298 0 0.022484373301267624 0 0
299 0 0.022484373301267624 0 0
300 0 0.022484373301267624 0 0
301 0 0.022484373301267624 0 0
302 0 0.022484373301267624 0 0
303 0 0.022484373301267624 0 0
304 0 0.022484373301267624 0 0
305 0 0.022484373301267624 0 0
306 0 0.022484373301267624 0 0
307 0 0.022484373301267624 0 0
308 0 0.022484373301267624 0 0
309 0 0.022484373301267624 0 0
310 0 0.022484373301267624 0 0
311 0 0.022484373301267624 0 0
312 0 0.022484373301267624 0 0
313 0 0.022484373301267624 0 0
314 0 0.022484373301267624 0 0
315 0 0.022484373301267624 0 0
316 0 0.022484373301267624 0 0
317 0 0.022484373301267624 0 0
318 0 0.022484373301267624 0 0
319 0 0.022484373301267624 0 0
320 0 0.022484373301267624 0 0
321 0 0.022484373301267624 0 0
322 0 0.022484373301267624 0 0
323 0 0.022484373301267624 0 0
324 0 0.022484373301267624 0 0
325 0 0.022484373301267624 0 0
326 0 0.022484373301267624 0 0
327 0 0.022484373301267624 0 0
328 0 0.022484373301267624 0 0
329 0 0.022484373301267624 0 0
330 0 0.022484373301267624 0 0
331 0 0.022484373301267624 0 0
332 0 0.022484373301267624 0 0
333 0 0.022484373301267624 0 0
334 0 0.022484373301267624 0 0
335 0 0.022484373301267624 0 0
336 0 0.022484373301267624 0 0
337 0 0.022484373301267624 0 0
338 0 0.022484373301267624 0 0
339 0 0.022484373301267624 0 0
340 0 0.022484373301267624 0 0
341 0 0.022484373301267624 0 0
342 0 0.022484373301267624 0 0
343 0 0.022484373301267624 0 0
344 0 0.022484373301267624 0 0
345 0 0.022484373301267624 0 0
346 0 0.022484373301267624 0 0
347 0 0.022484373301267624 0 0
348 0 0.022484373301267624 0 0
349 0 0.022484373301267624 0 0
350 0 0.022484373301267624 0 0
351 0 0.022484373301267624 0 0
352 0 0.022484373301267624 0 0
353 0 0.022484373301267624 0 0
354 0 0.022484373301267624 0 0
355 0 0.022484373301267624 0 0
356 0 0.022484373301267624 0 0
357 0 0.022484373301267624 0 0
358 0 0.022484373301267624 0 0
359 0 0.022484373301267624 0 0
360 0 0.022484373301267624 0 0
361 0 0.022484373301267624 0 0
362 0 0.022484373301267624 0 0
363 0 0.022484373301267624 0 0
364 0 0.022484373301267624 0 0
365 0 0.022484373301267624 0 0
366 0 0.022484373301267624 0 0
367 0 0.022484373301267624 0 0
368 0 0.022484373301267624 0 0
369 0 0.022484373301267624 0 0
370 0 0.022484373301267624 0 0
371 0 0.022484373301267624 0 0
372 0 0.022484373301267624 0 0
373 0 0.022484373301267624 0 0
374 0 0.022484373301267624 0 0
375 0 0.022484373301267624 0 0
376 0 0.022484373301267624 0 0
377 0 0.022484373301267624 0 0
378 0 0.022484373301267624 0 0
379 0 0.022484373301267624 0 0
380 0 0.022484373301267624 0 0
381 0 0.022484373301267624 0 0
382 0 0.022484373301267624 0 0
383 0 0.022484373301267624 0 0
384 0 0.022484373301267624 0 0
385 0 0.022484373301267624 0 0
386 0 0.022484373301267624 0 0
387 0 0.022484373301267624 0 0
388 0 0.022484373301267624 0 0
389 0 0.022484373301267624 0 0
390 0 0.022484373301267624 0 0
391 0 0.022484373301267624 0 0
392 0 0.022484373301267624 0 0
393 0 0.022484373301267624 0 0
394 0 0.022484373301267624 0 0
395 0 0.022484373301267624 0 0
396 0 0.022484373301267624 0 0
397 0 0.022484373301267624 0 0
398 0 0.022484373301267624 0 0
399 0 0.022484373301267624 0 0
400 0 0.022484373301267624 0 0
401 0 0.022484373301267624 0 0
402 0 0.022484373301267624 0 0
403 0 0.022484373301267624 0 0
404 0 0.022484373301267624 0 0
405 0 0.022484373301267624 0 0
406 0 0.022484373301267624 0 0
407 0 0.022484373301267624 0 0
408 0 0.022484373301267624 0 0
409 0 0.022484373301267624 0 0
410 0 0.022484373301267624 0 0
411 0 0.022484373301267624 0 0
412 0 0.022484373301267624 0 0
413 0 0.022484373301267624 0 0
414 0 0.022484373301267624 0 0
415 0 0.022484373301267624 0 0
416 0 0.022484373301267624 0 0
417 0 0.022484373301267624 0 0
418 0 0.022484373301267624 0 0
419 0 0.022484373301267624 0 0
420 0 0.022484373301267624 0 0
421 0 0.022484373301267624 0 0
422 0 0.022484373301267624 0 0
423 0 0.022484373301267624 0 0
424 0 0.022484373301267624 0 0
425 0 0.022484373301267624 0 0
426 0 0.022484373301267624 0 0
427 0 0.022484373301267624 0 0
428 0 0.022484373301267624 0 0
429 0 0.022484373301267624 0 0
430 0 0.022484373301267624 0 0
431 0 0.022484373301267624 0 0
432 0 0.022484373301267624 0 0
433 0 0.022484373301267624 0 0
434 0 0.022484373301267624 0 0
435 0 0.022484373301267624 0 0
436 0 0.022484373301267624 0 0
437 0 0.022484373301267624 0 0
438 0 0.022484373301267624 0 0
439 0 0.022484373301267624 0 0
440 0 0.022484373301267624 0 0
441 0 0.022484373301267624 0 0
442 0 0.022484373301267624 0 0
443 0 0.022484373301267624 0 0
444 0 0.022484373301267624 0 0
445 0 0.022484373301267624 0 0
446 0 0.022484373301267624 0 0
447 0 0.022484373301267624 0 0
448 0 0.022484373301267624 0 0
449 0 0.022484373301267624 0 0
450 0 0.022484373301267624 0 0
451 0 0.022484373301267624 0 0
452 0 0.022484373301267624 0 0
453 0 0.022484373301267624 0 0
454 0 0.022484373301267624 0 0
455 0 0.022484373301267624 0 0
456 0 0.022484373301267624 0 0
457 0 0.022484373301267624 0 0
458 0 0.022484373301267624 0 0
459 0 0.022484373301267624 0 0
460 0 0.022484373301267624 0 0
461 0 0.022484373301267624 0 0
462 0 0.022484373301267624 0 0
463 0 0.022484373301267624 0 0
464 0 0.022484373301267624 0 0
465 0 0.022484373301267624 0 0
466 0 0.022484373301267624 0 0
467 0 0.022484373301267624 0 0
468 0 0.022484373301267624 0 0
469 0 0.022484373301267624 0 0
470 0 0.022484373301267624 0 0
471 0 0.022484373301267624 0 0
472 0 0.022484373301267624 0 0
473 0 0.022484373301267624 0 0
474 0 0.022484373301267624 0 0
475 0 0.022484373301267624 0 0
476 0 0.022484373301267624 0 0
477 0 0.022484373301267624 0 0
478 0 0.022484373301267624 0 0
479 0 0.022484373301267624 0 0
480 0 0.022484373301267624 0 0
481 0 0.022484373301267624 0 0
482 0 0.022484373301267624 0 0
483 0 0.022484373301267624 0 0
484 0 0.022484373301267624 0 0
485 0 0.022484373301267624 0 0
486 0 0.022484373301267624 0 0
487 0 0.022484373301267624 0 0
488 0 0.022484373301267624 0 0
489 0 0.022484373301267624 0 0
490 0 0.022484373301267624 0 0
491 0 0.022484373301267624 0 0
492 0 0.022484373301267624 0 0
493 0 0.022484373301267624 0 0
494 0 0.022484373301267624 0 0
495 0 0.022484373301267624 0 0
496 0 0.022484373301267624 0 0
497 0 0.022484373301267624 0 0
498 0 0.022484373301267624 0 0
499 0 0.022484373301267624 0 0
500 0 0.022484373301267624 0 0
501 0 0.022484373301267624 0 0
502 0 0.022484373301267624 0 0
503 0 0.022484373301267624 0 0
504 0 0.022484373301267624 0 0
505 0 0.022484373301267624 0 0
506 0 0.022484373301267624 0 0
507 0 0.022484373301267624 0 0
508 0 0.022484373301267624 0 0
509 0 0.022484373301267624 0 0
510 0 0.022484373301267624 0 0
511 0 0.022484373301267624 0 0
512 0 0.022484373301267624 0 0
513 0 0.022484373301267624 0 0
514 0 0.022484373301267624 0 0
515 0 0.022484373301267624 0 0
516 0 0.022484373301267624 0 0
517 0 0.022484373301267624 0 0
518 0 0.022484373301267624 0 0
519 0 0.022484373301267624 0 0
520 0 0.022484373301267624 0 0
521 0 0.022484373301267624 0 0
522 0 0.022484373301267624 0 0
523 0 0.022484373301267624 0 0
524 0 0.022484373301267624 0 0
525 0 0.022484373301267624 0 0
526 0 0.022484373301267624 0 0
527 0 0.022484373301267624 0 0
528 0 0.022484373301267624 0 0
529 0 0.022484373301267624 0 0
530 0 0.022484373301267624 0 0
531 0 0.022484373301267624 0 0
532 0 0.022484373301267624 0 0
533 0 0.022484373301267624 0 0
534 0 0.022484373301267624 0 0
535 0 0.022484373301267624 0 0
536 0 0.022484373301267624 0 0
537 0 0.022484373301267624 0 0
538 0 0.022484373301267624 0 0
539 0 0.022484373301267624 0 0
540 0 0.022484373301267624 0 0
541 0 0.022484373301267624 0 0
542 0 0.022484373301267624 0 0
543 0 0.022484373301267624 0 0
544 0 0.022484373301267624 0 0
545 0 0.022484373301267624 0 0
546 0 0.022484373301267624 0 0
547 0 0.022484373301267624 0 0
548 0 0.022484373301267624 0 0
549 0 0.022484373301267624 0 0
550 0 0.022484373301267624 0 0
551 0 0.022484373301267624 0 0
552 0 0.022484373301267624 0 0
553 0 0.022484373301267624 0 0
554 0 0.022484373301267624 0 0
555 0 0.022484373301267624 0 0
556 0 0.022484373301267624 0 0
557 0 0.022484373301267624 0 0
558 0 0.022484373301267624 0 0
559 0 0.022484373301267624 0 0
560 0 0.022484373301267624 0 0
561 0 0.022484373301267624 0 0
562 0 0.022484373301267624 0 0
563 0 0.022484373301267624 0 0
564 0 0.022484373301267624 0 0
565 0 0.022484373301267624 0 0
566 0 0.022484373301267624 0 0
567 0 0.022484373301267624 0 0
568 0 0.022484373301267624 0 0
569 0 0.022484373301267624 0 0
570 0 0.022484373301267624 0 0
571 0 0.022484373301267624 0 0
572 0 0.022484373301267624 0 0
573 0 0.022484373301267624 0 0
574 0 0.022484373301267624 0 0
575 0 0.022484373301267624 0 0
576 0 0.022484373301267624 0 0
577 0 0.022484373301267624 0 0
578 0 0.022484373301267624 0 0
579 0 0.022484373301267624 0 0
580 0 0.022484373301267624 0 0
581 0 0.022484373301267624 0 0
582 0 0.022484373301267624 0 0
583 0 0.022484373301267624 0 0
584 0 0.022484373301267624 0 0
585 0 0.022484373301267624 0 0
586 0 0.022484373301267624 0 0
587 0 0.022484373301267624 0 0
588 0 0.022484373301267624 0 0
589 0 0.022484373301267624 0 0
590 0 0.022484373301267624 0 0
591 0 0.022484373301267624 0 0
592 0 0.022484373301267624 0 0
593 0 0.022484373301267624 0 0
594 0 0.022484373301267624 0 0
595 0 0.022484373301267624 0 0
596 0 0.022484373301267624 0 0
597 0 0.022484373301267624 0 0
598 0 0.022484373301267624 0 0
599 0 0.022484373301267624 0 0
600 0 0.022484373301267624 0 0
601 0 0.022484373301267624 0 0
602 0 0.022484373301267624 0 0
603 0 0.022484373301267624 0 0
604 0 0.022484373301267624 0 0
605 0 0.022484373301267624 0 0
606 0 0.022484373301267624 0 0
607 0 0.022484373301267624 0 0
608 0 0.022484373301267624 0 0
609 0 0.022484373301267624 0 0
610 0 0.022484373301267624 0 0
611 0 0.022484373301267624 0 0
612 0 0.022484373301267624 0 0
613 0 0.022484373301267624 0 0
614 0 0.022484373301267624 0 0
615 0 0.022484373301267624 0 0
616 0 0.022484373301267624 0 0
617 0 0.022484373301267624 0 0
618 0 0.022484373301267624 0 0
619 0 0.022484373301267624 0 0
620 0 0.022484373301267624 0 0
621 0 0.022484373301267624 0 0
622 0 0.022484373301267624 0 0
623 0 0.022484373301267624 0 0
624 0 0.022484373301267624 0 0
625 0 0.022484373301267624 0 0
626 0 0.022484373301267624 0 0
627 0 0.022484373301267624 0 0
628 0 0.022484373301267624 0 0
629 0 0.022484373301267624 0 0
630 0 0.022484373301267624 0 0
631 0 0.022484373301267624 0 0
632 0 0.022484373301267624 0 0
633 0 0.022484373301267624 0 0
634 0 0.022484373301267624 0 0
635 0 0.022484373301267624 0 0
636 0 0.022484373301267624 0 0
637 0 0.022484373301267624 0 0
638 0 0.022484373301267624 0 0
639 0 0.022484373301267624 0 0
640 0 0.022484373301267624 0 0
641 0 0.022484373301267624 0 0
642 0 0.022484373301267624 0 0
643 0 0.022484373301267624 0 0
644 0 0.022484373301267624 0 0
645 0 0.022484373301267624 0 0
646 0 0.022484373301267624 0 0
647 0 0.022484373301267624 0 0
648 0 0.022484373301267624 0 0
649 0 0.022484373301267624 0 0
650 0 0.022484373301267624 0 0
651 0 0.022484373301267624 0 0
652 0 0.022484373301267624 0 0
653 0 0.022484373301267624 0 0
654 0 0.022484373301267624 0 0
655 0 0.022484373301267624 0 0
656 0 0.022484373301267624 0 0
657 0 0.022484373301267624 0 0
658 0 0.022484373301267624 0 0
659 0 0.022484373301267624 0 0
660 0 0.022484373301267624 0 0
661 0 0.022484373301267624 0 0
662 0 0.022484373301267624 0 0
663 0 0.022484373301267624 0 0
664 0 0.022484373301267624 0 0
665 0 0.022484373301267624 0 0
666 0 0.022484373301267624 0 0
667 0 0.022484373301267624 0 0
668 0 0.022484373301267624 0 0
669 0 0.022484373301267624 0 0
670 0 0.022484373301267624 0 0
671 0 0.022484373301267624 0 0
672 0 0.022484373301267624 0 0
673 0 0.022484373301267624 0 0
674 0 0.022484373301267624 0 0
675 0 0.022484373301267624 0 0
676 0 0.022484373301267624 0 0
677 0 0.022484373301267624 0 0
678 0 0.022484373301267624 0 0
679 0 0.022484373301267624 0 0
680 0 0.022484373301267624 0 0
681 0 0.022484373301267624 0 0
682 0 0.022484373301267624 0 0
683 0 0.022484373301267624 0 0
684 0 0.022484373301267624 0 0
685 0 0.022484373301267624 0 0
686 0 0.022484373301267624 0 0
687 0 0.022484373301267624 0 0
688 0 0.022484373301267624 0 0
689 0 0.022484373301267624 0 0
690 0 0.022484373301267624 0 0
691 0 0.022484373301267624 0 0
692 0 0.022484373301267624 0 0
693 0 0.022484373301267624 0 0
694 0 0.022484373301267624 0 0
695 0 0.022484373301267624 0 0
696 0 0.022484373301267624 0 0
697 0 0.022484373301267624 0 0
698 0 0.022484373301267624 0 0
699 0 0.022484373301267624 0 0
700 0 0.022484373301267624 0 0
701 0 0.022484373301267624 0 0
702 0 0.022484373301267624 0 0
703 0 0.022484373301267624 0 0
704 0 0.022484373301267624 0 0
705 0 0.022484373301267624 0 0
706 0 0.022484373301267624 0 0
707 0 0.022484373301267624 0 0
708 0 0.022484373301267624 0 0
709 0 0.022484373301267624 0 0
710 0 0.022484373301267624 0 0
711 0 0.022484373301267624 0 0
712 0 0.022484373301267624 0 0
713 0 0.022484373301267624 0 0
714 0 0.022484373301267624 0 0
715 0 0.022484373301267624 0 0
716 0 0.022484373301267624 0 0
717 0 0.022484373301267624 0 0
718 0 0.022484373301267624 0 0
719 0 0.022484373301267624 0 0
720 0 0.022484373301267624 0 0
721 0 0.022484373301267624 0 0
722 0 0.022484373301267624 0 0
723 0 0.022484373301267624 0 0
724 0 0.022484373301267624 0 0
725 0 0.022484373301267624 0 0
726 0 0.022484373301267624 0 0
727 0 0.022484373301267624 0 0
728 0 0.022484373301267624 0 0
729 0 0.022484373301267624 0 0
730 0 0.022484373301267624 0 0
731 0 0.022484373301267624 0 0
732 0 0.022484373301267624 0 0
733 0 0.022484373301267624 0 0
734 0 0.022484373301267624 0 0
735 0 0.022484373301267624 0 0
736 0 0.022484373301267624 0 0
737 0 0.022484373301267624 0 0
738 0 0.022484373301267624 0 0
739 0 0.022484373301267624 0 0
740 0 0.022484373301267624 0 0
741 0 0.022484373301267624 0 0
742 0 0.022484373301267624 0 0
743 0 0.022484373301267624 0 0
744 0 0.022484373301267624 0 0
745 0 0.022484373301267624 0 0
746 0 0.022484373301267624 0 0
747 0 0.022484373301267624 0 0
748 0 0.022484373301267624 0 0
749 0 0.022484373301267624 0 0
750 0 0.022484373301267624 0 0
751 0 0.022484373301267624 0 0
752 0 0.022484373301267624 0 0
753 0 0.022484373301267624 0 0
754 0 0.022484373301267624 0 0
755 0 0.022484373301267624 0 0
756 0 0.022484373301267624 0 0
757 0 0.022484373301267624 0 0
758 0 0.022484373301267624 0 0
759 0 0.022484373301267624 0 0
760 0 0.022484373301267624 0 0
761 0 0.022484373301267624 0 0
762 0 0.022484373301267624 0 0
763 0 0.022484373301267624 0 0
764 0 0.022484373301267624 0 0
765 0 0.022484373301267624 0 0
766 0 0.022484373301267624 0 0
767 0 0.022484373301267624 0 0
768 0 0.022484373301267624 0 0
769 0 0.022484373301267624 0 0
770 0 0.022484373301267624 0 0
771 0 0.022484373301267624 0 0
772 0 0.022484373301267624 0 0
773 0 0.022484373301267624 0 0
774 0 0.022484373301267624 0 0
775 0 0.022484373301267624 0 0
776 0 0.022484373301267624 0 0
777 0 0.022484373301267624 0 0
778 0 0.022484373301267624 0 0
779 0 0.022484373301267624 0 0
780 0 0.022484373301267624 0 0
781 0 0.022484373301267624 0 0
782 0 0.022484373301267624 0 0
783 0 0.022484373301267624 0 0
784 0 0.022484373301267624 0 0
785 0 0.022484373301267624 0 0
786 0 0.022484373301267624 0 0
787 0 0.022484373301267624 0 0
788 0 0.022484373301267624 0 0
789 0 0.022484373301267624 0 0
790 0 0.022484373301267624 0 0
791 0 0.022484373301267624 0 0
792 0 0.022484373301267624 0 0
793 0 0.022484373301267624 0 0
794 0 0.022484373301267624 0 0
795 0 0.022484373301267624 0 0
796 0 0.022484373301267624 0 0
797 0 0.022484373301267624 0 0
798 0 0.022484373301267624 0 0
799 0 0.022484373301267624 0 0
800 0 0.022484373301267624 0 0
801 0 0.022484373301267624 0 0
802 0 0.022484373301267624 0 0
803 0 0.022484373301267624 0 0
804 0 0.022484373301267624 0 0
805 0 0.022484373301267624 0 0
806 0 0.022484373301267624 0 0
807 0 0.022484373301267624 0 0
808 0 0.022484373301267624 0 0
809 0 0.022484373301267624 0 0
810 0 0.022484373301267624 0 0
811 0 0.022484373301267624 0 0
812 0 0.022484373301267624 0 0
813 0 0.022484373301267624 0 0
814 0 0.022484373301267624 0 0
815 0 0.022484373301267624 0 0
816 0 0.022484373301267624 0 0
817 0 0.022484373301267624 0 0
818 0 0.022484373301267624 0 0
819 0 0.022484373301267624 0 0
820 0 0.022484373301267624 0 0
821 0 0.022484373301267624 0 0
822 0 0.022484373301267624 0 0
823 0 0.022484373301267624 0 0
824 0 0.022484373301267624 0 0
825 0 0.022484373301267624 0 0
826 0 0.022484373301267624 0 0
827 0 0.022484373301267624 0 0
828 0 0.022484373301267624 0 0
829 0 0.022484373301267624 0 0
830 0 0.022484373301267624 0 0
831 0 0.022484373301267624 0 0
832 0 0.022484373301267624 0 0
833 0 0.022484373301267624 0 0
834 0 0.022484373301267624 0 0
835 0 0.022484373301267624 0 0
836 0 0.022484373301267624 0 0
837 0 0.022484373301267624 0 0
838 0 0.022484373301267624 0 0
839 0 0.022484373301267624 0 0
840 0 0.022484373301267624 0 0
841 0 0.022484373301267624 0 0
842 0 0.022484373301267624 0 0
843 0 0.022484373301267624 0 0
844 0 0.022484373301267624 0 0
845 0 0.022484373301267624 0 0
846 0 0.022484373301267624 0 0
847 0 0.022484373301267624 0 0
848 0 0.022484373301267624 0 0
849 0 0.022484373301267624 0 0
850 0 0.022484373301267624 0 0
851 0 0.022484373301267624 0 0
852 0 0.022484373301267624 0 0
853 0 0.022484373301267624 0 0
854 0 0.022484373301267624 0 0
855 0 0.022484373301267624 0 0
856 0 0.022484373301267624 0 0
857 0 0.022484373301267624 0 0
858 0 0.022484373301267624 0 0
859 0 0.022484373301267624 0 0
860 0 0.022484373301267624 0 0
861 0 0.022484373301267624 0 0
862 0 0.022484373301267624 0 0
863 0 0.022484373301267624 0 0
864 0 0.022484373301267624 0 0
865 0 0.022484373301267624 0 0
866 0 0.022484373301267624 0 0
867 0 0.022484373301267624 0 0
868 0 0.022484373301267624 0 0
869 0 0.022484373301267624 0 0
870 0 0.022484373301267624 0 0
871 0 0.022484373301267624 0 0
872 0 0.022484373301267624 0 0
873 0 0.022484373301267624 0 0
874 0 0.022484373301267624 0 0
875 0 0.022484373301267624 0 0
876 0 0.022484373301267624 0 0
877 0 0.022484373301267624 0 0
878 0 0.022484373301267624 0 0
879 0 0.022484373301267624 0 0
880 0 0.022484373301267624 0 0
881 0 0.022484373301267624 0 0
882 0 0.022484373301267624 0 0
883 0 0.022484373301267624 0 0
884 0 0.022484373301267624 0 0
885 0 0.022484373301267624 0 0
886 0 0.022484373301267624 0 0
887 0 0.022484373301267624 0 0
888 0 0.022484373301267624 0 0
889 0 0.022484373301267624 0 0
890 0 0.022484373301267624 0 0
891 0 0.022484373301267624 0 0
892 0 0.022484373301267624 0 0
893 0 0.022484373301267624 0 0
894 0 0.022484373301267624 0 0
895 0 0.022484373301267624 0 0
896 0 0.022484373301267624 0 0
897 0 0.022484373301267624 0 0
898 0 0.022484373301267624 0 0
899 0 0.022484373301267624 0 0
900 0 0.022484373301267624 0 0
901 0 0.022484373301267624 0 0
902 0 0.022484373301267624 0 0
903 0 0.022484373301267624 0 0
904 0 0.022484373301267624 0 0
905 0 0.022484373301267624 0 0
906 0 0.022484373301267624 0 0
907 0 0.022484373301267624 0 0
908 0 0.022484373301267624 0 0
909 0 0.022484373301267624 0 0
910 0 0.022484373301267624 0 0
911 0 0.022484373301267624 0 0
912 0 0.022484373301267624 0 0
913 0 0.022484373301267624 0 0
914 0 0.022484373301267624 0 0
915 0 0.022484373301267624 0 0
916 0 0.022484373301267624 0 0
917 0 0.022484373301267624 0 0
918 0 0.022484373301267624 0 0
919 0 0.022484373301267624 0 0
920 0 0.022484373301267624 0 0
921 0 0.022484373301267624 0 0
922 0 0.022484373301267624 0 0
923 0 0.022484373301267624 0 0
924 0 0.022484373301267624 0 0
925 0 0.022484373301267624 0 0
926 0 0.022484373301267624 0 0
927 0 0.022484373301267624 0 0
928 0 0.022484373301267624 0 0
929 0 0.022484373301267624 0 0
930 0 0.022484373301267624 0 0
931 0 0.022484373301267624 0 0
932 0 0.022484373301267624 0 0
933 0 0.022484373301267624 0 0
934 0 0.022484373301267624 0 0
935 0 0.022484373301267624 0 0
936 0 0.022484373301267624 0 0
937 0 0.022484373301267624 0 0
938 0 0.022484373301267624 0 0
939 0 0.022484373301267624 0 0
940 0 0.022484373301267624 0 0
941 0 0.022484373301267624 0 0
942 0 0.022484373301267624 0 0
943 0 0.022484373301267624 0 0
944 0 0.022484373301267624 0 0
945 0 0.022484373301267624 0 0
946 0 0.022484373301267624 0 0
947 0 0.022484373301267624 0 0
948 0 0.022484373301267624 0 0
949 0 0.022484373301267624 0 0
950 0 0.022484373301267624 0 0
951 0 0.022484373301267624 0 0
952 0 0.022484373301267624 0 0
953 0 0.022484373301267624 0 0
954 0 0.022484373301267624 0 0
955 0 0.022484373301267624 0 0
956 0 0.022484373301267624 0 0
957 0 0.022484373301267624 0 0
958 0 0.022484373301267624 0 0
959 0 0.022484373301267624 0 0
960 0 0.022484373301267624 0 0
961 0 0.022484373301267624 0 0
962 0 0.022484373301267624 0 0
963 0 0.022484373301267624 0 0
964 0 0.022484373301267624 0 0
965 0 0.022484373301267624 0 0
966 0 0.022484373301267624 0 0
967 0 0.022484373301267624 0 0
968 0 0.022484373301267624 0 0
969 0 0.022484373301267624 0 0
970 0 0.022484373301267624 0 0
971 0 0.022484373301267624 0 0
972 0 0.022484373301267624 0 0
973 0 0.022484373301267624 0 0
974 0 0.022484373301267624 0 0
975 0 0.022484373301267624 0 0
976 0 0.022484373301267624 0 0
977 0 0.022484373301267624 0 0
978 0 0.022484373301267624 0 0
979 0 0.022484373301267624 0 0
980 0 0.022484373301267624 0 0
981 0 0.022484373301267624 0 0
982 0 0.022484373301267624 0 0
983 0 0.022484373301267624 0 0
984 0 0.022484373301267624 0 0
985 0 0.022484373301267624 0 0
986 0 0.022484373301267624 0 0
987 0 0.022484373301267624 0 0
988 0 0.022484373301267624 0 0
989 0 0.022484373301267624 0 0
990 0 0.022484373301267624 0 0
991 0 0.022484373301267624 0 0
992 0 0.022484373301267624 0 0
993 0 0.022484373301267624 0 0
994 0 0.022484373301267624 0 0
995 0 0.022484373301267624 0 0
996 0 0.022484373301267624 0 0
997 0 0.022484373301267624 0 0
998 0 0.022484373301267624 0 0
999 0 0.022484373301267624 0 0
1000 0 0.022484373301267624 0 0
1001 0 0.022484373301267624 0 0
1002 0 0.022484373301267624 0 0
1003 0 0.022484373301267624 0 0
1004 0 0.022484373301267624 0 0
1005 0 0.022484373301267624 0 0
1006 0 0.022484373301267624 0 0
1007 0 0.022484373301267624 0 0
1008 0 0.022484373301267624 0 0
1009 0 0.022484373301267624 0 0
1010 0 0.022484373301267624 0 0
1011 0 0.022484373301267624 0 0
1012 0 0.022484373301267624 0 0
1013 0 0.022484373301267624 0 0
1014 0 0.022484373301267624 0 0
1015 0 0.022484373301267624 0 0
1016 0 0.022484373301267624 0 0
1017 0 0.022484373301267624 0 0
1018 0 0.022484373301267624 0 0
1019 0 0.022484373301267624 0 0
1020 0 0.022484373301267624 0 0
1021 0 0.022484373301267624 0 0
1022 0 0.022484373301267624 0 0
1023 0 0.022484373301267624 0 0
1024 0 0.022484373301267624 0 0
1025 0 0.022484373301267624 0 0
1026 0 0.022484373301267624 0 0
1027 0 0.022484373301267624 0 0
1028 0 0.022484373301267624 0 0
1029 0 0.022484373301267624 0 0
1030 0 0.022484373301267624 0 0
1031 0 0.022484373301267624 0 0
1032 0 0.022484373301267624 0 0
1033 0 0.022484373301267624 0 0
1034 0 0.022484373301267624 0 0
1035 0 0.022484373301267624 0 0
1036 0 0.022484373301267624 0 0
1037 0 0.022484373301267624 0 0
1038 0 0.022484373301267624 0 0
1039 0 0.022484373301267624 0 0
1040 0 0.022484373301267624 0 0
1041 0 0.022484373301267624 0 0
1042 0 0.022484373301267624 0 0
1043 0 0.022484373301267624 0 0
1044 0 0.022484373301267624 0 0
1045 0 0.022484373301267624 0 0
1046 0 0.022484373301267624 0 0
1047 0 0.022484373301267624 0 0
1048 0 0.022484373301267624 0 0
1049 0 0.022484373301267624 0 0
1050 0 0.022484373301267624 0 0
1051 0 0.022484373301267624 0 0
1052 0 0.022484373301267624 0 0
1053 0 0.022484373301267624 0 0
1054 0 0.022484373301267624 0 0
1055 0 0.022484373301267624 0 0
1056 0 0.022484373301267624 0 0
1057 0 0.022484373301267624 0 0
1058 0 0.022484373301267624 0 0
1059 0 0.022484373301267624 0 0
1060 0 0.022484373301267624 0 0
1061 0 0.022484373301267624 0 0
1062 0 0.022484373301267624 0 0
1063 0 0.022484373301267624 0 0
1064 0 0.022484373301267624 0 0
1065 0 0.022484373301267624 0 0
1066 0 0.022484373301267624 0 0
1067 0 0.022484373301267624 0 0
1068 0 0.022484373301267624 0 0
1069 0 0.022484373301267624 0 0
1070 0 0.022484373301267624 0 0
1071 0 0.022484373301267624 0 0
1072 0 0.022484373301267624 0 0
1073 0 0.022484373301267624 0 0
1074 0 0.022484373301267624 0 0
1075 0 0.022484373301267624 0 0
1076 0 0.022484373301267624 0 0
1077 0 0.022484373301267624 0 0
1078 0 0.022484373301267624 0 0
1079 0 0.022484373301267624 0 0
1080 0 0.022484373301267624 0 0
1081 2 0.022484373301267624 0 0
1082 2 0.0227399580180645 0 0
1083 2 0.02300698682665825 0 0
1084 2 0.023285459727048874 0 0
1085 2 0.023575376719236374 0 0
1086 2 0.02387673780322075 0 0
1087 2 0.024189542979002 0 0
1088 2 0.024513792246580124 0 0
1089 2 0.024849485605955124 0 0
1090 2 0.025196623057127 0 0
1091 2 0.02555520460009575 0 0
1092 2 0.025925230234861374 0 0
1093 2 0.026306699961423874 0 0
1094 2 0.02669961377978325 0 0
1095 2 0.0271039716899395 0 0
1096 2 0.027519773691892624 0 0
1097 2 0.027947019785642624 0 0
1098 2 0.0283857099711895 0 0
1099 2 0.02883584424853325 0 0
1100 2 0.029297422617673874 0 0
1101 2 0.029770445078611374 0 0
1102 2 0.03025491163134575 0 0
1103 2 0.030750822275877 0 0
1104 2 0.031258177012205124 0 0
1105 2 0.031776975840330124 0 0
1106 2 0.032307218760252 0 0
1107 2 0.03284890577197075 0 0
1108 2 0.033402036875486374 0 0
1109 18 0.033966612070798874 0 0
1110 18 0.03471832349896431 0 0
1111 18 0.03531341627240181 0 0
1112 18 0.03592376783490181 0 0
1113 2 0.03654937818646431 0 0
1114 2 0.03719024732708931 0 0
1115 2 0.03784637525677681 0 0
1116 2 0.03851776197552681 0 0
1117 2 0.03920440748333931 0 0
1118 2 0.03990631178021431 0 0
1119 2 0.04062347486615181 0 0
1120 2 0.04135589674115181 0 0
1121 2 0.04210357740521431 0 0
1122 2 0.04234343394637108 0 0
1123 2 0.042427144944667816 0 0
1124 2 0.042515311390161514 0 0
1125 2 0.042515311390161514 0 0
1126 2 0.042515311390161514 0 0
1127 2 0.04277089610695839 0 0
1128 2 0.04303792491555214 0 0
1129 2 0.043316397815942764 0 0
1130 2 0.042515311390161514 0 0
1131 2 0.04281667247414589 0 0
1132 2 0.04312947764992714 0 0
1133 2 0.043453726917505264 0 0
1134 2 0.043789420276880264 0 0
1135 2 0.04413655772805214 0 0
1136 2 0.04449513927102089 0 0
1137 2 0.044865164905786514 0 0
1138 2 0.045246634632349014 0 0
1139 2 0.04563954845070839 0 0
1140 2 0.04604390636086464 0 0
1141 2 0.046459708362817764 0 0
1142 2 0.046886954456567764 0 0
1143 2 0.04732564464211464 0 0
1144 2 0.04777577891945839 0 0
1145 2 0.048237357288599014 0 0
1146 2 0.048710379749536514 0 0
1147 2 0.04919484630227089 0 0
1148 2 0.04969075694680214 0 0
1149 2 0.050198111683130264 0 0
1150 2 0.050716910511255264 0 0
1151 2 0.05124715343117714 0 0
1152 2 0.05178884044289589 0 0
1153 2 0.052341971546411514 0 0
1154 2 0.052906546741724014 0 0
1155 2 0.05365825816988945 0 0
1156 2 0.05425335094332695 0 0
1157 2 0.05486370250582695 0 0
1158 2 0.05548931285738945 0 0
1159 2 0.05613018199801445 0 0
1160 2 0.05678630992770195 0 0
1161 2 0.05745769664645195 0 0
1162 2 0.05814434215426445 0 0
1163 2 0.05884624645113945 0 0
1164 2 0.05956340953707695 0 0
1165 2 0.06029583141207695 0 0
1166 2 0.06104351207613945 0 0
1167 2 0.06180645152926445 0 0
1168 2 0.06258464604616165 0 0
1169 2 0.06337810307741165 0 0
1170 2 0.06415935605764389 0 0
1171 2 0.06494060158729553 0 0
1172 2 0.06572185456752777 0 0
1173 2 0.06650310754776001 0 0
1174 2 0.06728435307741165 0 0
1175 2 0.06806560605764389 0 0
1176 2 0.06884685158729553 0 0
1177 2 0.06962810456752777 0 0
1178 2 0.07040935754776001 0 0
1179 2 0.07119060307741165 0 0
1180 2 0.07197185605764389 0 0
1181 2 0.07275310158729553 0 0
1182 2 0.07353435456752777 0 0
1183 2 0.07431560754776001 0 0
1184 2 0.07509685307741165 0 0
1185 2 0.07587810605764389 0 0
1186 2 0.07665935158729553 0 0
1187 2 0.07744060456752777 0 0
1188 2 0.07822185754776001 0 0
1189 2 0.07900310307741165 0 0
1190 2 0.07978435605764389 0 0
1191 2 0.08056560158729553 0 0
1192 2 0.08134685456752777 0 0
1193 2 0.08212810754776001 0 0
1194 2 0.08290935307741165 0 0
1195 2 0.08369060605764389 0 0
1196 2 0.08447185158729553 0 0
1197 2 0.08525310456752777 0 0
1198 2 0.08603435754776001 0 0
1199 2 0.08681560307741165 0 0
1200 2 0.08759685605764389 0 0
1201 2 0.08837810158729553 0 0
1202 2 0.08915935456752777 0 0
1203 2 0.08994060754776001 0 0
1204 2 0.09072185307741165 0 0
1205 2 0.09150310605764389 0 0
1206 2 0.09228435158729553 0 0
1207 2 0.09306560456752777 0 0
1208 2 0.09384685754776001 0 0
1209 2 0.09462810307741165 0 0
1210 2 0.09540935605764389 0 0
1211 2 0.09619060158729553 0 0
1212 2 0.09697185456752777 0 0
1213 2 0.09775310754776001 0 0
1214 2 0.09853435307741165 0 0
1215 2 0.09931560605764389 0 0
1216 2 0.10009685158729553 0 0
1217 2 0.10087810456752777 0 0
1218 2 0.10165935754776001 0 0
1219 2 0.10244060307741165 0 0
1220 2 0.10322185605764389 0 0
1221 2 0.10400310158729553 0 0
1222 2 0.10478435456752777 0 0
1223 0 0.10556560754776001 0 0
1224 0 0.10632968693971634 0 0
1225 0 0.10707660764455795 0 0
1226 0 0.10780635476112366 0 0
1227 0 0.10851894319057465 0 0
1228 0 0.10921436548233032 0 0
1229 0 0.10989261418581009 0 0
1230 0 0.11055370420217514 0 0
1231 1 0.11119762063026428 0 0
1232 1 0.11181865632534027 0 0
1233 1 0.11241680383682251 0 0
1234 1 0.1129920557141304 0 0
1235 1 0.11354442685842514 0 0
1236 1 0.1139020323753357 0 0
1237 1 0.11440862715244293 0 0
1238 1 0.11489233374595642 0 0
1239 1 0.11535314470529556 0 0
1240 1 0.11579107493162155 0 0
1241 1 0.1162061095237732 0 0
1242 1 0.11659826338291168 0 0
1243 1 0.11696752905845642 0 0
1244 1 0.11731389909982681 0 0
1245 1 0.11751531809568405 0 0
1246 1 0.11751531809568405 0 0
1247 1 0.11751531809568405 0 0
1248 1 0.11751531809568405 0 0
1249 1 0.11751531809568405 0 0
1250 1 0.11725973337888718 0 0
1251 1 0.11699270457029343 0 0
1252 1 0.1167142316699028 0 0
1253 1 0.1164243146777153 0 0
1254 1 0.11612295359373093 0 0
1255 1 0.11581014841794968 0 0
1256 1 0.11548589915037155 0 0
1257 0 0.11515020579099655 0 0
1258 0 0.11483167856931686 0 0
1259 0 0.11453031748533249 0 0
1260 0 0.11424612253904343 0 0
1261 0 0.11397909373044968 0 0
1262 0 0.11372923105955124 0 0
1263 2 0.11349653452634811 0 0
1264 2 0.11375211924314499 0 0
1265 2 0.11401914805173874 0 0
1266 2 0.11429762095212936 0 0
1267 0 0.11458753794431686 0 0
1268 0 0.11486028879880905 0 0
1269 0 0.11511587351560593 0 0
1270 0 0.11535429209470749 0 0
1271 0 0.11557554453611374 0 0
1272 0 0.11577963083982468 0 0
1273 2 0.1159665510058403 0 0
1274 2 0.11622213572263718 0 0
1275 2 0.11648916453123093 0 0
1276 2 0.11676763743162155 0 0
1277 2 0.11705755442380905 0 0
1278 2 0.11735891550779343 0 0
1279 2 0.11767172068357468 0 0
1280 2 0.1179959699511528 0 0
1281 2 0.1183316633105278 0 0
1282 2 0.11867880076169968 0 0
1283 2 0.11903738230466843 0 0
1284 2 0.11940740793943405 0 0
1285 2 0.11978887766599655 0 0
1286 2 0.12018179148435593 0 0
1287 2 0.12058614939451218 0 0
1288 2 0.1210019513964653 0 0
1289 2 0.1214291974902153 0 0
1290 2 0.12186788767576218 0 0
1291 0 0.12231802195310593 0 0
1292 0 0.12275099009275436 0 0
1293 2 0.12316679209470749 0 0
1294 2 0.12359403818845749 0 0
1295 2 0.12403272837400436 0 0
1296 2 0.12448286265134811 0 0
1297 2 0.12494444102048874 0 0
1298 2 0.12541745603084564 0 0
1299 2 0.12590192258358002 0 0
1300 2 0.12639783322811127 0 0
1301 0 0.1269051879644394 0 0
1302 0 0.1273953765630722 0 0
1303 0 0.1278683990240097 0 0
1304 0 0.1283242553472519 0 0
1305 0 0.12876294553279877 0 0
1306 0 0.12918446958065033 0 0
1307 0 0.12958882749080658 0 0
1308 0 0.12997601926326752 0 0
1309 0 0.13034604489803314 0 0
1310 0 0.13069890439510345 0 0
1311 0 0.13103459775447845 0 0
1312 0 0.13135312497615814 0 0
1313 0 0.13165448606014252 0 0
1314 0 0.13193868100643158 0 0
1315 0 0.13220570981502533 0 0
1316 0 0.13245557248592377 0 0
1317 0 0.1326882690191269 0 0
1318 0 0.1329037994146347 0 0
1319 0 0.1331021636724472 0 0
1320 0 0.1332833617925644 0 0
1321 0 0.13344739377498627 0 0
1322 0 0.13359425961971283 0 0
1323 0 0.13372395932674408 0 0
1324 0 0.13383649289608002 0 0
1325 0 0.13393186032772064 0 0
1326 0 0.13401006162166595 0 0
1327 2 0.13407109677791595 0 0
1328 2 0.13432668149471283 0 0
1329 2 0.13459371030330658 0 0
1330 2 0.1348721832036972 0 0
1331 2 0.1351621001958847 0 0
1332 2 0.13546346127986908 0 0
1333 2 0.13577626645565033 0 0
1334 2 0.13610051572322845 0 0
1335 2 0.13643620908260345 0 0
1336 2 0.13678334653377533 0 0
1337 2 0.13714192807674408 0 0
1338 2 0.1375119537115097 0 0
1339 2 0.1378934234380722 0 0
1340 2 0.13828633725643158 0 0
1341 2 0.13869069516658783 0 0
1342 2 0.13910649716854095 0 0
1343 2 0.13953374326229095 0 0
1344 2 0.13997243344783783 0 0
1345 18 0.14042256772518158 0 0
1346 18 0.1408841460943222 0 0
1347 18 0.1413571685552597 0 0
1348 18 0.14184163510799408 0 0
1349 2 0.14233754575252533 0 0
1350 2 0.14284490048885345 0 0
1351 2 0.14336369931697845 0 0
1352 2 0.14389394223690033 0 0
1353 2 0.14443562924861908 0 0
1354 2 0.1449887603521347 0 0
1355 2 0.1455533355474472 0 0
1356 2 0.14630503952503204 0 0
1357 2 0.14690013229846954 0 0
1358 2 0.14751048386096954 0 0
1359 2 0.14813609421253204 0 0
1360 2 0.14877696335315704 0 0
1361 2 0.14943309128284454 0 0
1362 2 0.15010447800159454 0 0
1363 2 0.15079112350940704 0 0
1364 2 0.15149302780628204 0 0
1365 2 0.15221019089221954 0 0
1366 2 0.15294261276721954 0 0
1367 2 0.15369029343128204 0 0
1368 2 0.15445323288440704 0 0
1369 2 0.15523143112659454 0 0
1370 2 0.15602488815784454 0 0
1371 2 0.15680614113807678 0 0
1372 2 0.15758739411830902 0 0
1373 2 0.15836864709854126 0 0
1374 18 0.1591499000787735 0 0
1375 18 0.15993113815784454 0 0
1376 18 0.16071239113807678 0 0
1377 18 0.16149364411830902 0 0
1378 18 0.16227489709854126 0 0
1379 18 0.1630561500787735 0 0
1380 18 0.16383738815784454 0 0
1381 2 0.16461864113807678 0 0
1382 2 0.16539989411830902 0 0
1383 2 0.16618114709854126 0 0
1384 2 0.1669624000787735 0 0
1385 2 0.16774363815784454 0 0
1386 2 0.16852489113807678 0 0
1387 2 0.16930614411830902 0 0
1388 2 0.17008739709854126 0 0
1389 2 0.1708686500787735 0 0
1390 2 0.17164988815784454 0 0
1391 2 0.17243114113807678 0 0
1392 2 0.17321239411830902 0 0
1393 2 0.17399364709854126 0 0
1394 2 0.1747749000787735 0 0
1395 2 0.17555613815784454 0 0
1396 2 0.17633739113807678 0 0
1397 2 0.17711864411830902 0 0
1398 2 0.1773434430360794 0 0
1399 2 0.17742715775966644 0 0
1400 2 0.17751531302928925 0 0
1401 2 0.17751531302928925 0 0
1402 2 0.17751531302928925 0 0
1403 2 0.17751531302928925 0 0
1404 2 0.17751531302928925 0 0
1405 18 0.17751531302928925 0 0
1406 18 0.17751531302928925 0 0
1407 18 0.17751531302928925 0 0
1408 18 0.17751531302928925 0 0
1409 18 0.17751531302928925 0 0
1410 18 0.17751531302928925 0 0
1411 2 0.17751531302928925 0 0
1412 2 0.17751531302928925 0 0
1413 2 0.17751531302928925 0 0
1414 2 0.17751531302928925 0 0
1415 2 0.17751531302928925 0 0
1416 2 0.17788533866405487 0 0
1417 2 0.17826680839061737 0 0
1418 2 0.17865972220897675 0 0
1419 2 0.179064080119133 0 0
1420 2 0.17947988212108612 0 0
1421 2 0.17990712821483612 0 0
1422 2 0.180345818400383 0 0
1423 2 0.18079595267772675 0 0
1424 2 0.18125753104686737 0 0
1425 2 0.18173055350780487 0 0
1426 2 0.18221502006053925 0 0
1427 0 0.18251532316207886 0 0
1428 0 0.18251532316207886 0 0
1429 0 0.18251532316207886 0 0
1430 0 0.18251532316207886 0 0
1431 0 0.18251532316207886 0 0
1432 0 0.18251532316207886 0 0
1433 0 0.18251532316207886 0 0
1434 0 0.18251532316207886 0 0
1435 0 0.18251532316207886 0 0
1436 0 0.18251532316207886 0 0
1437 0 0.18251532316207886 0 0
1438 0 0.18251532316207886 0 0
1439 0 0.18251532316207886 0 0
1440 0 0.18251532316207886 0 0
1441 0 0.18251532316207886 0 0
1442 0 0.18251532316207886 0 0
1443 0 0.18251532316207886 0 0
1444 0 0.18251532316207886 0 0
1445 0 0.18251532316207886 0 0
1446 0 0.18251532316207886 0 0
1447 0 0.18251532316207886 0 0
1448 0 0.18251532316207886 0 0
1449 0 0.18251532316207886 0 0
1450 0 0.18251532316207886 0 0
1451 0 0.18251532316207886 0 0
1452 0 0.18251532316207886 0 0
1453 0 0.18251532316207886 0 0
1454 0 0.18251532316207886 0 0
1455 0 0.18251532316207886 0 0
1456 0 0.18251532316207886 0 0
1457 0 0.18251532316207886 0 0
1458 0 0.18251532316207886 0 0
1459 0 0.18251532316207886 0 0
1460 0 0.18251532316207886 0 0
1461 0 0.18251532316207886 0 0
1462 0 0.18251532316207886 0 0
1463 0 0.18251532316207886 0 0
1464 0 0.18251532316207886 0 0
1465 0 0.18251532316207886 0 0
1466 0 0.18251532316207886 0 0
1467 18 0.18251532316207886 0 0
1468 18 0.18251532316207886 0 0
1469 18 0.18251532316207886 0 0
1470 18 0.18251532316207886 0 0
1471 18 0.18251532316207886 0 0
1472 18 0.18281668424606323 0 0
1473 18 0.18312948942184448 0 0
1474 18 0.1834537386894226 0 0
1475 18 0.1837894320487976 0 0
1476 18 0.18413656949996948 0 0
1477 18 0.18449515104293823 0 0
1478 18 0.18486517667770386 0 0
1479 18 0.18524664640426636 0 0
1480 2 0.18563956022262573 0 0
1481 2 0.18604391813278198 0 0
1482 2 0.1864597201347351 0 0
1483 2 0.1868869662284851 0 0
1484 2 0.18732565641403198 0 0
1485 2 0.18777579069137573 0 0
1486 2 0.18823736906051636 0 0
1487 2 0.18871039152145386 0 0
1488 2 0.18919485807418823 0 0
1489 2 0.18969076871871948 0 0
1490 2 0.1901981234550476 0 0
1491 2 0.1907169222831726 0 0
1492 2 0.19124716520309448 0 0
1493 2 0.19178885221481323 0 0
1494 2 0.19234198331832886 0 0
1495 2 0.19290655851364136 0 0
1496 2 0.1936582624912262 0 0
1497 2 0.1942533552646637 0 0
1498 2 0.1948637068271637 0 0
1499 2 0.1954893171787262 0 0
1500 2 0.1961301863193512 0 0
1501 2 0.1967863142490387 0 0
1502 2 0.1974577009677887 0 0
1503 2 0.1981443464756012 0 0
1504 2 0.1988462507724762 0 0
1505 2 0.1995634138584137 0 0
1506 2 0.2002958357334137 0 0
1507 2 0.2010435163974762 0 0
1508 2 0.2018064558506012 0 0
1509 2 0.2025846540927887 0 0
1510 2 0.2033781111240387 0 0
1511 2 0.20415934920310974 0 0
1512 2 0.20494060218334198 0 0
1513 18 0.20572185516357422 0 0
1514 18 0.20650310814380646 0 0
1515 18 0.2072843611240387 0 0
1516 18 0.20806559920310974 0 0
1517 2 0.20884685218334198 0 0
1518 2 0.20962810516357422 0 0
1519 2 0.21040935814380646 0 0
1520 2 0.2111906111240387 0 0
1521 2 0.21197184920310974 0 0
1522 2 0.21275310218334198 0 0
1523 2 0.21353435516357422 0 0
1524 2 0.21431560814380646 0 0
1525 2 0.2150968611240387 0 0
1526 2 0.21587809920310974 0 0
1527 2 0.21665935218334198 0 0
1528 2 0.21744060516357422 0 0
1529 0 0.21822185814380646 0 0
1530 0 0.21898594498634338 0 0
1531 0 0.2197328507900238 0 0
1532 0 0.2204626053571701 0 0
1533 0 0.2211751937866211 0 0
1534 0 0.22187061607837677 0 0
1535 0 0.22254887223243713 0 0
1536 0 0.223209947347641 0 0
1537 0 0.22385387122631073 0 0
1538 0 0.22448062896728516 0 0
1539 0 0.22509022057056427 0 0
1540 0 0.22568264603614807 0 0
1541 0 0.22625789046287537 0 0
1542 0 0.22681598365306854 0 0
1543 0 0.22718504071235657 0 0
1544 0 0.22770880162715912 0 0
1545 0 0.22821539640426636 0 0
1546 0 0.2287048101425171 0 0
1547 0 0.2291770726442337 0 0
1548 0 0.229632169008255 0 0
1549 0 0.230070099234581 0 0
1550 0 0.23049086332321167 0 0
1551 0 0.23089444637298584 0 0
1552 0 0.2312808781862259 0 0
1553 0 0.23165014386177063 0 0
1554 0 0.23200224339962006 0 0
1555 0 0.23233717679977417 0 0
1556 0 0.23265492916107178 0 0
1557 0 0.23295553028583527 0 0
1558 0 0.23323896527290344 0 0
1559 0 0.2335052341222763 0 0
1560 0 0.23375433683395386 0 0
1561 0 0.2339862585067749 0 0
1562 0 0.2339862585067749 0 0
1563 0 0.2339862585067749 0 0
1564 0 0.2339862585067749 0 0
1565 0 0.2339862585067749 0 0
1566 0 0.2339862585067749 0 0
1567 0 0.2339862585067749 0 0
1568 0 0.2339862585067749 0 0
1569 0 0.2339862585067749 0 0
1570 0 0.2339862585067749 0 0
1571 0 0.2339862585067749 0 0
1572 0 0.2339862585067749 0 0
1573 0 0.2339862585067749 0 0
1574 0 0.2339862585067749 0 0
1575 0 0.2339862585067749 0 0
1576 0 0.2339862585067749 0 0
1577 0 0.2339862585067749 0 0
1578 0 0.2339862585067749 0 0
1579 0 0.2339862585067749 0 0
1580 0 0.2339862585067749 0 0
1581 0 0.2339862585067749 0 0
1582 0 0.2339862585067749 0 0
1583 0 0.2339862585067749 0 0
1584 0 0.2339862585067749 0 0
1585 0 0.2339862585067749 0 0
1586 0 0.2339862585067749 0 0
1587 0 0.2339862585067749 0 0
1588 0 0.2339862585067749 0 0
1589 0 0.2339862585067749 0 0
1590 0 0.2339862585067749 0 0
1591 0 0.2339862585067749 0 0
1592 0 0.2339862585067749 0 0
1593 0 0.2339862585067749 0 0
1594 0 0.2339862585067749 0 0
1595 0 0.2339862585067749 0 0
1596 0 0.2339862585067749 0 0
1597 0 0.2339862585067749 0 0
1598 0 0.2339862585067749 0 0
1599 0 0.2339862585067749 0 0
1600 0 0.2339862585067749 0 0
1601 0 0.2339862585067749 0 0
1602 0 0.2339862585067749 0 0
1603 0 0.2339862585067749 0 0
1604 0 0.2339862585067749 0 0
1605 0 0.2339862585067749 0 0
1606 0 0.2339862585067749 0 0
1607 0 0.2339862585067749 0 0
1608 0 0.2339862585067749 0 0
1609 0 0.2339862585067749 0 0
1610 0 0.2339862585067749 0 0
1611 0 0.2339862585067749 0 0
1612 0 0.2339862585067749 0 0
1613 0 0.2339862585067749 0 0
1614 0 0.2339862585067749 0 0
1615 0 0.2339862585067749 0 0
1616 0 0.2339862585067749 0 0
1617 0 0.2339862585067749 0 0
1618 0 0.2339862585067749 0 0
1619 0 0.2339862585067749 0 0
1620 0 0.2339862585067749 0 0
1621 0 0.2339862585067749 0 0
1622 0 0.2339862585067749 0 0
1623 0 0.2339862585067749 0 0
1624 0 0.2339862585067749 0 0
1625 0 0.2339862585067749 0 0
1626 0 0.2339862585067749 0 0
1627 0 0.2339862585067749 0 0
1628 0 0.2339862585067749 0 0
1629 0 0.2339862585067749 0 0
1630 0 0.2339862585067749 0 0
1631 0 0.2339862585067749 0 0
1632 0 0.2339862585067749 0 0
1633 0 0.2339862585067749 0 0
1634 0 0.2339862585067749 0 0
1635 0 0.2339862585067749 0 0
1636 0 0.2339862585067749 0 0
1637 0 0.2339862585067749 0 0
1638 0 0.2339862585067749 0 0
1639 0 0.2339862585067749 0 0
1640 0 0.2339862585067749 0 0
1641 0 0.2339862585067749 0 0
1642 0 0.2339862585067749 0 0
1643 0 0.2339862585067749 0 0
1644 0 0.2339862585067749 0 0
1645 0 0.2339862585067749 0 0
1646 0 0.2339862585067749 0 0
1647 0 0.2339862585067749 0 0
1648 0 0.2339862585067749 0 0
1649 0 0.2339862585067749 0 0
1650 0 0.2339862585067749 0 0
1651 0 0.2339862585067749 0 0
1652 0 0.2339862585067749 0 0
1653 0 0.2339862585067749 0 0
1654 0 0.2339862585067749 0 0
1655 0 0.2339862585067749 0 0
1656 0 0.2339862585067749 0 0
1657 0 0.2339862585067749 0 0
1658 0 0.2339862585067749 0 0
1659 0 0.2339862585067749 0 0
1660 0 0.2339862585067749 0 0
1661 0 0.2339862585067749 0 0
1662 0 0.2339862585067749 0 0
1663 0 0.2339862585067749 0 0
1664 0 0.2339862585067749 0 0
1665 0 0.2339862585067749 0 0
1666 0 0.2339862585067749 0 0
1667 0 0.2339862585067749 0 0
1668 0 0.2339862585067749 0 0
1669 2 0.2339862585067749 0 0
1670 2 0.23424184322357178 0 0
1671 2 0.23450887203216553 0 0
1672 2 0.23478734493255615 0 0
1673 2 0.23507726192474365 0 0
1674 2 0.23537862300872803 0 0
1675 18 0.23569142818450928 0 0
1676 18 0.2360156774520874 0 0
1677 18 0.2363513708114624 0 0
1678 18 0.23669850826263428 0 0
1679 18 0.23705708980560303 0 0
1680 18 0.23742711544036865 0 0
1681 18 0.23780858516693115 0 0
1682 18 0.23820149898529053 0 0
1683 18 0.23860585689544678 0 0
1684 18 0.2390216588973999 0 0
1685 18 0.2394489049911499 0 0
1686 18 0.23988759517669678 0 0
1687 18 0.24033772945404053 0 0
1688 18 0.24079930782318115 0 0
1689 18 0.24127233028411865 0 0
1690 18 0.24175679683685303 0 0
1691 18 0.24225270748138428 0 0
1692 18 0.2427600622177124 0 0
1693 18 0.2432788610458374 0 0
1694 18 0.24380910396575928 0 0
1695 18 0.24435079097747803 0 0
1696 18 0.24490392208099365 0 0
1697 18 0.24546849727630615 0 0
1698 18 0.246220201253891 0 0
1699 18 0.2468152940273285 0 0
1700 18 0.24734345078468323 0 0
1701 18 0.24742716550827026 0 0
1702 18 0.24751532077789307 0 0
1703 18 0.24751532077789307 0 0
1704 18 0.24751532077789307 0 0
1705 18 0.24751532077789307 0 0
1706 18 0.24751532077789307 0 0
1707 18 0.24751532077789307 0 0
1708 18 0.24751532077789307 0 0
1709 2 0.24751532077789307 0 0
1710 2 0.24751532077789307 0 0
1711 2 0.24751532077789307 0 0
1712 2 0.24751532077789307 0 0
1713 2 0.24751532077789307 0 0
1714 2 0.24751532077789307 0 0
1715 2 0.24751532077789307 0 0
1716 2 0.24751532077789307 0 0
1717 2 0.24751532077789307 0 0
1718 2 0.24751532077789307 0 0
1719 2 0.24751532077789307 0 0
1720 2 0.24751532077789307 0 0
1721 2 0.24751532077789307 0 0
1722 2 0.24751532077789307 0 0
1723 0 0.24751532077789307 0 0
1724 0 0.24751532077789307 0 0
1725 0 0.24751532077789307 0 0
1726 0 0.24751532077789307 0 0
1727 0 0.24751532077789307 0 0
1728 1 0.24751532077789307 0 0
1729 1 0.24751532077789307 0 0
1730 1 0.2472597360610962 0 0
1731 1 0.24699270725250244 0 0
1732 1 0.24671423435211182 0 0
1733 1 0.24642431735992432 0 0
1734 1 0.24612295627593994 0 0
1735 1 0.2458101511001587 0 0
1736 1 0.24548590183258057 0 0
1737 1 0.24515020847320557 0 0
1738 1 0.2448030710220337 0 0
1739 1 0.24444448947906494 0 0
1740 1 0.24407446384429932 0 0
1741 1 0.24369299411773682 0 0
1742 1 0.24330008029937744 0 0
1743 1 0.2428957223892212 0 0
1744 1 0.24247992038726807 0 0
1745 1 0.24205267429351807 0 0
1746 1 0.2416139841079712 0 0
1747 1 0.24116384983062744 0 0
1748 1 0.24070227146148682 0 0
1749 1 0.24022924900054932 0 0
1750 1 0.23974478244781494 0 0
1751 1 0.2392488718032837 0 0
1752 1 0.23874151706695557 0 0
1753 1 0.23822271823883057 0 0
1754 1 0.2376924753189087 0 0
1755 1 0.23715078830718994 0 0
1756 0 0.23659765720367432 0 0
1757 0 0.236061692237854 0 0
1758 0 0.235542893409729 0 0
1759 0 0.23504126071929932 0 0
1760 0 0.23455679416656494 0 0
1761 0 0.23408949375152588 0 0
1762 0 0.23363935947418213 0 0
1763 0 0.2332063913345337 0 0
1764 0 0.23279058933258057 0 0
1765 0 0.23239195346832275 0 0
1766 0 0.23201048374176025 0 0
1767 0 0.23164618015289307 0 0
1768 0 0.2312990427017212 0 0
1769 2 0.23096907138824463 0 0
1770 2 0.23066198825836182 0 0
1771 2 0.23037779331207275 0 0
1772 2 0.23011648654937744 0 0
1773 2 0.22987806797027588 0 0
1774 2 0.23013365268707275 0 0
1775 2 0.2304006814956665 0 0
1776 2 0.23067915439605713 0 0
1777 2 0.23096907138824463 0 0
1778 2 0.231270432472229 0 0
1779 2 0.23158323764801025 0 0
1780 2 0.23190748691558838 0 0
1781 2 0.23224318027496338 0 0
1782 2 0.23259031772613525 0 0
1783 2 0.232948899269104 0 0
1784 2 0.23331892490386963 0 0
1785 2 0.23370039463043213 0 0
1786 2 0.2340933084487915 0 0
1787 2 0.23449766635894775 0 0
1788 2 0.23491346836090088 0 0
1789 2 0.23534071445465088 0 0
1790 2 0.23577940464019775 0 0
1791 18 0.2362295389175415 0 0
1792 18 0.23669111728668213 0 0
1793 18 0.23716413974761963 0 0
1794 18 0.237648606300354 0 0
1795 18 0.23814451694488525 0 0
1796 18 0.23865187168121338 0 0
1797 18 0.23917067050933838 0 0
1798 18 0.23970091342926025 0 0
1799 18 0.240242600440979 0 0
1800 18 0.24079573154449463 0 0
1801 18 0.24136030673980713 0 0
1802 18 0.24211201071739197 0 0
1803 18 0.24270710349082947 0 0
1804 18 0.24331745505332947 0 0
1805 18 0.24394306540489197 0 0
1806 18 0.24458393454551697 0 0
1807 18 0.24524006247520447 0 0
1808 18 0.24591144919395447 0 0
1809 18 0.24659809470176697 0 0
1810 18 0.24729999899864197 0 0
1811 18 0.24734345078468323 0 0
1812 18 0.24742716550827026 0 0
1813 18 0.24751532077789307 0 0
1814 18 0.24751532077789307 0 0
1815 18 0.24751532077789307 0 0
1816 18 0.24751532077789307 0 0
1817 18 0.24782812595367432 0 0
1818 18 0.24815237522125244 0 0
1819 18 0.24848806858062744 0 0
1820 18 0.24883520603179932 0 0
1821 18 0.24919378757476807 0 0
1822 18 0.2495638132095337 0 0
1823 2 0.2499452829360962 0 0
1824 2 0.25033819675445557 0 0
1825 2 0.2507425546646118 0 0
1826 2 0.25115835666656494 0 0
1827 2 0.25158560276031494 0 0
1828 2 0.2520242929458618 0 0
1829 2 0.25247442722320557 0 0
1830 2 0.2525153160095215 0 0
1831 18 0.2525153160095215 0 0
1832 18 0.2525153160095215 0 0
1833 18 0.2525153160095215 0 0
1834 18 0.2525153160095215 0 0
1835 18 0.2525153160095215 0 0
1836 18 0.25281667709350586 0 0
1837 18 0.2531294822692871 0 0
1838 18 0.25345373153686523 0 0
1839 18 0.25378942489624023 0 0
1840 18 0.2541365623474121 0 0
1841 18 0.25449514389038086 0 0
1842 18 0.2548651695251465 0 0
1843 18 0.255246639251709 0 0
1844 18 0.25563955307006836 0 0
1845 18 0.2560439109802246 0 0
1846 18 0.25645971298217773 0 0
1847 18 0.25688695907592773 0 0
1848 18 0.2573256492614746 0 0
1849 18 0.25777578353881836 0 0
1850 18 0.258237361907959 0 0
1851 18 0.2587103843688965 0 0
1852 18 0.25919485092163086 0 0
1853 18 0.2596907615661621 0 0
1854 18 0.26019811630249023 0 0
1855 18 0.26071691513061523 0 0
1856 18 0.2612471580505371 0 0
1857 18 0.26178884506225586 0 0
1858 18 0.2623419761657715 0 0
1859 18 0.262906551361084 0 0
1860 18 0.2636582553386688 0 0
1861 18 0.2642533481121063 0 0
1862 18 0.2648636996746063 0 0
1863 18 0.2654893100261688 0 0
1864 18 0.2661301791667938 0 0
1865 18 0.2667863070964813 0 0
1866 2 0.2674576938152313 0 0
1867 2 0.2681443393230438 0 0
1868 2 0.2688462436199188 0 0
1869 2 0.2695634067058563 0 0
1870 2 0.2702958285808563 0 0
1871 2 0.2710435092449188 0 0
1872 2 0.2718064486980438 0 0
1873 2 0.2725846469402313 0 0
1874 2 0.2733781039714813 0 0
1875 2 0.27415934205055237 0 0
1876 2 0.2749406099319458 0 0
1877 2 0.27572184801101685 0 0
1878 2 0.2765031158924103 0 0
1879 2 0.2772843539714813 0 0
1880 2 0.27806559205055237 0 0
1881 2 0.2788468599319458 0 0
1882 2 0.27962809801101685 0 0
1883 2 0.2804093658924103 0 0
1884 2 0.2811906039714813 0 0
1885 2 0.28197184205055237 0 0
1886 2 0.2827531099319458 0 0
1887 2 0.28353434801101685 0 0
1888 2 0.2843156158924103 0 0
1889 2 0.2850968539714813 0 0
1890 2 0.28587809205055237 0 0
1891 2 0.2866593599319458 0 0
1892 2 0.28744059801101685 0 0
1893 2 0.2882218658924103 0 0
1894 2 0.2890031039714813 0 0
1895 0 0.28978434205055237 0 0
1896 0 0.2905484437942505 0 0
1897 0 0.2912953495979309 0 0
1898 0 0.2920251190662384 0 0
1899 0 0.2923434376716614 0 0
1900 0 0.29217156767845154 0 0
1901 0 0.29217156767845154 0 0
1902 0 0.29217156767845154 0 0
1903 0 0.29217156767845154 0 0
1904 0 0.29217156767845154 0 0
1905 1 0.29217156767845154 0 0
1906 1 0.29191598296165466 0 0
1907 1 0.2916489541530609 0 0
1908 1 0.2913704812526703 0 0
1909 1 0.2910805642604828 0 0
1910 1 0.2907792031764984 0 0
1911 1 0.29046639800071716 0 0
1912 1 0.29014214873313904 0 0
1913 1 0.28980645537376404 0 0
1914 1 0.28945931792259216 0 0
1915 1 0.2891007363796234 0 0
1916 1 0.2887307107448578 0 0
1917 1 0.2883492410182953 0 0
1918 1 0.2879563271999359 0 0
1919 1 0.28755196928977966 0 0
1920 1 0.28713616728782654 0 0
1921 17 0.28670892119407654 0 0
1922 17 0.28627023100852966 0 0
1923 17 0.2858200967311859 0 0
1924 17 0.2853585183620453 0 0
1925 17 0.2848854959011078 0 0
1926 17 0.2844010293483734 0 0
1927 17 0.28390511870384216 0 0
1928 17 0.28339776396751404 0 0
1929 17 0.28287896513938904 0 0
1930 17 0.28234872221946716 0 0
1931 17 0.2818070352077484 0 0
1932 17 0.2812539041042328 0 0
1933 17 0.2806893289089203 0 0
1934 17 0.2802813649177551 0 0
1935 17 0.2796862721443176 0 0
1936 17 0.2790759205818176 0 0
1937 17 0.2784503102302551 0 0
1938 17 0.2778094410896301 0 0
1939 17 0.2771533131599426 0 0
1940 17 0.2764819264411926 0 0
1941 17 0.2757952809333801 0 0
1942 17 0.2750933766365051 0 0
1943 1 0.2743762135505676 0 0
1944 1 0.2736437916755676 0 0
1945 1 0.2728961110115051 0 0
1946 0 0.27265655994415283 0 0
1947 0 0.272484689950943 0 0
1948 0 0.272484689950943 0 0
1949 0 0.272484689950943 0 0
1950 0 0.272484689950943 0 0
1951 0 0.272484689950943 0 0
1952 0 0.272484689950943 0 0
1953 0 0.272484689950943 0 0
1954 0 0.272484689950943 0 0
1955 0 0.272484689950943 0 0
1956 0 0.272484689950943 0 0
1957 0 0.272484689950943 0 0
1958 0 0.272484689950943 0 0
1959 0 0.272484689950943 0 0
1960 0 0.272484689950943 0 0
1961 0 0.272484689950943 0 0
1962 0 0.272484689950943 0 0
1963 0 0.272484689950943 0 0
1964 2 0.272484689950943 0 0
1965 2 0.27274027466773987 0 0
1966 2 0.2730073034763336 0 0
1967 2 0.27328577637672424 0 0
1968 2 0.27357569336891174 0 0
1969 2 0.2738770544528961 0 0
1970 2 0.27418985962867737 0 0
1971 2 0.2745141088962555 0 0
1972 2 0.2748498022556305 0 0
1973 2 0.27519693970680237 0 0
1974 2 0.2755555212497711 0 0
1975 2 0.27592554688453674 0 0
1976 2 0.27630701661109924 0 0
1977 2 0.2766999304294586 0 0
1978 2 0.27710428833961487 0 0
1979 2 0.27751532196998596 0 0
1980 2 0.27751532196998596 0 0
1981 2 0.27751532196998596 0 0
1982 2 0.27751532196998596 0 0
1983 2 0.27751532196998596 0 0
1984 2 0.27751532196998596 0 0
1985 18 0.27751532196998596 0 0
1986 18 0.27751532196998596 0 0
1987 18 0.27751532196998596 0 0
1988 2 0.27751532196998596 0 0
1989 2 0.27751532196998596 0 0
1990 2 0.27781668305397034 0 0
1991 2 0.2781294882297516 0 0
1992 2 0.2784537374973297 0 0
1993 2 0.2787894308567047 0 0
1994 2 0.2791365683078766 0 0
1995 2 0.27949514985084534 0 0
1996 2 0.27986517548561096 0 0
1997 2 0.28024664521217346 0 0
1998 2 0.28063955903053284 0 0
1999 2 0.2810439169406891 0 0
2000 2 0.2814597189426422 0 0
2001 2 0.2818869650363922 0 0
2002 2 0.2823256552219391 0 0
2003 2 0.28277578949928284 0 0
2004 2 0.28323736786842346 0 0
2005 2 0.28371039032936096 0 0
2006 2 0.28419485688209534 0 0
2007 2 0.2846907675266266 0 0
2008 2 0.2851981222629547 0 0
2009 2 0.2857169210910797 0 0
2010 2 0.2862471640110016 0 0
2011 2 0.28678885102272034 0 0
2012 2 0.28734198212623596 0 0
2013 2 0.28790655732154846 0 0
2014 2 0.2886582612991333 0 0
2015 2 0.2892533540725708 0 0
2016 2 0.2898637056350708 0 0
2017 2 0.2904893159866333 0 0
2018 2 0.2911301851272583 0 0
2019 2 0.2917863130569458 0 0
2020 2 0.2923434376716614 0 0
2021 2 0.2924271523952484 0 0
2022 2 0.2925153076648712 0 0
2023 0 0.2925153076648712 0 0
2024 0 0.2925153076648712 0 0
2025 0 0.2925153076648712 0 0
2026 0 0.2925153076648712 0 0
2027 0 0.2925153076648712 0 0
2028 0 0.2925153076648712 0 0
2029 0 0.2925153076648712 0 0
2030 0 0.2925153076648712 0 0
2031 0 0.2925153076648712 0 0
2032 0 0.2925153076648712 0 0
2033 0 0.2925153076648712 0 0
2034 0 0.2925153076648712 0 0
2035 0 0.2925153076648712 0 0
2036 0 0.2925153076648712 0 0
2037 0 0.2925153076648712 0 0
2038 0 0.2925153076648712 0 0
2039 0 0.2925153076648712 0 0
2040 0 0.2925153076648712 0 0
2041 0 0.2925153076648712 0 0
2042 0 0.2925153076648712 0 0
2043 0 0.2925153076648712 0 0
2044 0 0.2925153076648712 0 0
2045 0 0.2925153076648712 0 0
2046 0 0.2925153076648712 0 0
2047 0 0.2925153076648712 0 0
2048 0 0.2925153076648712 0 0
2049 0 0.2925153076648712 0 0
2050 0 0.2925153076648712 0 0
2051 0 0.2925153076648712 0 0
2052 0 0.2925153076648712 0 0
2053 0 0.2925153076648712 0 0
2054 0 0.2925153076648712 0 0
2055 0 0.2925153076648712 0 0
2056 0 0.2925153076648712 0 0
2057 0 0.2925153076648712 0 0
2058 0 0.2925153076648712 0 0
2059 0 0.2925153076648712 0 0
2060 0 0.2925153076648712 0 0
2061 0 0.2925153076648712 0 0
2062 0 0.2925153076648712 0 0
2063 0 0.2925153076648712 0 0
2064 0 0.2925153076648712 0 0
2065 0 0.2925153076648712 0 0
2066 0 0.2925153076648712 0 0
2067 0 0.2925153076648712 0 0
2068 0 0.2925153076648712 0 0
2069 0 0.2925153076648712 0 0
2070 0 0.2925153076648712 0 0
2071 0 0.2925153076648712 0 0
2072 0 0.2925153076648712 0 0
2073 0 0.2925153076648712 0 0
2074 0 0.2925153076648712 0 0
2075 0 0.2925153076648712 0 0
2076 0 0.2925153076648712 0 0
2077 0 0.2925153076648712 0 0
2078 0 0.2925153076648712 0 0
2079 0 0.2925153076648712 0 0
2080 0 0.2925153076648712 0 0
2081 0 0.2925153076648712 0 0
2082 0 0.2925153076648712 0 0
2083 1 0.2925153076648712 0 0
2084 1 0.29225972294807434 0 0
2085 1 0.2919926941394806 0 0
2086 1 0.29171422123908997 0 0
2087 1 0.29142430424690247 0 0
2088 1 0.2911229431629181 0 0
2089 1 0.29081013798713684 0 0
2090 1 0.2904858887195587 0 0
2091 1 0.2901501953601837 0 0
2092 1 0.28980305790901184 0 0
2093 1 0.2894444763660431 0 0
2094 1 0.28907445073127747 0 0
2095 1 0.28869298100471497 0 0
2096 1 0.2883000671863556 0 0
2097 17 0.28789570927619934 0 0
2098 17 0.2874799072742462 0 0
2099 17 0.2870526611804962 0 0
2100 17 0.28661397099494934 0 0
2101 17 0.2861638367176056 0 0
2102 17 0.28570225834846497 0 0
2103 17 0.28522923588752747 0 0
2104 17 0.2847447693347931 0 0
2105 17 0.28424885869026184 0 0
2106 17 0.2837415039539337 0 0
2107 17 0.2825153172016144 0 0
2108 17 0.2819850742816925 0 0
2109 17 0.28144338726997375 0 0
2110 17 0.28089025616645813 0 0
2111 17 0.28032568097114563 0 0
2112 17 0.27991771697998047 0 0
2113 17 0.27932262420654297 0 0
2114 17 0.27871227264404297 0 0
2115 17 0.27808666229248047 0 0
2116 17 0.27744579315185547 0 0
2117 17 0.27678966522216797 0 0
2118 17 0.27611827850341797 0 0
2119 17 0.27543163299560547 0 0
2120 17 0.27472972869873047 0 0
2121 17 0.27401256561279297 0 0
2122 17 0.27328014373779297 0 0
2123 17 0.27253246307373047 0 0
2124 17 0.27176952362060547 0 0
2125 17 0.27099132537841797 0 0
2126 17 0.27019786834716797 0 0
2127 17 0.2694166302680969 0 0
2128 17 0.2686353623867035 0 0
2129 0 0.26785412430763245 0 0
2130 0 0.2670900225639343 0 0
2131 0 0.2663431167602539 0 0
2132 0 0.2656133770942688 0 0
2133 2 0.2649007737636566 0 0
2134 2 0.264216810464859 0 0
2135 2 0.26355570554733276 0 0
2136 2 0.26291751861572266 0 0
2137 2 0.2623022198677063 0 0
2138 2 0.2617097795009613 0 0
2139 2 0.26114025712013245 0 0
2140 2 0.2613295912742615 0 1
2140 2 0.2613295912742615 0 1
