data/levels/bonus1/abednego-level3.stl
1 16 0.012072917073965073 0 0
2 16 0.012072917073965073 0 0
3 16 0.012072917073965073 0 0
4 16 0.012072917073965073 0 0
5 16 0.012072917073965073 0 0
6 0 0.012072917073965073 0 0
7 0 0.012072917073965073 0 0
8 0 0.012072917073965073 0 0
9 0 0.012072917073965073 0 0
10 0 0.012072917073965073 0 0
11 0 0.012072917073965073 0 0
12 0 0.012072917073965073 0 0
13 0 0.012072917073965073 0 0
14 0 0.012072917073965073 0 0
15 0 0.012072917073965073 0 0
16 0 0.012072917073965073 0 0
17 2 0.012072917073965073 0 0
18 2 0.012243306264281273 0 0
19 2 0.012421325780451298 0 0
20 2 0.012606974691152573 0 0
21 2 0.012800252065062523 0 0
22 2 0.013001159764826298 0 0
23 2 0.013209696859121323 0 0
24 2 0.013425862416625023 0 0
25 2 0.013649657368659973 0 0
26 2 0.013881082646548748 0 0
27 2 0.014120137318968773 0 0
28 2 0.014366820454597473 0 0
29 2 0.014621133916079998 0 0
30 2 0.014883076772093773 0 0
31 2 0.015152648091316223 0 0
32 2 0.015429849736392498 0 0
33 2 0.015714680776000023 0 0
34 2 0.016007140278816223 0 0
35 2 0.016307229176163673 0 0
36 2 0.016614949330687523 0 0
37 2 0.016930297017097473 0 0
38 2 0.017253274098038673 0 0
39 2 0.017583882436156273 0 0
40 2 0.017922118306159973 0 0
41 2 0.018267983570694923 0 0
42 2 0.018621480092406273 0 0
43 2 0.018982604146003723 0 0
44 2 0.019351357594132423 0 0
45 2 0.019727742299437523 0 0
46 2 0.020228881388902664 0 0
47 2 0.020625609904527664 0 0
48 2 0.021032512187957764 0 0
49 2 0.021449584513902664 0 0
50 2 0.021876830607652664 0 0
51 2 0.022314250469207764 0 0
52 2 0.022761840373277664 0 0
53 2 0.023219604045152664 0 0
54 2 0.023687541484832764 0 0
55 2 0.024165648967027664 0 0
56 2 0.024653930217027664 0 0
57 2 0.025152385234832764 0 0
58 2 0.025661010295152664 0 0
59 2 0.026179809123277664 0 0
60 2 0.026708781719207764 0 0
61 2 0.027229614555835724 0 0
62 2 0.027750447392463684 0 0
63 2 0.028271280229091644 0 0
64 2 0.028792114928364754 0 0
65 2 0.029312947764992714 0 0
66 2 0.029833780601620674 0 0
67 2 0.030354613438248634 0 0
68 2 0.030875448137521744 0 0
69 2 0.031396280974149704 0 0
70 2 0.031917113810777664 0 0
71 2 0.032437946647405624 0 0
72 2 0.032958779484033585 0 0
73 2 0.03347961604595184 0 0
74 2 0.0340004488825798 0 0
75 2 0.034521281719207764 0 0
76 2 0.035042114555835724 0 0
77 2 0.035562947392463684 0 0
78 2 0.036083780229091644 0 0
79 2 0.036604613065719604 0 0
80 2 0.037125445902347565 0 0
81 2 0.03764628246426582 0 0
82 2 0.038167115300893784 0 0
83 2 0.038687948137521744 0 0
84 2 0.039208780974149704 0 0
85 2 0.039729613810777664 0 0
86 2 0.040250446647405624 0 0
87 2 0.040771279484033585 0 0
88 2 0.04129211604595184 0 0
89 2 0.0418129488825798 0 0
90 2 0.042333781719207764 0 0
91 2 0.042854614555835724 0 0
92 2 0.043375447392463684 0 0
93 2 0.043896280229091644 0 0
94 2 0.044417113065719604 0 0
95 2 0.044937945902347565 0 0
96 2 0.04545878246426582 0 0
97 2 0.045979615300893784 0 0
98 2 0.046500448137521744 0 0
99 2 0.047021280974149704 0 0
100 2 0.047542113810777664 0 0
101 2 0.048062946647405624 0 0
102 2 0.048583779484033585 0 0
103 2 0.04910461604595184 0 0
104 18 0.0496254488825798 0 0
105 18 0.050146281719207764 0 0
106 18 0.050667114555835724 0 0
107 18 0.051187947392463684 0 0
108 18 0.051708780229091644 0 0
109 18 0.052229613065719604 0 0
110 18 0.052750445902347565 0 0
111 18 0.05327128246426582 0 0
112 18 0.053792115300893784 0 0
113 18 0.054312948137521744 0 0
114 18 0.054833780974149704 0 0
115 18 0.055354613810777664 0 0
116 18 0.055875446647405624 0 0
117 18 0.056396279484033585 0 0
118 2 0.05691711604595184 0 0
119 2 0.0574379488825798 0 0
120 2 0.057958781719207764 0 0
121 2 0.058479614555835724 0 0
122 2 0.059000447392463684 0 0
123 2 0.059521280229091644 0 0
124 2 0.060042113065719604 0 0
125 2 0.060562945902347565 0 0
126 2 0.06108378246426582 0 0
127 2 0.061604615300893784 0 0
128 2 0.062125448137521744 0 0
129 2 0.0626462772488594 0 0
130 2 0.06316711753606796 0 0
131 0 0.06368795037269592 0 0
132 0 0.06419733911752701 0 0
133 0 0.06469528377056122 0 0
134 0 0.06518178433179855 0 0
135 0 0.06565684080123901 0 0
136 0 0.0661204531788826 0 0
137 0 0.06657262146472931 0 0
138 0 0.06701334565877914 0 0
139 0 0.0674426257610321 0 0
140 0 0.06786046177148819 0 0
141 0 0.0682668536901474 0 0
142 0 0.06866180151700974 0 0
143 0 0.0690453052520752 0 0
144 0 0.06941736489534378 0 0
145 0 0.069663405418396 0 0
146 0 0.07001257687807083 0 0
147 0 0.07035030424594879 0 0
148 0 0.07067658752202988 0 0
149 0 0.07099142670631409 0 0
150 0 0.07129482179880142 0 0
151 0 0.07158677279949188 0 0
152 0 0.07186727970838547 0 0
153 0 0.07213634252548218 0 0
154 0 0.07239396125078201 0 0
155 0 0.07264013588428497 0 0
156 2 0.07287487387657166 0 0
157 18 0.07311723381280899 0 0
158 18 0.07336722314357758 0 0
159 18 0.07362484186887741 0 0
160 18 0.0738900899887085 0 0
161 18 0.07416296750307083 0 0
162 18 0.07444347441196442 0 0
163 18 0.07473161071538925 0 0
164 18 0.07502737641334534 0 0
165 18 0.07533077150583267 0 0
166 18 0.07564179599285126 0 0
167 18 0.07596044987440109 0 0
168 18 0.07628673315048218 0 0
169 18 0.07662064582109451 0 0
170 18 0.0769621878862381 0 0
171 18 0.07731136679649353 0 0
172 18 0.07766816765069962 0 0
173 18 0.07803259789943695 0 0
174 18 0.07840465754270554 0 0
175 18 0.07878434658050537 0 0
176 18 0.0792887881398201 0 0
177 18 0.07968882471323013 0 0
178 18 0.08009903132915497 0 0
179 18 0.0805194079875946 0 0
180 18 0.08094996213912964 0 0
181 18 0.08139068633317947 0 0
182 18 0.08184158056974411 0 0
183 18 0.08230265229940414 0 0
184 18 0.08277389407157898 0 0
185 18 0.08325531333684921 0 0
186 18 0.08374689519405365 0 0
187 18 0.08424865454435349 0 0
188 18 0.08476059138774872 0 0
189 18 0.08528269082307816 0 0
190 0 0.08580353111028671 0 0
191 0 0.0863129198551178 0 0
192 0 0.08681086450815201 0 0
193 0 0.08729736506938934 0 0
194 1 0.0877724215388298 0 0
195 1 0.08823221921920776 0 0
196 1 0.08867675811052322 0 0
197 1 0.08910603821277618 0 0
198 1 0.08951624482870102 0 0
199 1 0.08991119265556335 0 0
200 1 0.09029088169336319 0 0
201 1 0.09065531194210052 0 0
202 1 0.09088990837335587 0 0
203 1 0.0912238210439682 0 0
204 1 0.09154247492551804 0 0
205 1 0.09184587001800537 0 0
206 1 0.0921340063214302 0 0
207 1 0.09240688383579254 0 0
208 1 0.09266450256109238 0 0
209 1 0.09290686249732971 0 0
210 1 0.09313396364450455 0 0
211 1 0.09334580600261688 0 0
212 1 0.09354238957166672 0 0
213 1 0.09372371435165405 0 0
214 1 0.09388978034257889 0 0
215 1 0.09404058754444122 0 0
216 1 0.09387020021677017 0 0
217 1 0.09369218349456787 0 0
218 1 0.09350652992725372 0 0
219 1 0.09331325441598892 0 0
220 1 0.09311234951019287 0 0
221 1 0.09290380775928497 0 0
222 0 0.09268764406442642 0 0
223 0 0.09248292446136475 0 0
224 0 0.09228964149951935 0 0
225 0 0.09210781008005142 0 0
226 0 0.09193742275238037 0 0
227 0 0.0917784720659256 0 0
228 2 0.09165645390748978 0 0
229 2 0.09182684868574142 0 0
230 2 0.09200486540794373 0 0
231 2 0.09219051152467728 0 0
232 2 0.09238379448652267 0 0
233 2 0.09258469939231873 0 0
234 2 0.09279323369264603 0 0
235 2 0.09300940483808517 0 0
236 2 0.09323319792747498 0 0
237 2 0.09346462041139603 0 0
238 2 0.09370367974042892 0 0
239 2 0.09395036101341248 0 0
240 2 0.09420467168092728 0 0
241 2 0.09446661919355392 0 0
242 18 0.09473618865013123 0 0
243 18 0.09501338750123978 0 0
244 18 0.09529822319746017 0 0
245 18 0.09559068083763123 0 0
246 18 0.09589076787233353 0 0
247 18 0.09619849175214767 0 0
248 18 0.09651383757591248 0 0
249 18 0.09683681279420853 0 0
250 18 0.09716742485761642 0 0
251 18 0.09750565886497498 0 0
252 18 0.09785152226686478 0 0
253 18 0.09820502251386642 0 0
254 18 0.09856614470481873 0 0
255 18 0.09893489629030228 0 0
256 18 0.09931128472089767 0 0
257 18 0.09981242567300797 0 0
258 18 0.10020915418863297 0 0
259 18 0.10061605274677277 0 0
260 18 0.10103312879800797 0 0
261 18 0.10146037489175797 0 0
262 18 0.10189779102802277 0 0
263 18 0.10234538465738297 0 0
264 18 0.10280314832925797 0 0
265 18 0.10327108204364777 0 0
266 18 0.10374919325113297 0 0
267 18 0.10423747450113297 0 0
268 18 0.10473592579364777 0 0
269 18 0.10524454712867737 0 0
270 18 0.10576334595680237 0 0
271 18 0.10629231482744217 0 0
272 18 0.10681314766407013 0 0
273 18 0.10733398795127869 0 0
274 18 0.10785482078790665 0 0
275 18 0.1083756536245346 0 0
276 18 0.10889648646116257 0 0
277 18 0.10941731929779053 0 0
278 18 0.10993815213441849 0 0
279 18 0.11045898497104645 0 0
280 18 0.11097981780767441 0 0
281 18 0.11150065064430237 0 0
282 18 0.11202148348093033 0 0
283 18 0.11254231631755829 0 0
284 18 0.11306314915418625 0 0
285 18 0.11358398199081421 0 0
286 18 0.11410481482744217 0 0
287 18 0.11462564766407013 0 0
288 18 0.11514648795127869 0 0
289 18 0.11566732078790665 0 0
290 18 0.1161881536245346 0 0
291 18 0.11670898646116257 0 0
292 18 0.11722981929779053 0 0
293 18 0.11775065213441849 0 0
294 18 0.11827148497104645 0 0
295 18 0.11879231780767441 0 0
296 18 0.11931315064430237 0 0
297 18 0.11983398348093033 0 0
298 18 0.12035481631755829 0 0
299 18 0.12087564915418625 0 0
300 18 0.12139648199081421 0 0
301 18 0.12191731482744217 0 0
302 18 0.12243814766407013 0 0
303 18 0.12295898795127869 0 0
304 18 0.12347982078790665 0 0
305 18 0.1240006536245346 0 0
306 18 0.12452148646116257 0 0
307 18 0.12504231929779053 0 0
308 18 0.1255631446838379 0 0
309 18 0.12608398497104645 0 0
310 18 0.1266048103570938 0 0
311 18 0.12712565064430237 0 0
312 18 0.12764649093151093 0 0
313 18 0.1281673163175583 0 0
314 18 0.12868815660476685 0 0
315 18 0.1292089819908142 0 0
316 18 0.12972982227802277 0 0
317 18 0.13025064766407013 0 0
318 18 0.1307714879512787 0 0
319 18 0.13129231333732605 0 0
320 18 0.1318131536245346 0 0
321 18 0.13233397901058197 0 0
322 18 0.13285481929779053 0 0
323 2 0.1333756446838379 0 0
324 2 0.13389648497104645 0 0
325 2 0.1344173103570938 0 0
326 2 0.13493815064430237 0 0
327 2 0.13545899093151093 0 0
328 2 0.1359798163175583 0 0
329 2 0.13650065660476685 0 0
330 2 0.1370214819908142 0 0
331 2 0.13754232227802277 0 0
332 2 0.13806314766407013 0 0
333 2 0.1385839879512787 0 0
334 2 0.13910481333732605 0 0
335 2 0.1396256536245346 0 0
336 2 0.14014647901058197 0 0
337 2 0.14066731929779053 0 0
338 2 0.14118465781211853 0 0
339 2 0.14169463515281677 0 0
340 0 0.14219747483730316 0 0
341 0 0.14268335700035095 0 0
342 0 0.14315268397331238 0 0
343 0 0.1436057686805725 0 0
344 0 0.1440429389476776 0 0
345 0 0.14392836391925812 0 1
345 0 0.14392836391925812 0 1
