data/levels/world1/13 - Above the Arctic Skies.stl
1 16 0.012058190070092678 0 0
2 16 0.012058190070092678 0 0
3 16 0.012058190070092678 0 0
4 16 0.012058190070092678 0 0
5 16 0.012058190070092678 0 0
6 16 0.012058190070092678 0 0
7 16 0.012058190070092678 0 0
8 0 0.012058190070092678 0 0
9 0 0.012058190070092678 0 0
10 0 0.012058190070092678 0 0
11 0 0.012058190070092678 0 0
12 0 0.012058190070092678 0 0
13 0 0.012058190070092678 0 0
14 0 0.012058190070092678 0 0
15 0 0.012058190070092678 0 0
16 0 0.012058190070092678 0 0
17 0 0.012058190070092678 0 0
18 0 0.012058190070092678 0 0
19 0 0.012058190070092678 0 0
20 0 0.012058190070092678 0 0
21 0 0.012058190070092678 0 0
22 0 0.012058190070092678 0 0
23 0 0.012058190070092678 0 0
24 2 0.012058190070092678 0 0
25 2 0.012234454974532127 0 0
26 2 0.012418612837791443 0 0
27 2 0.012610663659870625 0 0
28 2 0.012810605578124523 0 0
29 2 0.013018441386520863 0 0
30 2 0.013234169222414494 0 0
31 2 0.013457789085805416 0 0
32 2 0.013689301908016205 0 0
33 2 0.01392870582640171 0 0
34 2 0.014176003634929657 0 0
35 2 0.014431193470954895 0 0
36 2 0.0146942762658 0 0
37 2 0.014965251088142395 0 0
38 2 0.015244118869304657 0 0
39 2 0.01553087867796421 0 0
40 2 0.015825530514121056 0 0
41 2 0.01612807624042034 0 0
42 2 0.01643851399421692 0 0
43 2 0.016756843775510788 0 0
44 2 0.01708306558430195 0 0
45 2 0.01741718128323555 0 0
46 2 0.017759189009666443 0 0
47 2 0.018109088763594627 0 0
48 2 0.018466880545020103 0 0
49 2 0.01883256435394287 0 0
50 2 0.01920614205300808 0 0
51 2 0.01958761177957058 0 0
52 2 0.01997697353363037 0 0
53 2 0.020495394244790077 0 0
54 2 0.02090580388903618 0 0
55 2 0.021326735615730286 0 0
56 2 0.021758191287517548 0 0
57 2 0.022200170904397964 0 0
58 2 0.022652672603726387 0 0
59 2 0.023115698248147964 0 0
60 2 0.023589245975017548 0 0
61 2 0.024073317646980286 0 0
62 2 0.02456791326403618 0 0
63 2 0.025073030963540077 0 0
64 2 0.02558867447078228 0 0
65 2 0.02611483819782734 0 0
66 2 0.026651527732610703 0 0
67 2 0.02719873934984207 0 0
68 2 0.027737531810998917 0 0
69 2 0.02827632427215576 0 0
70 2 0.028815118595957756 0 0
71 2 0.0293539110571146 0 0
72 2 0.029892703518271446 0 0
73 2 0.03043149784207344 0 0
74 2 0.030970290303230286 0 0
75 2 0.03150908276438713 0 0
76 2 0.032047875225543976 0 0
77 2 0.03258667141199112 0 0
78 18 0.033125463873147964 0 0
79 18 0.03366425633430481 0 0
80 18 0.034203048795461655 0 0
81 18 0.0347418412566185 0 0
82 18 0.035280633717775345 0 0
83 18 0.03581942990422249 0 0
84 18 0.036358222365379333 0 0
85 18 0.03689701482653618 0 0
86 18 0.037435807287693024 0 0
87 18 0.03797459974884987 0 0
88 18 0.038513392210006714 0 0
89 18 0.03905218839645386 0 0
90 18 0.0395909808576107 0 0
91 18 0.04012977331876755 0 0
92 2 0.04066856577992439 0 0
93 2 0.04120735824108124 0 0
94 2 0.04174615442752838 0 0
95 2 0.042284946888685226 0 0
96 2 0.04282373934984207 0 0
97 0 0.04336253181099892 0 0
98 0 0.04388948529958725 0 0
99 0 0.04440460354089737 0 0
100 0 0.04490787908434868 0 0
101 0 0.045399315655231476 0 0
102 0 0.04587891697883606 0 0
103 0 0.04634667932987213 0 0
104 0 0.04680259898304939 0 0
105 0 0.04724668338894844 0 0
106 0 0.047678928822278976 0 0
107 0 0.048099335283041 0 0
108 0 0.048507899045944214 0 0
109 0 0.048904627561569214 0 0
110 2 0.049289520829916 0 0
111 2 0.04956376552581787 0 0
112 2 0.050085607916116714 0 0
113 0 0.050499435514211655 0 0
114 0 0.05090142786502838 0 0
115 0 0.0512915775179863 0 0
116 0 0.051669891923666 0 0
117 0 0.05191782861948013 0 0
118 0 0.05227246508002281 0 0
119 0 0.05261526256799698 0 0
120 0 0.052946217358112335 0 0
121 0 0.05326533690094948 0 0
122 1 0.05357261747121811 0 0
123 1 0.05386411398649216 0 0
124 0 0.05413982272148132 0 0
125 0 0.054403696209192276 0 0
126 0 0.05465573072433472 0 0
127 0 0.05489592254161835 0 0
128 0 0.055124279111623764 0 0
129 0 0.05534080043435097 0 0
130 0 0.05554547905921936 0 0
131 0 0.05573831871151924 0 0
132 0 0.05591931939125061 0 0
133 0 0.05608848109841347 0 0
134 0 0.05624580383300781 0 0
135 0 0.05624580383300781 0 0
136 0 0.05624580383300781 0 0
137 0 0.05624580383300781 0 0
138 0 0.05624580383300781 0 0
139 0 0.05624580383300781 0 0
140 0 0.05624580383300781 0 0
141 0 0.05624580383300781 0 0
142 0 0.05624580383300781 0 0
143 0 0.05624580383300781 0 0
144 0 0.05624580383300781 0 0
145 0 0.05624580383300781 0 0
146 0 0.05624580383300781 0 0
147 0 0.05624580383300781 0 0
148 0 0.05624580383300781 0 0
149 0 0.05624580383300781 0 0
150 0 0.05624580383300781 0 0
151 0 0.05624580383300781 0 0
152 0 0.05624580383300781 0 0
153 0 0.05624580383300781 0 0
154 0 0.05624580383300781 0 0
155 0 0.05624580383300781 0 0
156 0 0.05624580383300781 0 0
157 0 0.05624580383300781 0 0
158 0 0.05624580383300781 0 0
159 0 0.05624580383300781 0 0
160 0 0.05624580383300781 0 0
161 0 0.05624580383300781 0 0
162 0 0.05624580383300781 0 0
163 0 0.05624580383300781 0 0
164 0 0.05624580383300781 0 0
165 0 0.05624580383300781 0 0
166 0 0.05624580383300781 0 0
167 0 0.05624580383300781 0 0
168 0 0.05624580383300781 0 0
169 0 0.05624580383300781 0 0
170 0 0.05624580383300781 0 0
171 0 0.05624580383300781 0 0
172 0 0.05624580383300781 0 0
173 0 0.05624580383300781 0 0
174 0 0.05624580383300781 0 0
175 0 0.05624580383300781 0 0
176 0 0.05624580383300781 0 0
177 0 0.05624580383300781 0 0
178 0 0.05624580383300781 0 0
179 0 0.05624580383300781 0 0
180 2 0.05624580383300781 0 0
181 2 0.056422069668769836 0 0
182 2 0.056606225669384 0 0
183 2 0.05679827556014061 0 0
184 2 0.05699821934103966 0 0
185 2 0.057206057012081146 0 0
186 2 0.05742178112268448 0 0
187 2 0.05764540284872055 0 0
188 2 0.057876914739608765 0 0
189 2 0.05811632052063942 0 0
190 2 0.058363620191812515 0 0
191 2 0.05861881002783775 0 0
192 2 0.058881890028715134 0 0
193 2 0.05915286764502525 0 0
194 2 0.059431735426187515 0 0
195 2 0.05971849337220192 0 0
196 2 0.060013145208358765 0 0
197 2 0.06031569093465805 0 0
198 2 0.06062612682580948 0 0
199 2 0.060944460332393646 0 0
200 2 0.06127068027853966 0 0
201 2 0.06160479411482811 0 0
202 2 0.061946801841259 0 0
203 2 0.062296703457832336 0 0
204 2 0.06265449523925781 0 0
205 2 0.06302017718553543 0 0
206 2 0.06339375674724579 0 0
207 2 0.06377522647380829 0 0
208 2 0.06416458636522293 0 0
209 2 0.06468300521373749 0 0
210 2 0.06509341299533844 0 0
211 2 0.06551434844732285 0 0
212 2 0.06594580411911011 0 0
213 2 0.06638778001070023 0 0
214 2 0.0668402835726738 0 0
215 2 0.06730330735445023 0 0
216 2 0.06777685880661011 0 0
217 2 0.06826093047857285 0 0
218 2 0.06875552237033844 0 0
219 2 0.06926064193248749 0 0
220 2 0.06977628171443939 0 0
221 2 0.07030244916677475 0 0
222 2 0.07083913683891296 0 0
223 2 0.07138635218143463 0 0
224 18 0.07192514091730118 0 0
225 18 0.07246393710374832 0 0
226 18 0.07300273329019547 0 0
227 18 0.07354152202606201 0 0
228 18 0.07408031821250916 0 0
229 18 0.0746191069483757 0 0
230 18 0.07515790313482285 0 0
231 18 0.07569669187068939 0 0
232 18 0.07623548805713654 0 0
233 18 0.07677428424358368 0 0
234 18 0.07731307297945023 0 0
235 18 0.07785186916589737 0 0
236 18 0.07839065790176392 0 0
237 18 0.07892945408821106 0 0
238 18 0.0794682502746582 0 0
239 18 0.08000703901052475 0 0
240 18 0.0805458351969719 0 0
241 18 0.08108462393283844 0 0
242 18 0.08162342011928558 0 0
243 18 0.08216220885515213 0 0
244 18 0.08270100504159927 0 0
245 18 0.08323980122804642 0 0
246 2 0.08377858996391296 0 0
247 2 0.08431738615036011 0 0
248 2 0.08485617488622665 0 0
249 2 0.0853949710726738 0 0
250 2 0.08593376725912094 0 0
251 2 0.08647255599498749 0 0
252 2 0.08701135218143463 0 0
253 2 0.08755014091730118 0 0
254 2 0.08808893710374832 0 0
255 2 0.08862773329019547 0 0
256 2 0.08916652202606201 0 0
257 2 0.08970531821250916 0 0
258 2 0.0902441069483757 0 0
259 2 0.09078290313482285 0 0
260 2 0.09132169187068939 0 0
261 2 0.09186048805713654 0 0
262 2 0.09239928424358368 0 0
263 2 0.09293807297945023 0 0
264 2 0.09347686916589737 0 0
265 2 0.09401565790176392 0 0
266 2 0.09455445408821106 0 0
267 2 0.0950932502746582 0 0
268 2 0.09563203901052475 0 0
269 2 0.0961708351969719 0 0
270 2 0.09670962393283844 0 0
271 2 0.09724842011928558 0 0
272 2 0.09778720885515213 0 0
273 2 0.09832600504159927 0 0
274 2 0.09886480122804642 0 0
275 2 0.09940358996391296 0 0
276 2 0.09994238615036011 0 0
277 2 0.10048117488622665 0 0
278 2 0.1010199710726738 0 0
279 2 0.10155876725912094 0 0
280 2 0.10209755599498749 0 0
281 2 0.10263635218143463 0 0
282 18 0.10317514091730118 0 0
283 18 0.10371393710374832 0 0
284 18 0.10425273329019547 0 0
285 18 0.10479152202606201 0 0
286 18 0.10533031821250916 0 0
287 18 0.1058691069483757 0 0
288 18 0.10640790313482285 0 0
289 18 0.10694669187068939 0 0
290 18 0.10748548805713654 0 0
291 18 0.10802428424358368 0 0
292 18 0.10856307297945023 0 0
293 18 0.10910186916589737 0 0
294 2 0.10964065790176392 0 0
295 2 0.11017945408821106 0 0
296 2 0.1107182502746582 0 0
297 2 0.11125703901052475 0 0
298 2 0.1117958351969719 0 0
299 2 0.11233462393283844 0 0
300 2 0.11287342011928558 0 0
301 2 0.11341220885515213 0 0
302 2 0.11395100504159927 0 0
303 2 0.11448980122804642 0 0
304 2 0.11502858996391296 0 0
305 2 0.11556738615036011 0 0
306 0 0.11610617488622665 0 0
307 0 0.11663313210010529 0 0
308 0 0.1171482503414154 0 0
309 0 0.11765152215957642 0 0
310 0 0.11814296245574951 0 0
311 0 0.1186225637793541 0 0
312 0 0.11909032613039017 0 0
313 0 0.11954624205827713 0 0
314 0 0.11999032646417618 0 0
315 0 0.12042257189750671 0 0
316 0 0.12084297835826874 0 0
317 0 0.12125154584646225 0 0
318 0 0.12164827436208725 0 0
319 0 0.12203316390514374 0 0
320 0 0.12228768318891525 0 0
321 0 0.12264889478683472 0 0
322 0 0.12299826741218567 0 0
323 0 0.1233358085155487 0 0
324 0 0.12366150319576263 0 0
325 0 0.12397535890340805 0 0
326 0 0.12427737563848495 0 0
327 0 0.12456756085157394 0 0
328 0 0.12484589964151382 0 0
329 0 0.1251123994588852 0 0
330 0 0.12536706030368805 0 0
331 0 0.125609889626503 0 0
332 0 0.12584087252616882 0 0
333 0 0.12606002390384674 0 0
334 2 0.12626732885837555 0 0
335 2 0.1264825314283371 0 0
336 2 0.12670563161373138 0 0
337 2 0.12693661451339722 0 0
338 2 0.1271754950284958 0 0
339 2 0.1274222731590271 0 0
340 2 0.12767693400382996 0 0
341 2 0.12793949246406555 0 0
342 2 0.1282099336385727 0 0
343 2 0.12848827242851257 0 0
344 2 0.1287745088338852 0 0
345 2 0.12906864285469055 0 0
346 2 0.12937065958976746 0 0
347 2 0.1296805739402771 0 0
348 2 0.1299983710050583 0 0
349 2 0.13032406568527222 0 0
350 2 0.13065765798091888 0 0
351 2 0.1309991329908371 0 0
352 2 0.13134850561618805 0 0
353 2 0.13170577585697174 0 0
354 2 0.13207092881202698 0 0
355 2 0.13244399428367615 0 0
356 2 0.13282492756843567 0 0
357 2 0.13321377336978912 0 0
358 2 0.1337316632270813 0 0
359 2 0.13414153456687927 0 0
360 2 0.1345619410276413 0 0
361 2 0.13499288260936737 0 0
362 2 0.1354343295097351 0 0
363 2 0.1358863115310669 0 0
364 2 0.13634879887104034 0 0
365 2 0.13682182133197784 0 0
366 2 0.1373053789138794 0 0
367 2 0.1377994418144226 0 0
368 2 0.13830403983592987 0 0
369 2 0.1388191431760788 0 0
370 2 0.13934478163719177 0 0
371 2 0.1398809552192688 0 0
372 2 0.1404276341199875 0 0
373 2 0.14096643030643463 0 0
374 2 0.14150522649288177 0 0
375 2 0.14204400777816772 0 0
376 2 0.14258280396461487 0 0
377 2 0.143121600151062 0 0
378 2 0.14366039633750916 0 0
379 2 0.1441991925239563 0 0
380 2 0.14473797380924225 0 0
381 2 0.1452767699956894 0 0
382 2 0.14581556618213654 0 0
383 2 0.14635436236858368 0 0
384 2 0.14689315855503082 0 0
385 2 0.14743193984031677 0 0
386 2 0.14797073602676392 0 0
387 2 0.14850953221321106 0 0
388 2 0.1490483283996582 0 0
389 2 0.14958712458610535 0 0
390 2 0.1501259058713913 0 0
391 2 0.15066470205783844 0 0
392 2 0.15120349824428558 0 0
393 2 0.15174229443073273 0 0
394 2 0.15228109061717987 0 0
395 2 0.15281987190246582 0 0
396 2 0.15335866808891296 0 0
397 2 0.1538974642753601 0 0
398 2 0.15443626046180725 0 0
399 2 0.1549750566482544 0 0
400 2 0.15551383793354034 0 0
401 2 0.1560526341199875 0 0
402 2 0.15659143030643463 0 0
403 2 0.15713022649288177 0 0
404 2 0.15766900777816772 0 0
405 2 0.15820780396461487 0 0
406 2 0.158746600151062 0 0
407 2 0.15928539633750916 0 0
408 2 0.1598241925239563 0 0
409 2 0.16036297380924225 0 0
410 2 0.1609017699956894 0 0
411 2 0.16144056618213654 0 0
412 2 0.16197936236858368 0 0
413 2 0.16251815855503082 0 0
414 2 0.16305693984031677 0 0
415 2 0.16359573602676392 0 0
416 2 0.16413453221321106 0 0
417 2 0.1646733283996582 0 0
418 2 0.16521212458610535 0 0
419 2 0.1657509058713913 0 0
420 2 0.16628970205783844 0 0
421 2 0.16682849824428558 0 0
422 2 0.16736729443073273 0 0
423 2 0.16790609061717987 0 0
424 2 0.16844487190246582 0 0
425 2 0.16898366808891296 0 0
426 2 0.1695224642753601 0 0
427 2 0.17006126046180725 0 0
428 2 0.1706000566482544 0 0
429 2 0.17113883793354034 0 0
430 2 0.1716776341199875 0 0
431 2 0.17221643030643463 0 0
432 2 0.17275522649288177 0 0
433 2 0.17329400777816772 0 0
434 2 0.17383280396461487 0 0
435 2 0.174371600151062 0 0
436 2 0.17491039633750916 0 0
437 2 0.1754491925239563 0 0
438 2 0.17598797380924225 0 0
439 2 0.1765267699956894 0 0
440 2 0.17706556618213654 0 0
441 2 0.17760436236858368 0 0
442 2 0.17814315855503082 0 0
443 2 0.17868193984031677 0 0
444 2 0.17922073602676392 0 0
445 2 0.17975953221321106 0 0
446 2 0.1802983283996582 0 0
447 2 0.18083712458610535 0 0
448 2 0.1813759058713913 0 0
449 2 0.18191470205783844 0 0
450 2 0.18245349824428558 0 0
451 2 0.18299229443073273 0 0
452 2 0.18353109061717987 0 0
453 2 0.18406987190246582 0 0
454 2 0.18460866808891296 0 0
455 2 0.1851474642753601 0 0
456 2 0.18568626046180725 0 0
457 2 0.1862250566482544 0 0
458 2 0.18676383793354034 0 0
459 2 0.1873026341199875 0 0
460 2 0.18784143030643463 0 0
461 2 0.18838022649288177 0 0
462 2 0.18891900777816772 0 0
463 2 0.18945780396461487 0 0
464 2 0.189996600151062 0 0
465 2 0.19053539633750916 0 0
466 2 0.1910741925239563 0 0
467 2 0.19161297380924225 0 0
468 18 0.1921517699956894 0 0
469 18 0.19269056618213654 0 0
470 18 0.19322936236858368 0 0
471 18 0.19376815855503082 0 0
472 18 0.19430693984031677 0 0
473 18 0.19484573602676392 0 0
474 18 0.19538453221321106 0 0
475 18 0.1959233283996582 0 0
476 18 0.19646212458610535 0 0
477 18 0.1970009058713913 0 0
478 18 0.19753970205783844 0 0
479 18 0.19807849824428558 0 0
480 2 0.19861729443073273 0 0
481 2 0.19915609061717987 0 0
482 2 0.19969487190246582 0 0
483 2 0.20023366808891296 0 0
484 2 0.2007724642753601 0 0
485 2 0.20131126046180725 0 0
486 2 0.2018500566482544 0 0
487 2 0.20238883793354034 0 0
488 2 0.2029276341199875 0 0
489 2 0.20346643030643463 0 0
490 2 0.20400522649288177 0 0
491 2 0.20454400777816772 0 0
492 2 0.20508280396461487 0 0
493 2 0.205621600151062 0 0
494 2 0.20616039633750916 0 0
495 2 0.2066991925239563 0 0
496 2 0.20723797380924225 0 0
497 2 0.2077767699956894 0 0
498 2 0.20831556618213654 0 0
499 2 0.20885436236858368 0 0
500 2 0.20939315855503082 0 0
501 2 0.20993193984031677 0 0
502 2 0.21047073602676392 0 0
503 2 0.21100953221321106 0 0
504 2 0.2115483283996582 0 0
505 2 0.21208712458610535 0 0
506 2 0.2126259058713913 0 0
507 2 0.21316470205783844 0 0
508 2 0.21370349824428558 0 0
509 2 0.21424229443073273 0 0
510 2 0.21478109061717987 0 0
511 2 0.21531987190246582 0 0
512 2 0.21585866808891296 0 0
513 2 0.2163974642753601 0 0
514 2 0.21693626046180725 0 0
515 2 0.2174750566482544 0 0
516 2 0.21801383793354034 0 0
517 2 0.2185526341199875 0 0
518 2 0.21909143030643463 0 0
519 2 0.21963022649288177 0 0
520 2 0.22016900777816772 0 0
521 2 0.22070780396461487 0 0
522 2 0.221246600151062 0 0
523 2 0.22178539633750916 0 0
524 18 0.2223241925239563 0 0
525 18 0.22286297380924225 0 0
526 18 0.2234017699956894 0 0
527 18 0.22394056618213654 0 0
528 18 0.22447936236858368 0 0
529 18 0.22501815855503082 0 0
530 18 0.22555693984031677 0 0
531 18 0.22609573602676392 0 0
532 18 0.22663453221321106 0 0
533 18 0.2271733283996582 0 0
534 18 0.22771212458610535 0 0
535 18 0.2282509058713913 0 0
536 18 0.22878970205783844 0 0
537 18 0.22932849824428558 0 0
538 18 0.22986729443073273 0 0
539 18 0.23040609061717987 0 0
540 18 0.23094487190246582 0 0
541 2 0.23148366808891296 0 0
542 2 0.2320224642753601 0 0
543 2 0.23256126046180725 0 0
544 2 0.2331000566482544 0 0
545 2 0.23363883793354034 0 0
546 2 0.2341776341199875 0 0
547 2 0.23471643030643463 0 0
548 2 0.23525522649288177 0 0
549 2 0.23579400777816772 0 0
550 2 0.23633280396461487 0 0
551 2 0.236871600151062 0 0
552 2 0.23741039633750916 0 0
553 2 0.2379491925239563 0 0
554 2 0.23848797380924225 0 0
555 2 0.2390267699956894 0 0
556 2 0.23956556618213654 0 0
557 2 0.24010436236858368 0 0
558 2 0.24064315855503082 0 0
559 2 0.24118193984031677 0 0
560 2 0.24172073602676392 0 0
561 2 0.24225953221321106 0 0
562 2 0.2427983283996582 0 0
563 2 0.24333712458610535 0 0
564 2 0.2438759058713913 0 0
565 2 0.24441470205783844 0 0
566 18 0.24495349824428558 0 0
567 18 0.24549229443073273 0 0
568 18 0.24603109061717987 0 0
569 18 0.24595783650875092 0 0
570 18 0.24649663269519806 0 0
571 18 0.2470354288816452 0 0
572 18 0.24757422506809235 0 0
573 18 0.2481130212545395 0 0
574 18 0.24865180253982544 0 0
575 18 0.24919059872627258 0 0
576 18 0.24972939491271973 0 0
577 18 0.25026819109916687 0 0
578 18 0.250806987285614 0 0
579 18 0.25134578347206116 0 0
580 18 0.2518845796585083 0 0
581 18 0.25242334604263306 0 0
582 18 0.2529621422290802 0 0
583 18 0.25350093841552734 0 0
584 18 0.2540397346019745 0 0
585 18 0.25457853078842163 0 0
586 18 0.2551173269748688 0 0
587 18 0.2556561231613159 0 0
588 18 0.25619491934776306 0 0
589 18 0.2567337155342102 0 0
590 18 0.25727248191833496 0 0
591 18 0.2578112781047821 0 0
592 18 0.25835007429122925 0 0
593 18 0.2588888704776764 0 0
594 18 0.25942766666412354 0 0
595 18 0.2599664628505707 0 0
596 18 0.2605052590370178 0 0
597 18 0.26104405522346497 0 0
598 18 0.2615828514099121 0 0
599 18 0.26212164759635925 0 0
600 18 0.262660413980484 0 0
601 18 0.26319921016693115 0 0
602 18 0.2637380063533783 0 0
603 18 0.26427680253982544 0 0
604 18 0.2648155987262726 0 0
605 18 0.2653543949127197 0 0
606 18 0.26589319109916687 0 0
607 18 0.266431987285614 0 0
608 18 0.26697078347206116 0 0
609 18 0.2675095796585083 0 0
610 18 0.26804834604263306 0 0
611 18 0.2685871422290802 0 0
612 18 0.26912593841552734 0 0
613 18 0.2696647346019745 0 0
614 18 0.27020353078842163 0 0
615 18 0.2707423269748688 0 0
616 18 0.2712811231613159 0 0
617 18 0.27181991934776306 0 0
618 18 0.2723587155342102 0 0
619 18 0.27289748191833496 0 0
620 18 0.2734362781047821 0 0
621 18 0.27397507429122925 0 0
622 18 0.2745138704776764 0 0
623 18 0.27505266666412354 0 0
624 18 0.2755914628505707 0 0
625 18 0.2761302590370178 0 0
626 18 0.27666905522346497 0 0
627 18 0.2772078514099121 0 0
628 18 0.27774664759635925 0 0
629 18 0.278285413980484 0 0
630 18 0.27882421016693115 0 0
631 18 0.2793630063533783 0 0
632 18 0.27990180253982544 0 0
633 18 0.2804405987262726 0 0
634 18 0.2809793949127197 0 0
635 18 0.28151819109916687 0 0
636 18 0.282056987285614 0 0
637 18 0.28259578347206116 0 0
638 18 0.2831345796585083 0 0
639 18 0.28367334604263306 0 0
640 18 0.2842121422290802 0 0
641 18 0.28475093841552734 0 0
642 18 0.2852897346019745 0 0
643 18 0.28582853078842163 0 0
644 18 0.2863673269748688 0 0
645 18 0.2869061231613159 0 0
646 2 0.28744491934776306 0 0
647 2 0.2879837155342102 0 0
648 2 0.28852248191833496 0 0
649 2 0.2890612781047821 0 0
650 2 0.28960007429122925 0 0
651 2 0.2901388704776764 0 0
652 2 0.29067766666412354 0 0
653 2 0.2912164628505707 0 0
654 2 0.2917552590370178 0 0
655 2 0.29229405522346497 0 0
656 2 0.2928328514099121 0 0
657 2 0.29337164759635925 0 0
658 2 0.293910413980484 0 0
659 18 0.29444921016693115 0 0
660 18 0.2949880063533783 0 0
661 18 0.29552680253982544 0 0
662 18 0.2960655987262726 0 0
663 18 0.2966043949127197 0 0
664 18 0.29714319109916687 0 0
665 18 0.297681987285614 0 0
666 18 0.29822078347206116 0 0
667 18 0.2987595796585083 0 0
668 18 0.29929834604263306 0 0
669 18 0.2998371422290802 0 0
670 18 0.30037593841552734 0 0
671 18 0.3009147346019745 0 0
672 2 0.30145353078842163 0 0
673 2 0.3019923269748688 0 0
674 2 0.3025311231613159 0 0
675 2 0.30306991934776306 0 0
676 2 0.3036087155342102 0 0
677 2 0.30414748191833496 0 0
678 0 0.3046862781047821 0 0
679 0 0.30521324276924133 0 0
680 0 0.30572834610939026 0 0
681 0 0.30623164772987366 0 0
682 0 0.30672308802604675 0 0
683 0 0.30720266699790955 0 0
684 0 0.3076704442501068 0 0
685 0 0.3081263601779938 0 0
686 0 0.3085704445838928 0 0
687 0 0.30900269746780396 0 0
688 2 0.3094230890274048 0 0
689 2 0.30985403060913086 0 0
690 2 0.3102954626083374 0 0
691 2 0.3107474446296692 0 0
692 2 0.31120994687080383 0 0
693 2 0.31168296933174133 0 0
694 2 0.3121665120124817 0 0
695 2 0.3126605749130249 0 0
696 2 0.31316518783569336 0 0
697 2 0.3136802911758423 0 0
698 2 0.31420594453811646 0 0
699 2 0.3147420883178711 0 0
700 2 0.315288782119751 0 0
701 2 0.3158275783061981 0 0
702 2 0.31636637449264526 0 0
703 2 0.3169051706790924 0 0
704 18 0.31744396686553955 0 0
705 18 0.3179827332496643 0 0
706 18 0.31852152943611145 0 0
707 18 0.3190603256225586 0 0
708 18 0.31959912180900574 0 0
709 18 0.3201379179954529 0 0
710 2 0.3206767141819 0 0
711 2 0.32121551036834717 0 0
712 2 0.3217543065547943 0 0
713 2 0.32229310274124146 0 0
714 2 0.3228318691253662 0 0
715 2 0.32337066531181335 0 0
716 0 0.3239094614982605 0 0
717 0 0.3244364261627197 0 0
718 0 0.32495152950286865 0 0
719 0 0.32545483112335205 0 0
720 0 0.32594624161720276 0 0
721 0 0.32642585039138794 0 0
722 0 0.3268936276435852 0 0
723 0 0.32734954357147217 0 0
724 0 0.3277936279773712 0 0
725 0 0.32822585105895996 0 0
726 0 0.3286462724208832 0 0
727 0 0.3290548324584961 0 0
728 0 0.3294515609741211 0 0
729 0 0.3298364579677582 0 0
730 0 0.3300909698009491 0 0
731 0 0.33045217394828796 0 0
732 0 0.3308015465736389 0 0
733 0 0.33113908767700195 0 0
734 0 0.3314647674560547 0 0
735 0 0.3317786455154419 0 0
736 0 0.3320806622505188 0 0
737 0 0.3323708474636078 0 0
738 2 0.3326491713523865 0 0
739 2 0.3329354226589203 0 0
740 2 0.33322954177856445 0 0
741 2 0.33353155851364136 0 0
742 2 0.333841472864151 0 0
743 2 0.3341592848300934 0 0
744 2 0.3344849646091461 0 0
745 2 0.334818571805954 0 0
746 2 0.3351600468158722 0 0
747 2 0.33550941944122314 0 0
748 2 0.33586668968200684 0 0
749 2 0.3362318277359009 0 0
750 2 0.33660489320755005 0 0
751 2 0.33698582649230957 0 0
752 2 0.33737465739250183 0 0
753 2 0.3378925621509552 0 0
754 2 0.33830246329307556 0 0
755 2 0.3387228548526764 0 0
756 2 0.33915379643440247 0 0
757 2 0.339595228433609 0 0
758 2 0.3400472104549408 0 0
759 2 0.34050971269607544 0 0
760 18 0.34098273515701294 0 0
761 18 0.3414662778377533 0 0
762 18 0.3419603407382965 0 0
763 18 0.34246495366096497 0 0
764 18 0.3429800570011139 0 0
765 18 0.34350571036338806 0 0
766 18 0.3440418541431427 0 0
767 18 0.3445885479450226 0 0
768 18 0.3451273441314697 0 0
769 18 0.34566614031791687 0 0
770 2 0.346204936504364 0 0
771 2 0.34674373269081116 0 0
772 2 0.3472825288772583 0 0
773 2 0.34782129526138306 0 0
774 0 0.3483600914478302 0 0
775 0 0.34888705611228943 0 0
776 0 0.34940215945243835 0 0
777 0 0.34990546107292175 0 0
778 0 0.35039687156677246 0 0
779 0 0.35087648034095764 0 0
780 0 0.3513442575931549 0 0
781 0 0.35180017352104187 0 0
782 0 0.3522442579269409 0 0
783 0 0.35267651081085205 0 0
784 0 0.3530969023704529 0 0
785 0 0.3535054624080658 0 0
786 1 0.3539021909236908 0 0
787 1 0.3542831540107727 0 0
788 1 0.3545297682285309 0 0
789 1 0.35487914085388184 0 0
790 1 0.3552127182483673 0 0
791 1 0.3555305302143097 0 0
792 1 0.3558325469493866 0 0
793 1 0.356118768453598 0 0
794 0 0.35638922452926636 0 0
795 0 0.3566478192806244 0 0
796 0 0.3568946123123169 0 0
797 0 0.3571295440196991 0 0
798 2 0.3573526442050934 0 0
799 2 0.357583612203598 0 0
800 2 0.3578225076198578 0 0
801 2 0.3580692708492279 0 0
802 2 0.35832393169403076 0 0
803 2 0.35858649015426636 0 0
804 2 0.3588569462299347 0 0
805 2 0.3591352701187134 0 0
806 2 0.3594215214252472 0 0
807 2 0.35971564054489136 0 0
808 2 0.36001765727996826 0 0
809 2 0.3603275716304779 0 0
810 18 0.3606453835964203 0 0
811 18 0.360971063375473 0 0
812 18 0.3613046705722809 0 0
813 18 0.3616461455821991 0 0
814 18 0.36199551820755005 0 0
815 18 0.36235278844833374 0 0
816 18 0.3627179265022278 0 0
817 18 0.36309099197387695 0 0
818 18 0.3634719252586365 0 0
819 18 0.36386075615882874 0 0
820 18 0.3643786609172821 0 0
821 18 0.36478856205940247 0 0
822 18 0.3652089536190033 0 0
823 18 0.36563989520072937 0 0
824 18 0.3660813570022583 0 0
825 18 0.3665333092212677 0 0
826 18 0.36699581146240234 0 0
827 18 0.3671329617500305 0 1
827 18 0.3671329617500305 0 1
