data/levels/world2/Mouldy_Grotto.stl
1 0 0.022484373301267624 0 0
2 0 0.022484373301267624 0 0
3 0 0.022484373301267624 0 0
4 0 0.022484373301267624 0 0
5 0 0.022484373301267624 0 0
6 0 0.022484373301267624 0 0
7 0 0.022484373301267624 0 0
8 0 0.022484373301267624 0 0
9 0 0.022484373301267624 0 0
10 0 0.022484373301267624 0 0
11 0 0.022484373301267624 0 0
12 0 0.022484373301267624 0 0
13 0 0.022484373301267624 0 0
14 0 0.022484373301267624 0 0
15 0 0.022484373301267624 0 0
16 0 0.022484373301267624 0 0
17 0 0.022484373301267624 0 0
18 0 0.022484373301267624 0 0
19 0 0.022484373301267624 0 0
20 0 0.022484373301267624 0 0
21 0 0.022484373301267624 0 0
22 0 0.022484373301267624 0 0
23 0 0.022484373301267624 0 0
24 0 0.022484373301267624 0 0
25 0 0.022484373301267624 0 0
26 0 0.022484373301267624 0 0
27 0 0.022484373301267624 0 0
28 0 0.022484373301267624 0 0
29 0 0.022484373301267624 0 0
30 0 0.022484373301267624 0 0
31 0 0.022484373301267624 0 0
32 0 0.022484373301267624 0 0
33 0 0.022484373301267624 0 0
34 0 0.022484373301267624 0 0
35 0 0.022484373301267624 0 0
36 0 0.022484373301267624 0 0
37 0 0.022484373301267624 0 0
38 0 0.022484373301267624 0 0
39 0 0.022484373301267624 0 0
40 0 0.022484373301267624 0 0
41 0 0.022484373301267624 0 0
42 0 0.022484373301267624 0 0
43 0 0.022484373301267624 0 0
44 0 0.022484373301267624 0 0
45 0 0.022484373301267624 0 0
46 0 0.022484373301267624 0 0
47 0 0.022484373301267624 0 0
48 0 0.022484373301267624 0 0
49 0 0.022484373301267624 0 0
50 0 0.022484373301267624 0 0
51 0 0.022484373301267624 0 0
52 0 0.022484373301267624 0 0
53 0 0.022484373301267624 0 0
54 0 0.022484373301267624 0 0
55 0 0.022484373301267624 0 0
56 0 0.022484373301267624 0 0
57 0 0.022484373301267624 0 0
58 0 0.022484373301267624 0 0
59 0 0.022484373301267624 0 0
60 0 0.022484373301267624 0 0
61 0 0.022484373301267624 0 0
62 0 0.022484373301267624 0 0
63 0 0.022484373301267624 0 0
64 0 0.022484373301267624 0 0
65 0 0.022484373301267624 0 0
66 0 0.022484373301267624 0 0
67 0 0.022484373301267624 0 0
68 0 0.022484373301267624 0 0
69 0 0.022484373301267624 0 0
70 0 0.022484373301267624 0 0
71 0 0.022484373301267624 0 0
72 0 0.022484373301267624 0 0
73 0 0.022484373301267624 0 0
74 0 0.022484373301267624 0 0
75 0 0.022484373301267624 0 0
76 0 0.022484373301267624 0 0
77 0 0.022484373301267624 0 0
78 0 0.022484373301267624 0 0
79 0 0.022484373301267624 0 0
80 0 0.022484373301267624 0 0
81 0 0.022484373301267624 0 0
82 0 0.022484373301267624 0 0
83 0 0.022484373301267624 0 0
84 0 0.022484373301267624 0 0
85 0 0.022484373301267624 0 0
86 0 0.022484373301267624 0 0
87 0 0.022484373301267624 0 0
88 0 0.022484373301267624 0 0
89 0 0.022484373301267624 0 0
90 0 0.022484373301267624 0 0
91 0 0.022484373301267624 0 0
92 0 0.022484373301267624 0 0
93 0 0.022484373301267624 0 0
94 0 0.022484373301267624 0 0
95 0 0.022484373301267624 0 0
96 0 0.022484373301267624 0 0
97 0 0.022484373301267624 0 0
98 0 0.022484373301267624 0 0
99 0 0.022484373301267624 0 0
100 0 0.022484373301267624 0 0
101 0 0.022484373301267624 0 0
102 0 0.022484373301267624 0 0
103 0 0.022484373301267624 0 0
104 0 0.022484373301267624 0 0
105 0 0.022484373301267624 0 0
106 0 0.022484373301267624 0 0
107 0 0.022484373301267624 0 0
108 0 0.022484373301267624 0 0
109 0 0.022484373301267624 0 0
110 0 0.022484373301267624 0 0
111 0 0.022484373301267624 0 0
112 0 0.022484373301267624 0 0
113 0 0.022484373301267624 0 0
114 0 0.022484373301267624 0 0
115 0 0.022484373301267624 0 0
116 0 0.022484373301267624 0 0
117 0 0.022484373301267624 0 0
118 0 0.022484373301267624 0 0
119 0 0.022484373301267624 0 0
120 0 0.022484373301267624 0 0
121 0 0.022484373301267624 0 0
122 0 0.022484373301267624 0 0
123 0 0.022484373301267624 0 0
124 2 0.022484373301267624 0 0
125 2 0.0227399580180645 0 0
126 2 0.02300698682665825 0 0
127 2 0.023285459727048874 0 0
128 2 0.023575376719236374 0 0
129 2 0.02387673780322075 0 0
130 2 0.024189542979002 0 0
131 2 0.024513792246580124 0 0
132 2 0.024849485605955124 0 0
133 2 0.025196623057127 0 0
134 2 0.02555520460009575 0 0
135 2 0.025925230234861374 0 0
136 2 0.026306699961423874 0 0
137 2 0.02669961377978325 0 0
138 2 0.0271039716899395 0 0
139 2 0.027519773691892624 0 0
140 2 0.027947019785642624 0 0
141 2 0.0283857099711895 0 0
142 2 0.02883584424853325 0 0
143 2 0.029297422617673874 0 0
144 2 0.029770445078611374 0 0
145 2 0.03025491163134575 0 0
146 2 0.030750822275877 0 0
147 2 0.031258177012205124 0 0
148 18 0.031776975840330124 0 0
149 18 0.032307218760252 0 0
150 18 0.03284890577197075 0 0
151 18 0.033402036875486374 0 0
152 2 0.033966612070798874 0 0
153 2 0.03471832349896431 0 0
154 2 0.03531341627240181 0 0
155 2 0.03592376783490181 0 0
156 2 0.03654937818646431 0 0
157 2 0.03719024732708931 0 0
158 2 0.03784637525677681 0 0
159 2 0.03851776197552681 0 0
160 2 0.03920440748333931 0 0
161 2 0.03990631178021431 0 0
162 0 0.04062347486615181 0 0
163 0 0.041323471814394 0 0
164 0 0.04200630262494087 0 0
165 0 0.042671967297792435 0 0
166 0 0.043320465832948685 0 0
167 0 0.04395179823040962 0 0
168 0 0.04456596449017525 0 0
169 0 0.04516296461224556 0 0
170 2 0.04574279859662056 0 0
171 2 0.04633789137005806 0 0
172 2 0.04694824293255806 0 0
173 2 0.04757385328412056 0 0
174 2 0.04821472242474556 0 0
175 2 0.04887085035443306 0 0
176 2 0.04954223707318306 0 0
177 2 0.05022888258099556 0 0
178 2 0.05093078687787056 0 0
179 2 0.05164794996380806 0 0
180 2 0.05238037183880806 0 0
181 2 0.05312805250287056 0 0
182 2 0.05389099195599556 0 0
183 2 0.05466919019818306 0 0
184 2 0.05546264722943306 0 0
185 2 0.056243896484375 0 0
186 2 0.05702514573931694 0 0
187 2 0.05780639499425888 0 0
188 2 0.05858764797449112 0 0
189 2 0.05936889722943306 0 0
190 2 0.060150146484375 0 0
191 2 0.06093139573931694 0 0
192 2 0.06171264499425888 0 0
193 2 0.06249389797449112 0 0
194 2 0.06327514350414276 0 0
195 2 0.064056396484375 0 0
196 2 0.06483764946460724 0 0
197 2 0.06561889499425888 0 0
198 2 0.06640014797449112 0 0
199 2 0.06718139350414276 0 0
200 2 0.067962646484375 0 0
201 2 0.06874389946460724 0 0
202 2 0.06952514499425888 0 0
203 2 0.07030639797449112 0 0
204 2 0.07108764350414276 0 0
205 2 0.071868896484375 0 0
206 2 0.07265014946460724 0 0
207 2 0.07343139499425888 0 0
208 2 0.07421264797449112 0 0
209 2 0.07499389350414276 0 0
210 2 0.075775146484375 0 0
211 2 0.07655639946460724 0 0
212 2 0.07733764499425888 0 0
213 2 0.07811889797449112 0 0
214 2 0.07890014350414276 0 0
215 2 0.079681396484375 0 0
216 2 0.08046264946460724 0 0
217 2 0.08124389499425888 0 0
218 2 0.08202514797449112 0 0
219 2 0.08280639350414276 0 0
220 2 0.083587646484375 0 0
221 2 0.08436889946460724 0 0
222 2 0.08515014499425888 0 0
223 2 0.08593139797449112 0 0
224 2 0.08671264350414276 0 0
225 2 0.087493896484375 0 0
226 2 0.08827514946460724 0 0
227 2 0.08905639499425888 0 0
228 2 0.08983764797449112 0 0
229 2 0.09061889350414276 0 0
230 2 0.091400146484375 0 0
231 2 0.09218139946460724 0 0
232 2 0.09296264499425888 0 0
233 2 0.09374389797449112 0 0
234 2 0.09452514350414276 0 0
235 2 0.095306396484375 0 0
236 2 0.09608764946460724 0 0
237 2 0.09686889499425888 0 0
238 2 0.09765014797449112 0 0
239 2 0.09843139350414276 0 0
240 2 0.099212646484375 0 0
241 2 0.09999389946460724 0 0
242 18 0.10077514499425888 0 0
243 18 0.10155639797449112 0 0
244 18 0.10233764350414276 0 0
245 18 0.103118896484375 0 0
246 2 0.10390014946460724 0 0
247 2 0.10468139499425888 0 0
248 2 0.10546264797449112 0 0
249 2 0.10624389350414276 0 0
250 2 0.107025146484375 0 0
251 2 0.10780639946460724 0 0
252 2 0.10858764499425888 0 0
253 2 0.10936889797449112 0 0
254 2 0.11015014350414276 0 0
255 2 0.110931396484375 0 0
256 2 0.11171264946460724 0 0
257 2 0.11249389499425888 0 0
258 2 0.11327514797449112 0 0
259 2 0.11405639350414276 0 0
260 2 0.114837646484375 0 0
261 2 0.11561889946460724 0 0
262 2 0.11640014499425888 0 0
263 2 0.11718139797449112 0 0
264 2 0.11796264350414276 0 0
265 2 0.118743896484375 0 0
266 2 0.11952514946460724 0 0
267 2 0.12030639499425888 0 0
268 2 0.12108764797449112 0 0
269 2 0.12186889350414276 0 0
270 2 0.122650146484375 0 0
271 2 0.12343139946460724 0 0
272 2 0.12421264499425888 0 0
273 2 0.12499389797449112 0 0
274 2 0.12577514350414276 0 0
275 2 0.126556396484375 0 0
276 2 0.12733764946460724 0 0
277 2 0.12811890244483948 0 0
278 2 0.12890014052391052 0 0
279 2 0.12968139350414276 0 0
280 2 0.130462646484375 0 0
281 2 0.13124389946460724 0 0
282 2 0.13202515244483948 0 0
283 2 0.13280639052391052 0 0
284 2 0.13358764350414276 0 0
285 2 0.134368896484375 0 0
286 2 0.13515014946460724 0 0
287 2 0.13593140244483948 0 0
288 2 0.13671264052391052 0 0
289 2 0.13749389350414276 0 0
290 2 0.138275146484375 0 0
291 2 0.13905639946460724 0 0
292 2 0.13983765244483948 0 0
293 18 0.14061889052391052 0 0
294 18 0.14140014350414276 0 0
295 18 0.142181396484375 0 0
296 2 0.14296264946460724 0 0
297 2 0.14374390244483948 0 0
298 0 0.14452514052391052 0 0
299 0 0.14528922736644745 0 0
300 0 0.14603614807128906 0 0
301 0 0.14676590263843536 0 0
302 0 0.14747849106788635 0 0
303 0 0.14817389845848083 0 0
304 0 0.1488521546125412 0 0
305 0 0.14951324462890625 0 0
306 0 0.150157168507576 0 0
307 0 0.15078392624855042 0 0
308 0 0.15139350295066833 0 0
309 0 0.15198592841625214 0 0
310 0 0.15256118774414062 0 0
311 0 0.1531192809343338 0 0
312 1 0.15348833799362183 0 0
313 1 0.15400636196136475 0 0
314 1 0.1545015126466751 0 0
315 1 0.15497377514839172 0 0
316 1 0.1554231494665146 0 0
317 1 0.1558496356010437 0 0
318 1 0.15625321865081787 0 0
319 1 0.15663392841815948 0 0
320 1 0.15699175000190735 0 0
321 1 0.15732668340206146 0 0
322 1 0.15763872861862183 0 0
323 1 0.15792787075042725 0 0
324 1 0.1581941395998001 0 0
325 1 0.15843752026557922 0 0
326 1 0.15818193554878235 0 0
327 1 0.1579149067401886 0 0
328 1 0.15763643383979797 0 0
329 1 0.15734651684761047 0 0
330 1 0.1570451557636261 0 0
331 1 0.15673235058784485 0 0
332 1 0.15640810132026672 0 0
333 1 0.15607240796089172 0 0
334 1 0.15572527050971985 0 0
335 1 0.1553666889667511 0 0
336 1 0.15499666333198547 0 0
337 1 0.15461519360542297 0 0
338 1 0.1542222797870636 0 0
339 1 0.15381792187690735 0 0
340 1 0.15340211987495422 0 0
341 1 0.15297487378120422 0 0
342 1 0.15253618359565735 0 0
343 1 0.1520860493183136 0 0
344 1 0.15162447094917297 0 0
345 1 0.15115144848823547 0 0
346 1 0.1506669819355011 0 0
347 1 0.15017107129096985 0 0
348 1 0.14966371655464172 0 0
349 1 0.14914491772651672 0 0
350 1 0.14861467480659485 0 0
351 1 0.1480729877948761 0 0
352 1 0.14751985669136047 0 0
353 1 0.14695528149604797 0 0
354 1 0.1465473175048828 0 0
355 1 0.1459522247314453 0 0
356 1 0.1453418731689453 0 0
357 1 0.1447162628173828 0 0
358 1 0.1440753936767578 0 0
359 1 0.1434192657470703 0 0
360 1 0.1427478790283203 0 0
361 1 0.1420612335205078 0 0
362 1 0.1413593292236328 0 0
363 1 0.1406421661376953 0 0
364 1 0.1399097442626953 0 0
365 1 0.1391620635986328 0 0
366 1 0.1383991241455078 0 0
367 1 0.1376209259033203 0 0
368 1 0.1368274688720703 0 0
369 1 0.13604621589183807 0 0
370 1 0.13526496291160583 0 0
371 1 0.1344837248325348 0 0
372 1 0.13370247185230255 0 0
373 1 0.1329212188720703 0 0
374 1 0.13213996589183807 0 0
375 1 0.13135871291160583 0 0
376 1 0.1305774748325348 0 0
377 1 0.12979622185230255 0 0
378 1 0.1290149688720703 0 0
379 1 0.12823371589183807 0 0
380 1 0.12745246291160583 0 0
381 1 0.1266712248325348 0 0
382 1 0.12588997185230255 0 0
383 1 0.1251087188720703 0 0
384 1 0.12432746589183807 0 0
385 1 0.12354622036218643 0 0
386 1 0.1227649673819542 0 0
387 1 0.12198372185230255 0 0
388 1 0.12120246887207031 0 0
389 1 0.12042121589183807 0 0
390 1 0.11963997036218643 0 0
391 1 0.1188587173819542 0 0
392 1 0.11807747185230255 0 0
393 1 0.11729621887207031 0 0
394 1 0.11651496589183807 0 0
395 1 0.11573372036218643 0 0
396 0 0.1149524673819542 0 0
397 0 0.11418838798999786 0 0
398 0 0.11344146728515625 0 0
399 0 0.11271171271800995 0 0
400 0 0.11199913173913956 0 0
401 0 0.11130370944738388 0 0
402 0 0.11062546074390411 0 0
403 0 0.10996437072753906 0 0
404 0 0.10932044684886932 0 0
405 0 0.1086936965584755 0 0
406 2 0.10808410495519638 0 0
407 2 0.10749740898609161 0 0
408 2 0.10693359375 0 0
409 2 0.10639266669750214 0 0
410 2 0.10570276528596878 0 0
411 2 0.10520761460065842 0 0
412 0 0.1047353520989418 0 0
413 0 0.1042802631855011 0 0
414 0 0.10384233295917511 0 0
415 0 0.10342157632112503 0 0
416 0 0.10301797837018967 0 0
417 0 0.10263154655694962 0 0
418 0 0.10248468071222305 0 0
419 0 0.10248468071222305 0 0
420 0 0.10248468071222305 0 0
421 0 0.10248468071222305 0 0
422 0 0.10248468071222305 0 0
423 0 0.10248468071222305 0 0
424 0 0.10248468071222305 0 0
425 0 0.10248468071222305 0 0
426 0 0.10248468071222305 0 0
427 0 0.10248468071222305 0 0
428 0 0.10248468071222305 0 0
429 0 0.10248468071222305 0 0
430 0 0.10248468071222305 0 0
431 0 0.10233858227729797 0 0
432 0 0.10220964252948761 0 0
433 0 0.10209787636995316 0 0
434 0 0.10200326889753342 0 0
435 0 0.10192582756280899 0 0
436 0 0.10186555981636047 0 0
437 0 0.10182245075702667 0 0
438 0 0.10179651528596878 0 0
439 0 0.1017877385020256 0 0
440 0 0.10179612785577774 0 0
441 0 0.10178735852241516 0 0
442 0 0.1017957478761673 0 0
443 0 0.10178697854280472 0 0
444 0 0.10179536789655685 0 0
445 0 0.10178659111261368 0 0
446 0 0.10179498791694641 0 0
447 0 0.10178621113300323 0 0
448 2 0.10179460793733597 0 0
449 2 0.10205019265413284 0 0
450 2 0.10231722146272659 0 0
451 2 0.10259569436311722 0 0
452 2 0.10288561135530472 0 0
453 2 0.10318697243928909 0 0
454 2 0.10349977761507034 0 0
455 2 0.10382402688264847 0 0
456 2 0.10415972024202347 0 0
457 2 0.10450685769319534 0 0
458 2 0.10486543923616409 0 0
459 2 0.10523546487092972 0 0
460 2 0.10561693459749222 0 0
461 2 0.10600984841585159 0 0
462 2 0.10641420632600784 0 0
463 2 0.10683000832796097 0 0
464 2 0.10725725442171097 0 0
465 2 0.10769594460725784 0 0
466 2 0.10814607888460159 0 0
467 2 0.10860765725374222 0 0
468 2 0.10908067971467972 0 0
469 2 0.10956514626741409 0 0
470 2 0.11006105691194534 0 0
471 2 0.11056841164827347 0 0
472 0 0.11108721047639847 0 0
473 0 0.11158884316682816 0 0
474 0 0.11207330971956253 0 0
475 0 0.11254061013460159 0 0
476 2 0.11299074441194534 0 0
477 2 0.11345232278108597 0 0
478 2 0.11392534524202347 0 0
479 2 0.11440981179475784 0 0
480 2 0.11490572243928909 0 0
481 2 0.11541307717561722 0 0
482 2 0.11593187600374222 0 0
483 2 0.11646211892366409 0 0
484 0 0.11700380593538284 0 0
485 0 0.11752832680940628 0 0
486 0 0.1180356815457344 0 0
487 0 0.11852587014436722 0 0
488 0 0.11899889260530472 0 0
489 0 0.1194547489285469 0 0
490 0 0.11989343911409378 0 0
491 0 0.12031496316194534 0 0
492 2 0.12071932107210159 0 0
493 2 0.12113512307405472 0 0
494 2 0.12156236916780472 0 0
495 2 0.12200105935335159 0 0
496 2 0.12245119363069534 0 0
497 2 0.12291277199983597 0 0
498 2 0.12338579446077347 0 0
499 2 0.12387026101350784 0 0
500 2 0.12436617165803909 0 0
501 2 0.12487352639436722 0 0
502 2 0.12539231777191162 0 0
503 2 0.1259225606918335 0 0
504 2 0.12646424770355225 0 0
505 2 0.12701737880706787 0 0
506 2 0.12758195400238037 0 0
507 2 0.1283336728811264 0 0
508 2 0.1289287656545639 0 0
509 2 0.1295391172170639 0 0
510 2 0.1301647275686264 0 0
511 2 0.1308055967092514 0 0
512 2 0.1314617246389389 0 0
513 2 0.1321331113576889 0 0
514 2 0.1328197568655014 0 0
515 2 0.1335216611623764 0 0
516 2 0.1342388242483139 0 0
517 2 0.1349712461233139 0 0
518 2 0.1357189267873764 0 0
519 2 0.1364818662405014 0 0
520 2 0.1372600644826889 0 0
521 2 0.1380535215139389 0 0
522 2 0.13883477449417114 0 0
523 2 0.13961602747440338 0 0
524 2 0.14039726555347443 0 0
525 2 0.14117851853370667 0 0
526 2 0.1419597715139389 0 0
527 2 0.14274102449417114 0 0
528 2 0.14352227747440338 0 0
529 2 0.14430351555347443 0 0
530 2 0.14508476853370667 0 0
531 18 0.1458660215139389 0 0
532 18 0.14664727449417114 0 0
533 18 0.1473434418439865 0 0
534 18 0.1473434418439865 0 0
535 2 0.14812467992305756 0 0
536 2 0.1489059329032898 0 0
537 2 0.14968718588352203 0 0
538 2 0.15046843886375427 0 0
539 2 0.1512496918439865 0 0
540 2 0.15203092992305756 0 0
541 2 0.1528121829032898 0 0
542 2 0.15359343588352203 0 0
543 2 0.15437468886375427 0 0
544 2 0.1551559418439865 0 0
545 2 0.15593717992305756 0 0
546 2 0.1567184329032898 0 0
547 2 0.15749970078468323 0 0
548 2 0.15828093886375427 0 0
549 2 0.1590621918439865 0 0
550 2 0.15984344482421875 0 0
551 2 0.160624697804451 0 0
552 2 0.16140595078468323 0 0
553 2 0.16218718886375427 0 0
554 2 0.1629684418439865 0 0
555 2 0.16374969482421875 0 0
556 2 0.164530947804451 0 0
557 2 0.16531220078468323 0 0
558 2 0.16609343886375427 0 0
559 2 0.1668746918439865 0 0
560 2 0.16765594482421875 0 0
561 2 0.168437197804451 0 0
562 18 0.16921845078468323 0 0
563 18 0.16999968886375427 0 0
564 18 0.1707809418439865 0 0
565 18 0.17156219482421875 0 0
566 2 0.172343447804451 0 0
567 2 0.17312470078468323 0 0
568 2 0.17390593886375427 0 0
569 2 0.1746871918439865 0 0
570 2 0.17546844482421875 0 0
571 2 0.176249697804451 0 0
572 2 0.17703095078468323 0 0
573 2 0.1773434430360794 0 0
574 2 0.17742715775966644 0 0
575 2 0.17751531302928925 0 0
576 2 0.17751531302928925 0 0
577 2 0.17751531302928925 0 0
578 0 0.17751531302928925 0 0
579 0 0.17751531302928925 0 0
580 0 0.17751531302928925 0 0
581 0 0.17751531302928925 0 0
582 2 0.17751531302928925 0 0
583 2 0.17751531302928925 0 0
584 2 0.17751531302928925 0 0
585 2 0.17751531302928925 0 0
586 2 0.17751531302928925 0 0
587 2 0.17751531302928925 0 0
588 2 0.17751531302928925 0 0
589 2 0.17751531302928925 0 0
590 2 0.17751531302928925 0 0
591 2 0.17751531302928925 0 0
592 2 0.17751531302928925 0 0
593 2 0.17751531302928925 0 0
594 2 0.17751531302928925 0 0
595 2 0.17751531302928925 0 0
596 18 0.17751531302928925 0 0
597 18 0.17751531302928925 0 0
598 18 0.17751531302928925 0 0
599 18 0.17751531302928925 0 0
600 18 0.17751531302928925 0 0
601 18 0.17751531302928925 0 0
602 18 0.17751531302928925 0 0
603 18 0.17751531302928925 0 0
604 18 0.17751531302928925 0 0
605 18 0.17751531302928925 0 0
606 2 0.177873894572258 0 0
607 2 0.17824392020702362 0 0
608 2 0.17862538993358612 0 0
609 2 0.1790183037519455 0 0
610 2 0.17942266166210175 0 0
611 2 0.17983846366405487 0 0
612 2 0.18026570975780487 0 0
613 2 0.18070439994335175 0 0
614 2 0.1811545342206955 0 0
615 2 0.18161611258983612 0 0
616 2 0.18208913505077362 0 0
617 2 0.18251532316207886 0 0
618 2 0.18251532316207886 0 0
619 0 0.18251532316207886 0 0
620 0 0.18251532316207886 0 0
621 0 0.18251532316207886 0 0
622 0 0.18251532316207886 0 0
623 0 0.18251532316207886 0 0
624 0 0.18251532316207886 0 0
625 0 0.18251532316207886 0 0
626 0 0.18251532316207886 0 0
627 0 0.18251532316207886 0 0
628 0 0.18251532316207886 0 0
629 0 0.18251532316207886 0 0
630 0 0.18251532316207886 0 0
631 0 0.18251532316207886 0 0
632 0 0.18251532316207886 0 0
633 0 0.18251532316207886 0 0
634 2 0.18251532316207886 0 0
635 2 0.18251532316207886 0 0
636 2 0.18251532316207886 0 0
637 18 0.18251532316207886 0 0
638 18 0.18251532316207886 0 0
639 18 0.18251532316207886 0 0
640 2 0.18251532316207886 0 0
641 2 0.18251532316207886 0 0
642 2 0.18281668424606323 0 0
643 2 0.18312948942184448 0 0
644 2 0.1834537386894226 0 0
645 2 0.1837894320487976 0 0
646 2 0.18413656949996948 0 0
647 2 0.18449515104293823 0 0
648 2 0.18486517667770386 0 0
649 2 0.18524664640426636 0 0
650 2 0.18563956022262573 0 0
651 2 0.18604391813278198 0 0
652 2 0.1864597201347351 0 0
653 2 0.1868869662284851 0 0
654 2 0.18732565641403198 0 0
655 2 0.18777579069137573 0 0
656 2 0.18823736906051636 0 0
657 2 0.18871039152145386 0 0
658 2 0.18919485807418823 0 0
659 2 0.18969076871871948 0 0
660 2 0.1901981234550476 0 0
661 2 0.1907169222831726 0 0
662 2 0.19124716520309448 0 0
663 2 0.19178885221481323 0 0
664 2 0.19234198331832886 0 0
665 2 0.19290655851364136 0 0
666 2 0.1936582624912262 0 0
667 2 0.1942533552646637 0 0
668 2 0.1948637068271637 0 0
669 2 0.1954893171787262 0 0
670 2 0.1961301863193512 0 0
671 2 0.1967863142490387 0 0
672 2 0.1974577009677887 0 0
673 2 0.1981443464756012 0 0
674 2 0.1988462507724762 0 0
675 2 0.1995634138584137 0 0
676 2 0.2002958357334137 0 0
677 2 0.2010435163974762 0 0
678 2 0.2018064558506012 0 0
679 2 0.2025846540927887 0 0
680 2 0.2033781111240387 0 0
681 2 0.20415934920310974 0 0
682 18 0.20494060218334198 0 0
683 18 0.20572185516357422 0 0
684 18 0.20650310814380646 0 0
685 18 0.2072843611240387 0 0
686 18 0.20806559920310974 0 0
687 2 0.20884685218334198 0 0
688 2 0.20962810516357422 0 0
689 2 0.21040935814380646 0 0
690 2 0.2111906111240387 0 0
691 2 0.21197184920310974 0 0
692 2 0.21275310218334198 0 0
693 2 0.21353435516357422 0 0
694 0 0.21431560814380646 0 0
695 0 0.21507969498634338 0 0
696 0 0.2158266007900238 0 0
697 0 0.2165563553571701 0 0
698 0 0.2172689437866211 0 0
699 0 0.21796436607837677 0 0
700 0 0.21864262223243713 0 0
701 1 0.219303697347641 0 0
702 1 0.2199418991804123 0 0
703 1 0.22055721282958984 0 0
704 1 0.22114963829517365 0 0
705 1 0.2217191755771637 0 0
706 1 0.2222658097743988 0 0
707 1 0.22261770069599152 0 0
708 1 0.22311857342720032 0 0
709 0 0.22359655797481537 0 0
710 0 0.2240573763847351 0 0
711 0 0.22450101375579834 0 0
712 0 0.22492749989032745 0 0
713 0 0.22533681988716125 0 0
714 1 0.22572897374629974 0 0
715 1 0.22609823942184448 0 0
716 1 0.22644460201263428 0 0
717 1 0.22676809132099152 0 0
718 1 0.227068692445755 0 0
719 1 0.22734640538692474 0 0
720 0 0.22760123014450073 0 0
721 0 0.22783887386322021 0 0
722 0 0.22805936634540558 0 0
723 0 0.22826269268989563 0 0
724 0 0.22844885289669037 0 0
725 0 0.2286178469657898 0 0
726 0 0.22876965999603271 0 0
727 0 0.22890432178974152 0 0
728 0 0.22890432178974152 0 0
729 0 0.22890432178974152 0 0
730 0 0.22890432178974152 0 0
731 0 0.22890432178974152 0 0
732 0 0.22890432178974152 0 0
733 0 0.22890432178974152 0 0
734 0 0.22890432178974152 0 0
735 0 0.22890432178974152 0 0
736 0 0.22890432178974152 0 0
737 0 0.22890432178974152 0 0
738 0 0.22890432178974152 0 0
739 0 0.22890432178974152 0 0
740 0 0.22890432178974152 0 0
741 0 0.22890432178974152 0 0
742 0 0.22890432178974152 0 0
743 0 0.22890432178974152 0 0
744 0 0.22890432178974152 0 0
745 0 0.22890432178974152 0 0
746 0 0.22890432178974152 0 0
747 0 0.22890432178974152 0 0
748 0 0.22890432178974152 0 0
749 0 0.22890432178974152 0 0
750 0 0.22890432178974152 0 0
751 0 0.22890432178974152 0 0
752 0 0.22890432178974152 0 0
753 0 0.22890432178974152 0 0
754 0 0.22890432178974152 0 0
755 0 0.22890432178974152 0 0
756 0 0.22890432178974152 0 0
757 0 0.22890432178974152 0 0
758 0 0.22890432178974152 0 0
759 0 0.22890432178974152 0 0
760 0 0.22890432178974152 0 0
761 0 0.22890432178974152 0 0
762 0 0.22890432178974152 0 0
763 0 0.22890432178974152 0 0
764 0 0.22890432178974152 0 0
765 0 0.22890432178974152 0 0
766 0 0.22890432178974152 0 0
767 0 0.22890432178974152 0 0
768 0 0.22890432178974152 0 0
769 0 0.22890432178974152 0 0
770 0 0.22890432178974152 0 0
771 0 0.22890432178974152 0 0
772 0 0.22890432178974152 0 0
773 0 0.22890432178974152 0 0
774 0 0.22890432178974152 0 0
775 0 0.22890432178974152 0 0
776 0 0.22890432178974152 0 0
777 0 0.22890432178974152 0 0
778 0 0.22890432178974152 0 0
779 0 0.22890432178974152 0 0
780 0 0.22890432178974152 0 0
781 0 0.22890432178974152 0 0
782 0 0.22890432178974152 0 0
783 0 0.22890432178974152 0 0
784 0 0.22890432178974152 0 0
785 0 0.22890432178974152 0 0
786 0 0.22890432178974152 0 0
787 0 0.22890432178974152 0 0
788 0 0.22890432178974152 0 0
789 0 0.22890432178974152 0 0
790 0 0.22890432178974152 0 0
791 0 0.22890432178974152 0 0
792 0 0.22890432178974152 0 0
793 0 0.22890432178974152 0 0
794 0 0.22890432178974152 0 0
795 0 0.22890432178974152 0 0
796 0 0.22890432178974152 0 0
797 0 0.22890432178974152 0 0
798 0 0.22890432178974152 0 0
799 0 0.22890432178974152 0 0
800 0 0.22890432178974152 0 0
801 0 0.22890432178974152 0 0
802 0 0.22890432178974152 0 0
803 0 0.22890432178974152 0 0
804 0 0.22890432178974152 0 0
805 0 0.22890432178974152 0 0
806 0 0.22890432178974152 0 0
807 0 0.22890432178974152 0 0
808 0 0.22890432178974152 0 0
809 0 0.22890432178974152 0 0
810 0 0.22890432178974152 0 0
811 0 0.22890432178974152 0 0
812 0 0.22890432178974152 0 0
813 0 0.22890432178974152 0 0
814 0 0.22890432178974152 0 0
815 0 0.22890432178974152 0 0
816 0 0.22890432178974152 0 0
817 0 0.22890432178974152 0 0
818 0 0.22890432178974152 0 0
819 0 0.22890432178974152 0 0
820 0 0.22890432178974152 0 0
821 0 0.22890432178974152 0 0
822 0 0.22890432178974152 0 0
823 0 0.22890432178974152 0 0
824 0 0.22890432178974152 0 0
825 0 0.22890432178974152 0 0
826 0 0.22890432178974152 0 0
827 0 0.22890432178974152 0 0
828 0 0.22890432178974152 0 0
829 0 0.22890432178974152 0 0
830 0 0.22890432178974152 0 0
831 0 0.22890432178974152 0 0
832 0 0.22890432178974152 0 0
833 0 0.22890432178974152 0 0
834 0 0.22890432178974152 0 0
835 0 0.22890432178974152 0 0
836 0 0.22890432178974152 0 0
837 0 0.22890432178974152 0 0
838 0 0.22890432178974152 0 0
839 0 0.22890432178974152 0 0
840 0 0.22890432178974152 0 0
841 0 0.22890432178974152 0 0
842 0 0.22890432178974152 0 0
843 0 0.22890432178974152 0 0
844 0 0.22890432178974152 0 0
845 0 0.22890432178974152 0 0
846 0 0.22890432178974152 0 0
847 0 0.22890432178974152 0 0
848 0 0.22890432178974152 0 0
849 0 0.22890432178974152 0 0
850 2 0.22890432178974152 0 0
851 2 0.2291599065065384 0 0
852 2 0.22942693531513214 0 0
853 2 0.22970540821552277 0 0
854 0 0.22999532520771027 0 0
855 0 0.23026807606220245 0 0
856 0 0.23052366077899933 0 0
857 0 0.2307620793581009 0 0
858 0 0.2307620793581009 0 0
859 0 0.2307620793581009 0 0
860 0 0.2307620793581009 0 0
861 0 0.2307620793581009 0 0
862 0 0.2307620793581009 0 0
863 0 0.2307620793581009 0 0
864 0 0.2307620793581009 0 0
865 0 0.2307620793581009 0 0
866 0 0.2307620793581009 0 0
867 0 0.2307620793581009 0 0
868 0 0.2307620793581009 0 0
869 0 0.2307620793581009 0 0
870 0 0.2307620793581009 0 0
871 2 0.2307620793581009 0 0
872 18 0.23101766407489777 0 0
873 18 0.23128469288349152 0 0
874 18 0.23156316578388214 0 0
875 18 0.23185308277606964 0 0
876 18 0.23215444386005402 0 0
877 18 0.23246724903583527 0 0
878 18 0.2327914983034134 0 0
879 18 0.2331271916627884 0 0
880 18 0.23347432911396027 0 0
881 18 0.23383291065692902 0 0
882 18 0.23420293629169464 0 0
883 18 0.23458440601825714 0 0
884 18 0.23497731983661652 0 0
885 18 0.23538167774677277 0 0
886 18 0.2357974797487259 0 0
887 18 0.2362247258424759 0 0
888 18 0.23666341602802277 0 0
889 18 0.23711355030536652 0 0
890 18 0.23757512867450714 0 0
891 18 0.23804815113544464 0 0
892 18 0.23853261768817902 0 0
893 18 0.23902852833271027 0 0
894 18 0.2395358830690384 0 0
895 18 0.2400546818971634 0 0
896 18 0.24058492481708527 0 0
897 18 0.24112661182880402 0 0
898 18 0.24167974293231964 0 0
899 18 0.24224431812763214 0 0
900 18 0.24299602210521698 0 0
901 18 0.24359111487865448 0 0
902 18 0.24420146644115448 0 0
903 18 0.24482707679271698 0 0
904 18 0.24546794593334198 0 0
905 18 0.24612407386302948 0 0
906 18 0.24679546058177948 0 0
907 18 0.24748210608959198 0 0
908 18 0.24818401038646698 0 0
909 18 0.24890117347240448 0 0
910 18 0.24963359534740448 0 0
911 18 0.2503812909126282 0 0
912 2 0.2511442303657532 0 0
913 2 0.2519224286079407 0 0
914 2 0.25234344601631165 0 0
915 2 0.2524271607398987 0 0
916 2 0.2525153160095215 0 0
917 2 0.2525153160095215 0 0
918 18 0.2525153160095215 0 0
919 18 0.2525153160095215 0 0
920 18 0.2525153160095215 0 0
921 18 0.2525153160095215 0 0
922 2 0.2525153160095215 0 0
923 2 0.25281667709350586 0 0
924 2 0.2531294822692871 0 0
925 2 0.25345373153686523 0 0
926 2 0.25378942489624023 0 0
927 2 0.2541365623474121 0 0
928 2 0.25449514389038086 0 0
929 2 0.2548651695251465 0 0
930 2 0.255246639251709 0 0
931 2 0.25563955307006836 0 0
932 2 0.2560439109802246 0 0
933 2 0.25645971298217773 0 0
934 2 0.25688695907592773 0 0
935 2 0.2573256492614746 0 0
936 2 0.25777578353881836 0 0
937 2 0.258237361907959 0 0
938 2 0.2587103843688965 0 0
939 2 0.25919485092163086 0 0
940 2 0.2596907615661621 0 0
941 2 0.26019811630249023 0 0
942 2 0.26071691513061523 0 0
943 2 0.2612471580505371 0 0
944 2 0.26178884506225586 0 0
945 2 0.2623419761657715 0 0
946 2 0.262906551361084 0 0
947 2 0.2636582553386688 0 0
948 2 0.2642533481121063 0 0
949 2 0.2648636996746063 0 0
950 18 0.2654893100261688 0 0
951 18 0.2661301791667938 0 0
952 18 0.2667863070964813 0 0
953 18 0.2673434317111969 0 0
954 18 0.2680300772190094 0 0
955 18 0.2687319815158844 0 0
956 18 0.2694491446018219 0 0
957 18 0.2701815664768219 0 0
958 18 0.2709292471408844 0 0
959 18 0.2716921865940094 0 0
960 2 0.2724703848361969 0 0
961 2 0.2732638418674469 0 0
962 2 0.27404510974884033 0 0
963 2 0.2748263478279114 0 0
964 2 0.2756076157093048 0 0
965 2 0.27638885378837585 0 0
966 2 0.2771700918674469 0 0
967 2 0.27795135974884033 0 0
968 2 0.2787325978279114 0 0
969 2 0.2795138657093048 0 0
970 2 0.28029510378837585 0 0
971 2 0.2810763418674469 0 0
972 0 0.28185760974884033 0 0
973 0 0.28262168169021606 0 0
974 0 0.28336861729621887 0 0
975 0 0.284098356962204 0 0
976 0 0.2848109304904938 0 0
977 0 0.28550636768341064 0 0
978 0 0.2861846089363098 0 0
979 0 0.28684571385383606 0 0
980 0 0.2874896228313446 0 0
981 0 0.28811636567115784 0 0
982 0 0.28872597217559814 0 0
983 0 0.28931838274002075 0 0
984 0 0.28989365696907043 0 0
985 0 0.2904517352581024 0 0
986 0 0.29082077741622925 0 0
987 0 0.291344553232193 0 0
988 2 0.29185113310813904 0 0
989 2 0.29236918687820435 0 0
990 2 0.2925153076648712 0 0
991 2 0.2925153076648712 0 0
992 2 0.2925153076648712 0 0
993 2 0.2925153076648712 0 0
994 2 0.2925153076648712 0 0
995 2 0.2925153076648712 0 0
996 2 0.2925153076648712 0 0
997 2 0.2925153076648712 0 0
998 0 0.2925153076648712 0 0
999 0 0.2925153076648712 0 0
1000 1 0.2925153076648712 0 0
1001 1 0.29225972294807434 0 0
1002 1 0.2919926941394806 0 0
1003 1 0.29171422123908997 0 0
1004 1 0.29142430424690247 0 0
1005 1 0.2911229431629181 0 0
1006 1 0.29081013798713684 0 0
1007 1 0.2904858887195587 0 0
1008 1 0.2901501953601837 0 0
1009 1 0.28980305790901184 0 0
1010 1 0.2894444763660431 0 0
1011 1 0.28907445073127747 0 0
1012 1 0.28869298100471497 0 0
1013 1 0.2883000671863556 0 0
1014 1 0.28789570927619934 0 0
1015 1 0.2874799072742462 0 0
1016 1 0.2870526611804962 0 0
1017 17 0.28661397099494934 0 0
1018 17 0.2861638367176056 0 0
1019 17 0.28570225834846497 0 0
1020 17 0.28522923588752747 0 0
1021 17 0.2847447693347931 0 0
1022 17 0.28424885869026184 0 0
1023 17 0.2837415039539337 0 0
1024 17 0.2832227051258087 0 0
1025 17 0.28269246220588684 0 0
1026 17 0.2821507751941681 0 0
1027 17 0.28159764409065247 0 0
1028 17 0.28103306889533997 0 0
1029 17 0.2806251049041748 0 0
1030 17 0.2800300121307373 0 0
1031 17 0.2794196605682373 0 0
1032 17 0.2787940502166748 0 0
1033 17 0.2781531810760498 0 0
1034 17 0.2774970531463623 0 0
1035 17 0.2768256664276123 0 0
1036 17 0.2761390209197998 0 0
1037 17 0.2754371166229248 0 0
1038 0 0.2747199535369873 0 0
1039 0 0.2740199565887451 0 0
1040 2 0.27333712577819824 0 0
1041 2 0.2726771831512451 0 0
1042 2 0.27265655994415283 0 0
1043 2 0.27274027466773987 0 0
1044 2 0.2730073034763336 0 0
1045 2 0.27328577637672424 0 0
1046 2 0.27357569336891174 0 0
1047 2 0.2738770544528961 0 0
1048 2 0.27418985962867737 0 0
1049 2 0.2745141088962555 0 0
1050 2 0.2748498022556305 0 0
1051 2 0.27519693970680237 0 0
1052 2 0.2755555212497711 0 0
1053 2 0.27592554688453674 0 0
1054 2 0.27630701661109924 0 0
1055 2 0.2766999304294586 0 0
1056 2 0.27710428833961487 0 0
1057 2 0.277520090341568 0 0
1058 2 0.277947336435318 0 0
1059 2 0.27838602662086487 0 0
1060 2 0.2788361608982086 0 0
1061 2 0.27929773926734924 0 0
1062 2 0.27977076172828674 0 0
1063 2 0.2802552282810211 0 0
1064 2 0.28075113892555237 0 0
1065 2 0.2812584936618805 0 0
1066 2 0.2817772924900055 0 0
1067 2 0.28230753540992737 0 0
1068 2 0.2828492224216461 0 0
1069 2 0.28340235352516174 0 0
1070 2 0.28396692872047424 0 0
1071 2 0.2847186326980591 0 0
1072 2 0.2853137254714966 0 0
1073 2 0.2859240770339966 0 0
1074 2 0.2865496873855591 0 0
1075 2 0.2871905565261841 0 0
1076 2 0.2878466844558716 0 0
1077 2 0.2885180711746216 0 0
1078 2 0.2892047166824341 0 0
1079 2 0.2899066209793091 0 0
1080 2 0.2906237840652466 0 0
1081 2 0.2913562059402466 0 0
1082 0 0.2921038866043091 0 0
1083 0 0.2923434376716614 0 0
1084 0 0.29217156767845154 0 0
1085 0 0.29217156767845154 0 0
1086 0 0.29217156767845154 0 0
1087 0 0.29217156767845154 0 0
1088 1 0.29217156767845154 0 0
1089 1 0.29191598296165466 0 0
1090 1 0.2916489541530609 0 0
1091 1 0.2913704812526703 0 0
1092 1 0.2910805642604828 0 0
1093 1 0.2907792031764984 0 0
1094 1 0.29046639800071716 0 0
1095 1 0.29014214873313904 0 0
1096 1 0.28980645537376404 0 0
1097 1 0.28945931792259216 0 0
1098 1 0.2891007363796234 0 0
1099 1 0.2887307107448578 0 0
1100 1 0.2883492410182953 0 0
1101 1 0.2879563271999359 0 0
1102 1 0.28755196928977966 0 0
1103 17 0.28713616728782654 0 0
1104 17 0.28670892119407654 0 0
1105 17 0.28627023100852966 0 0
1106 17 0.2858200967311859 0 0
1107 17 0.2853585183620453 0 0
1108 17 0.2848854959011078 0 0
1109 17 0.2844010293483734 0 0
1110 17 0.28390511870384216 0 0
1111 17 0.28339776396751404 0 0
1112 17 0.28287896513938904 0 0
1113 17 0.28234872221946716 0 0
1114 17 0.2818070352077484 0 0
1115 17 0.2812539041042328 0 0
1116 17 0.2806893289089203 0 0
1117 17 0.2802813649177551 0 0
1118 17 0.2796862721443176 0 0
1119 17 0.2790759205818176 0 0
1120 17 0.2784503102302551 0 0
1121 17 0.2778094410896301 0 0
1122 17 0.2771533131599426 0 0
1123 17 0.2764819264411926 0 0
1124 17 0.2757952809333801 0 0
1125 17 0.2750933766365051 0 0
1126 17 0.2743762135505676 0 0
1127 17 0.2736437916755676 0 0
1128 17 0.2728961110115051 0 0
1129 17 0.2721331715583801 0 0
1130 16 0.2713549733161926 0 0
1131 16 0.27059394121170044 0 0
1132 0 0.26985007524490356 0 0
1133 0 0.269123375415802 0 0
1134 2 0.26841384172439575 0 0
1135 2 0.26772719621658325 0 0
1136 0 0.2670634388923645 0 0
1137 0 0.26641684770584106 0 0
1138 2 0.26578742265701294 0 0
1139 2 0.26518088579177856 0 0
1140 2 0.26459723711013794 0 0
1141 2 0.26403647661209106 0 0
1142 0 0.2633267343044281 0 0
1143 0 0.2628060281276703 0 0
1144 0 0.2623024880886078 0 0
1145 0 0.2618161141872406 0 0
1146 0 0.2613469064235687 0 0
1147 0 0.26089486479759216 0 0
1148 0 0.2604599893093109 0 0
1149 0 0.260042279958725 0 0
1150 2 0.25964173674583435 0 0
1151 2 0.2592640817165375 0 0
1152 2 0.25890931487083435 0 0
1153 2 0.2588129937648773 0 1
1153 2 0.2588129937648773 0 1
