data/levels/bonus2/level15.stl
1 0 0.009991071186959743 0 0
2 0 0.009991071186959743 0 0
3 0 0.009991071186959743 0 0
4 0 0.009991071186959743 0 0
5 0 0.009991071186959743 0 0
6 0 0.009991071186959743 0 0
7 16 0.009991071186959743 0 0
8 0 0.009991071186959743 0 0
9 0 0.009991071186959743 0 0
10 0 0.009991071186959743 0 0
11 0 0.009991071186959743 0 0
12 0 0.009991071186959743 0 0
13 0 0.009991071186959743 0 0
14 0 0.009991071186959743 0 0
15 0 0.009991071186959743 0 0
16 0 0.009991071186959743 0 0
17 0 0.009991071186959743 0 0
18 0 0.009991071186959743 0 0
19 0 0.009991071186959743 0 0
20 0 0.009991071186959743 0 0
21 0 0.009991071186959743 0 0
22 0 0.009991071186959743 0 0
23 0 0.009991071186959743 0 0
24 0 0.009991071186959743 0 0
25 0 0.009991071186959743 0 0
26 0 0.009991071186959743 0 0
27 0 0.009991071186959743 0 0
28 0 0.009991071186959743 0 0
29 0 0.009991071186959743 0 0
30 0 0.009991071186959743 0 0
31 0 0.009991071186959743 0 0
32 0 0.009991071186959743 0 0
33 0 0.009991071186959743 0 0
34 0 0.009991071186959743 0 0
35 0 0.009991071186959743 0 0
36 0 0.009991071186959743 0 0
37 0 0.009991071186959743 0 0
38 0 0.009991071186959743 0 0
39 0 0.009991071186959743 0 0
40 0 0.009991071186959743 0 0
41 0 0.009991071186959743 0 0
42 0 0.009991071186959743 0 0
43 0 0.009991071186959743 0 0
44 0 0.009991071186959743 0 0
45 0 0.009991071186959743 0 0
46 0 0.009991071186959743 0 0
47 0 0.009991071186959743 0 0
48 0 0.009991071186959743 0 0
49 0 0.009991071186959743 0 0
50 0 0.009991071186959743 0 0
51 0 0.009991071186959743 0 0
52 0 0.009991071186959743 0 0
53 0 0.009991071186959743 0 0
54 0 0.009991071186959743 0 0
55 0 0.009991071186959743 0 0
56 0 0.009991071186959743 0 0
57 0 0.009991071186959743 0 0
58 0 0.009991071186959743 0 0
59 0 0.009991071186959743 0 0
60 2 0.009991071186959743 0 0
61 2 0.010137120261788368 0 0
62 2 0.010289708152413368 0 0
63 2 0.010448834858834743 0 0
64 2 0.010614502243697643 0 0
65 2 0.010786708444356918 0 0
66 2 0.010965454392135143 0 0
67 2 0.011150739155709743 0 0
68 2 0.011342564597725868 0 0
69 2 0.011540927924215794 0 0
70 2 0.011745831929147243 0 0
71 2 0.011957274749875069 0 0
72 2 0.012175257317721844 0 0
73 2 0.012399779632687569 0 0
74 2 0.012630841694772243 0 0
75 2 0.012868442572653294 0 0
76 2 0.013112583197653294 0 0
77 2 0.013363263569772243 0 0
78 2 0.013620482757687569 0 0
79 2 0.013884241692721844 0 0
80 2 0.014154540374875069 0 0
81 2 0.014431378804147243 0 0
82 2 0.014714756049215794 0 0
83 2 0.015004673041403294 0 0
84 2 0.015301129780709743 0 0
85 2 0.015604125335812569 0 0
86 18 0.01591366156935692 0 0
87 18 0.01622973568737507 0 0
88 18 0.01655234955251217 0 0
89 18 0.01698189787566662 0 0
90 18 0.017321951687335968 0 0
91 18 0.017670724540948868 0 0
92 18 0.018028216436505318 0 0
93 18 0.018394427374005318 0 0
94 18 0.018769357353448868 0 0
95 18 0.019153006374835968 0 0
96 2 0.01954537443816662 0 0
97 2 0.019946463406085968 0 0
98 2 0.020356271415948868 0 0
99 2 0.020774798467755318 0 0
100 0 0.021202044561505318 0 0
101 0 0.021619480103254318 0 0
102 0 0.022027108818292618 0 0
103 0 0.022424926981329918 0 0
104 1 0.022812936455011368 0 0
105 1 0.023187866434454918 0 0
106 1 0.023549716919660568 0 0
107 1 0.023898489773273468 0 0
108 1 0.024234183132648468 0 0
109 1 0.024556796997785568 0 0
110 1 0.024866333231329918 0 0
111 1 0.02506457455456257 0 0
112 1 0.02534795179963112 0 0
113 1 0.02561825141310692 0 0
114 1 0.02587546966969967 0 0
115 1 0.02611961029469967 0 0
116 1 0.02635067328810692 0 0
117 1 0.02656865492463112 0 0
118 1 0.02677355892956257 0 0
119 1 0.02696538344025612 0 0
120 1 0.02714413031935692 0 0
121 1 0.02730979584157467 0 0
122 1 0.02746238373219967 0 0
123 1 0.02760189399123192 0 0
124 0 0.02772832289338112 0 0
125 0 0.02784494310617447 0 0
126 0 0.02795175462961197 0 0
127 0 0.02804875746369362 0 0
128 0 0.02813595160841942 0 0
129 0 0.02821333520114422 0 0
130 2 0.02828091010451317 0 0
131 2 0.02842695824801922 0 0
132 2 0.02857954613864422 0 0
133 2 0.02873867377638817 0 0
134 2 0.02890433929860592 0 0
135 18 0.02907654643058777 0 0
136 18 0.02925529144704342 0 0
137 18 0.02944057807326317 0 0
138 18 0.02963240258395672 0 0
139 18 0.02983076684176922 0 0
140 18 0.03003567084670067 0 0
141 18 0.03024711273610592 0 0
142 18 0.03046509623527527 0 0
143 18 0.03068961761891842 0 0
144 18 0.03092068061232567 0 0
145 18 0.03115828149020672 0 0
146 18 0.03140242025256157 0 0
147 18 0.03165310248732567 0 0
148 2 0.03191032260656357 0 0
149 2 0.03217408061027527 0 0
150 2 0.03244438022375107 0 0
151 2 0.03272121772170067 0 0
152 2 0.03300459310412407 0 0
153 2 0.03329451009631157 0 0
154 2 0.03359096869826317 0 0
155 2 0.03389396518468857 0 0
156 2 0.03420349955558777 0 0
157 2 0.03451957553625107 0 0
158 2 0.03484218940138817 0 0
159 2 0.03527173772454262 0 0
160 2 0.03561178967356682 0 0
161 2 0.03596056252717972 0 0
162 2 0.03631805256009102 0 0
163 2 0.03668426349759102 0 0
164 2 0.03705919533967972 0 0
165 2 0.03744284436106682 0 0
166 2 0.03783521428704262 0 0
167 2 0.03823630139231682 0 0
168 2 0.03864610940217972 0 0
169 2 0.03906463459134102 0 0
170 2 0.03949188068509102 0 0
171 2 0.03992784768342972 0 0
172 2 0.04037253186106682 0 0
173 2 0.04082593694329262 0 0
174 2 0.0412723645567894 0 0
175 2 0.04171879217028618 0 0
176 2 0.04216522350907326 0 0
177 2 0.04261165112257004 0 0
178 2 0.04305807873606682 0 0
179 2 0.0435045063495636 0 0
180 2 0.04395093768835068 0 0
181 2 0.04439736530184746 0 0
182 2 0.04484379291534424 0 0
183 2 0.04529022052884102 0 0
184 2 0.0457366518676281 0 0
185 2 0.04618307948112488 0 0
186 2 0.04662950709462166 0 0
187 2 0.04707593470811844 0 0
188 2 0.04752236604690552 0 0
189 2 0.0479687936604023 0 0
190 2 0.04841522127389908 0 0
191 2 0.04886164888739586 0 0
192 2 0.04930808022618294 0 0
193 2 0.04975450783967972 0 0
194 2 0.0499105341732502 0 0
195 2 0.04995836690068245 0 0
196 2 0.05000875145196915 0 0
197 2 0.05000875145196915 0 0
198 2 0.05000875145196915 0 0
199 2 0.05000875145196915 0 0
200 2 0.05000875145196915 0 0
201 2 0.05000875145196915 0 0
202 2 0.05000875145196915 0 0
203 2 0.05000875145196915 0 0
204 2 0.05000875145196915 0 0
205 2 0.05000875145196915 0 0
206 2 0.05000875145196915 0 0
207 2 0.05000875145196915 0 0
208 2 0.05000875145196915 0 0
209 2 0.05000875145196915 0 0
210 2 0.05000875145196915 0 0
211 2 0.05000875145196915 0 0
212 2 0.05000875145196915 0 0
213 2 0.05000875145196915 0 0
214 18 0.05000875145196915 0 0
215 18 0.05000875145196915 0 0
216 18 0.05000875145196915 0 0
217 18 0.05000875145196915 0 0
218 18 0.05000875145196915 0 0
219 18 0.05018095672130585 0 0
220 2 0.05035970360040665 0 0
221 2 0.05054498836398125 0 0
222 2 0.050736814737319946 0 0
223 2 0.050935178995132446 0 0
224 2 0.05114008113741875 0 0
225 2 0.05135152488946915 0 0
226 2 0.05156950652599335 0 0
227 2 0.05179402977228165 0 0
228 2 0.05202509090304375 0 0
229 2 0.052262693643569946 0 0
230 2 0.052506834268569946 0 0
231 2 0.05275751277804375 0 0
232 2 0.05301473289728165 0 0
233 2 0.05327849090099335 0 0
234 2 0.05354879051446915 0 0
235 2 0.05382562801241875 0 0
236 2 0.054109007120132446 0 0
237 2 0.054398924112319946 0 0
238 2 0.05469537898898125 0 0
239 2 0.05499837547540665 0 0
240 2 0.05530790984630585 0 0
241 2 0.05562398582696915 0 0
242 2 0.05572303757071495 0 0
243 2 0.05572303757071495 0 0
244 2 0.05572303757071495 0 0
245 18 0.05572303757071495 0 0
246 18 0.05572303757071495 0 0
247 18 0.05572303757071495 0 0
248 18 0.05572303757071495 0 0
249 18 0.05572303757071495 0 0
250 2 0.05589524284005165 0 0
251 2 0.05607398971915245 0 0
252 2 0.05625927448272705 0 0
253 2 0.05645110085606575 0 0
254 2 0.05664946511387825 0 0
255 2 0.05685436725616455 0 0
256 2 0.05706581100821495 0 0
257 2 0.05728379264473915 0 0
258 0 0.05750831589102745 0 0
259 0 0.0577230304479599 0 0
260 0 0.0579279325902462 0 0
261 0 0.05812302604317665 0 0
262 0 0.05830831080675125 0 0
263 0 0.05848378688097 0 0
264 0 0.0586494542658329 0 0
265 0 0.05880531296133995 0 0
266 0 0.05895136296749115 0 0
267 0 0.0590876005589962 0 0
268 0 0.0592140294611454 0 0
269 0 0.05933064967393875 0 0
270 0 0.05943746119737625 0 0
271 0 0.0595344640314579 0 0
272 0 0.0596216581761837 0 0
273 0 0.05969904363155365 0 0
274 0 0.05976661667227745 0 0
275 0 0.0598243810236454 0 0
276 2 0.0598243810236454 0 0
277 2 0.0599704310297966 0 0
278 2 0.0601230189204216 0 0
279 2 0.0602821446955204 0 0
280 2 0.0604478120803833 0 0
281 2 0.06062001734972 0 0
282 2 0.0607987642288208 0 0
283 2 0.0609840489923954 0 0
284 2 0.0611758753657341 0 0
285 2 0.0613742396235466 0 0
286 2 0.0615791417658329 0 0
287 2 0.0617905855178833 0 0
288 2 0.0620085671544075 0 0
289 2 0.0622330904006958 0 0
290 2 0.0624641515314579 0 0
291 2 0.0627017542719841 0 0
292 2 0.0629458948969841 0 0
293 2 0.0631965771317482 0 0
294 2 0.0634537935256958 0 0
295 2 0.0637175515294075 0 0
296 18 0.0639878511428833 0 0
297 18 0.0642646923661232 0 0
298 18 0.0645480677485466 0 0
299 18 0.0648379847407341 0 0
300 18 0.0651344433426857 0 0
301 2 0.0654374361038208 0 0
302 2 0.06574697047472 0 0
303 2 0.0660630464553833 0 0
304 2 0.0663856640458107 0 0
305 2 0.06681520491838455 0 0
306 2 0.06715525686740875 0 0
307 2 0.06750403344631195 0 0
308 2 0.06786152720451355 0 0
309 2 0.06822773814201355 0 0
310 2 0.06860266625881195 0 0
311 2 0.06898631155490875 0 0
312 2 0.06937868148088455 0 0
313 2 0.06977976858615875 0 0
314 2 0.07018958032131195 0 0
315 2 0.07060810923576355 0 0
316 2 0.07103535532951355 0 0
317 2 0.07147131860256195 0 0
318 2 0.07191599905490875 0 0
319 2 0.07236940413713455 0 0
320 2 0.07281583547592163 0 0
321 2 0.07326226681470871 0 0
322 2 0.07370869070291519 0 0
323 2 0.07415512204170227 0 0
324 2 0.07460154592990875 0 0
325 2 0.07504797726869583 0 0
326 2 0.07549440860748291 0 0
327 2 0.07594083249568939 0 0
328 2 0.07638726383447647 0 0
329 2 0.07683369517326355 0 0
330 2 0.07728011906147003 0 0
331 2 0.07772655040025711 0 0
332 2 0.07817297428846359 0 0
333 2 0.07861940562725067 0 0
334 2 0.07906583696603775 0 0
335 2 0.07951226085424423 0 0
336 2 0.07995869219303131 0 0
337 2 0.08040512353181839 0 0
338 2 0.08085154742002487 0 0
339 2 0.08129797875881195 0 0
340 2 0.08174441009759903 0 0
341 2 0.08219083398580551 0 0
342 2 0.08263726532459259 0 0
343 2 0.08308368921279907 0 0
344 2 0.08353012055158615 0 0
345 2 0.08397655189037323 0 0
346 2 0.08419624716043472 0 0
347 2 0.08424407988786697 0 0
348 2 0.08429446816444397 0 0
349 2 0.08429446816444397 0 0
350 2 0.08429446816444397 0 0
351 2 0.08429446816444397 0 0
352 2 0.08429446816444397 0 0
353 2 0.08429446816444397 0 0
354 2 0.08429446816444397 0 0
355 2 0.08429446816444397 0 0
356 2 0.08429446816444397 0 0
357 2 0.08450590819120407 0 0
358 2 0.08472388982772827 0 0
359 2 0.08494841307401657 0 0
360 2 0.08517947793006897 0 0
361 2 0.08541707694530487 0 0
362 2 0.08566121757030487 0 0
363 2 0.08591189980506897 0 0
364 2 0.08616911619901657 0 0
365 2 0.08643287420272827 0 0
366 2 0.08670317381620407 0 0
367 2 0.08698001503944397 0 0
368 2 0.08726339042186737 0 0
369 2 0.08755330741405487 0 0
370 2 0.08784976601600647 0 0
371 2 0.08815275877714157 0 0
372 2 0.08846229314804077 0 0
373 2 0.08877836912870407 0 0
374 2 0.08910098671913147 0 0
375 2 0.08953052759170532 0 0
376 18 0.08987058699131012 0 0
377 18 0.09021935611963272 0 0
378 18 0.09057684987783432 0 0
379 18 0.09094306081533432 0 0
380 2 0.09131798893213272 0 0
381 2 0.09170164167881012 0 0
382 2 0.09209400415420532 0 0
383 2 0.09249509871006012 0 0
384 2 0.09290490299463272 0 0
385 2 0.09332343190908432 0 0
386 2 0.09375067800283432 0 0
387 2 0.09418664127588272 0 0
388 2 0.09463132917881012 0 0
389 2 0.09508472681045532 0 0
390 2 0.09511076658964157 0 1
390 2 0.09511076658964157 0 1
