data/levels/bonus1/abednego-level3.stl
1 0 0.012072917073965073 0 0
2 0 0.012072917073965073 0 0
3 0 0.012072917073965073 0 0
4 0 0.012072917073965073 0 0
5 0 0.012072917073965073 0 0
6 0 0.012072917073965073 0 0
7 0 0.012072917073965073 0 0
8 0 0.012072917073965073 0 0
9 0 0.012072917073965073 0 0
10 0 0.012072917073965073 0 0
11 0 0.012072917073965073 0 0
12 0 0.012072917073965073 0 0
13 0 0.012072917073965073 0 0
14 0 0.012072917073965073 0 0
15 0 0.012072917073965073 0 0
16 2 0.012072917073965073 0 0
17 2 0.012243306264281273 0 0
18 2 0.012421325780451298 0 0
19 2 0.012606974691152573 0 0
20 2 0.012800252065062523 0 0
21 2 0.013001159764826298 0 0
22 2 0.013209696859121323 0 0
23 2 0.013425862416625023 0 0
24 2 0.013649657368659973 0 0
25 2 0.013881082646548748 0 0
26 2 0.014120137318968773 0 0
27 2 0.014366820454597473 0 0
28 2 0.014621133916079998 0 0
29 2 0.014883076772093773 0 0
30 2 0.015152648091316223 0 0
31 2 0.015429849736392498 0 0
32 2 0.015714680776000023 0 0
33 2 0.016007140278816223 0 0
34 2 0.016307229176163673 0 0
35 2 0.016614949330687523 0 0
36 2 0.016930297017097473 0 0
37 2 0.017253274098038673 0 0
38 2 0.017583882436156273 0 0
39 2 0.017922118306159973 0 0
40 2 0.018267983570694923 0 0
41 2 0.018621480092406273 0 0
42 2 0.018982604146003723 0 0
43 2 0.019351357594132423 0 0
44 2 0.019727742299437523 0 0
45 2 0.020228881388902664 0 0
46 2 0.020625609904527664 0 0
47 2 0.021032512187957764 0 0
48 2 0.021449584513902664 0 0
49 2 0.021876830607652664 0 0
50 2 0.022314250469207764 0 0
51 2 0.022761840373277664 0 0
52 2 0.023219604045152664 0 0
53 2 0.023687541484832764 0 0
54 2 0.024165648967027664 0 0
55 2 0.024653930217027664 0 0
56 2 0.025152385234832764 0 0
57 2 0.025661010295152664 0 0
58 2 0.026179809123277664 0 0
59 2 0.026708781719207764 0 0
60 2 0.027229614555835724 0 0
61 2 0.027750447392463684 0 0
62 2 0.028271280229091644 0 0
63 2 0.028792114928364754 0 0
64 2 0.029312947764992714 0 0
65 2 0.029833780601620674 0 0
66 2 0.030354613438248634 0 0
67 2 0.030875448137521744 0 0
68 2 0.031396280974149704 0 0
69 2 0.031917113810777664 0 0
70 2 0.032437946647405624 0 0
71 2 0.032958779484033585 0 0
72 2 0.03347961604595184 0 0
73 2 0.0340004488825798 0 0
74 2 0.034521281719207764 0 0
75 2 0.035042114555835724 0 0
76 2 0.035562947392463684 0 0
77 2 0.036083780229091644 0 0
78 2 0.036604613065719604 0 0
79 2 0.037125445902347565 0 0
80 2 0.03764628246426582 0 0
81 2 0.038167115300893784 0 0
82 2 0.038687948137521744 0 0
83 2 0.039208780974149704 0 0
84 2 0.039729613810777664 0 0
85 2 0.040250446647405624 0 0
86 2 0.040771279484033585 0 0
87 2 0.04129211604595184 0 0
88 2 0.0418129488825798 0 0
89 2 0.042333781719207764 0 0
90 2 0.042854614555835724 0 0
91 2 0.043375447392463684 0 0
92 2 0.043896280229091644 0 0
93 2 0.044417113065719604 0 0
94 2 0.044937945902347565 0 0
95 2 0.04545878246426582 0 0
96 2 0.045979615300893784 0 0
97 2 0.046500448137521744 0 0
98 2 0.047021280974149704 0 0
99 2 0.047542113810777664 0 0
100 18 0.048062946647405624 0 0
101 18 0.048583779484033585 0 0
102 18 0.04910461604595184 0 0
103 18 0.0496254488825798 0 0
104 18 0.050146281719207764 0 0
105 18 0.050667114555835724 0 0
106 18 0.051187947392463684 0 0
107 18 0.051708780229091644 0 0
108 18 0.052229613065719604 0 0
109 18 0.052750445902347565 0 0
110 18 0.05327128246426582 0 0
111 18 0.053792115300893784 0 0
112 18 0.054312948137521744 0 0
113 18 0.054833780974149704 0 0
114 18 0.055354613810777664 0 0
115 18 0.055875446647405624 0 0
116 18 0.056396279484033585 0 0
117 18 0.05691711604595184 0 0
118 18 0.0574379488825798 0 0
119 18 0.057958781719207764 0 0
120 2 0.058479614555835724 0 0
121 2 0.059000447392463684 0 0
122 2 0.059521280229091644 0 0
123 2 0.060042113065719604 0 0
124 2 0.060562945902347565 0 0
125 2 0.06108378246426582 0 0
126 2 0.061604615300893784 0 0
127 2 0.062125448137521744 0 0
128 2 0.0626462772488594 0 0
129 2 0.06316711753606796 0 0
130 2 0.06368795037269592 0 0
131 2 0.06420878320932388 0 0
132 2 0.06472961604595184 0 0
133 2 0.0652504488825798 0 0
134 2 0.06577128171920776 0 0
135 2 0.06629211455583572 0 0
136 2 0.06681294739246368 0 0
137 2 0.06733378022909164 0 0
138 2 0.0678546130657196 0 0
139 2 0.06837544590234756 0 0
140 2 0.06889627873897552 0 0
141 2 0.06941711157560349 0 0
142 2 0.06993794441223145 0 0
143 2 0.0704587772488594 0 0
144 2 0.07097961753606796 0 0
145 2 0.07150045037269592 0 0
146 2 0.07202128320932388 0 0
147 2 0.07254211604595184 0 0
148 2 0.0730629488825798 0 0
149 2 0.07358378171920776 0 0
150 2 0.07410461455583572 0 0
151 2 0.07462544739246368 0 0
152 2 0.07514628022909164 0 0
153 2 0.0756671130657196 0 0
154 2 0.07618794590234756 0 0
155 2 0.07670877873897552 0 0
156 2 0.07722961157560349 0 0
157 2 0.07775044441223145 0 0
158 2 0.0782712772488594 0 0
159 2 0.07879211753606796 0 0
160 2 0.07931295037269592 0 0
161 2 0.07983378320932388 0 0
162 2 0.08035461604595184 0 0
163 2 0.0808754488825798 0 0
164 2 0.08139628171920776 0 0
165 2 0.08191711455583572 0 0
166 2 0.08243794739246368 0 0
167 2 0.08295878022909164 0 0
168 18 0.0834796130657196 0 0
169 18 0.08400044590234756 0 0
170 18 0.08452127873897552 0 0
171 18 0.08504211157560349 0 0
172 18 0.08556294441223145 0 0
173 18 0.0860837772488594 0 0
174 18 0.08660461753606796 0 0
175 18 0.08712545037269592 0 0
176 18 0.08764628320932388 0 0
177 18 0.08816711604595184 0 0
178 18 0.0886879488825798 0 0
179 18 0.08920878171920776 0 0
180 18 0.08972961455583572 0 0
181 18 0.09025044739246368 0 0
182 18 0.09077128022909164 0 0
183 18 0.0912921130657196 0 0
184 18 0.09181294590234756 0 0
185 18 0.09233377873897552 0 0
186 18 0.09285461157560349 0 0
187 18 0.09337544441223145 0 0
188 18 0.0938962772488594 0 0
189 18 0.09441711753606796 0 0
190 2 0.09493795037269592 0 0
191 2 0.09545878320932388 0 0
192 2 0.09597961604595184 0 0
193 2 0.0965004488825798 0 0
194 2 0.09702128171920776 0 0
195 2 0.09754211455583572 0 0
196 16 0.09806294739246368 0 0
197 17 0.09857233613729477 0 0
198 17 0.09906646609306335 0 0
199 17 0.09954533725976944 0 0
200 17 0.10000894963741302 0 0
201 17 0.10045730322599411 0 0
202 17 0.1008903980255127 0 0
203 17 0.10130823403596878 0 0
204 17 0.10171081870794296 0 0
205 17 0.10209813714027405 0 0
206 17 0.10247019678354263 0 0
207 17 0.10271241515874863 0 0
208 17 0.10305395722389221 0 0
209 17 0.1033802404999733 0 0
210 17 0.10369126498699188 0 0
211 17 0.10398703068494797 0 0
212 17 0.10426753759384155 0 0
213 17 0.10453278571367264 0 0
214 17 0.10478277504444122 0 0
215 17 0.1050175130367279 0 0
216 17 0.10523698478937149 0 0
217 17 0.10544119775295258 0 0
218 17 0.10563015192747116 0 0
219 17 0.10580384731292725 0 0
220 17 0.10596228390932083 0 0
221 17 0.10579189658164978 0 0
222 17 0.10561387240886688 0 0
223 17 0.10542822629213333 0 0
224 17 0.10523495078086853 0 0
225 17 0.10503403842449188 0 0
226 17 0.10482550412416458 0 0
227 16 0.10460934042930603 0 0
228 16 0.10440461337566376 0 0
229 1 0.10421133786439896 0 0
230 1 0.1040104329586029 0 0
231 1 0.10380189120769501 0 0
232 1 0.10358572751283646 0 0
233 1 0.10336193442344666 0 0
234 1 0.10313050448894501 0 0
235 1 0.1028914526104927 0 0
236 1 0.10264477133750916 0 0
237 1 0.10239045321941376 0 0
238 1 0.1021285131573677 0 0
239 1 0.1018589437007904 0 0
240 1 0.10158173739910126 0 0
241 0 0.10129690915346146 0 0
242 0 0.10102352499961853 0 0
243 0 0.10076157748699188 0 0
244 0 0.1005110815167427 0 0
245 0 0.1002720296382904 0 0
246 0 0.10004441440105438 0 0
247 0 0.09982825070619583 0 0
248 0 0.09962353110313416 0 0
249 0 0.09943024814128876 0 0
250 0 0.09924841672182083 0 0
251 0 0.09907802939414978 0 0
252 2 0.09891907870769501 0 0
253 2 0.09908947348594666 0 0
254 2 0.09926749020814896 0 0
255 2 0.09945313632488251 0 0
256 2 0.0996464192867279 0 0
257 2 0.09984732419252396 0 0
258 0 0.10005585849285126 0 0
259 0 0.10025295615196228 0 0
260 0 0.10043860226869583 0 0
261 0 0.10061280429363251 0 0
262 0 0.1007755696773529 0 0
263 0 0.10092688351869583 0 0
264 0 0.10106675326824188 0 0
265 0 0.10119518637657166 0 0
266 0 0.10131216794252396 0 0
267 0 0.10131216794252396 0 0
268 1 0.10131216794252396 0 0
269 1 0.1011417806148529 0 0
270 1 0.10096375644207001 0 0
271 1 0.10077811032533646 0 0
272 1 0.10058483481407166 0 0
273 1 0.10038392245769501 0 0
274 1 0.1001753881573677 0 0
275 1 0.09995922446250916 0 0
276 1 0.09973542392253876 0 0
277 1 0.0995040014386177 0 0
278 17 0.0992649495601654 0 0
279 17 0.09901826083660126 0 0
280 17 0.09876395016908646 0 0
281 17 0.0985020101070404 0 0
282 17 0.09823243319988251 0 0
283 17 0.09795523434877396 0 0
284 17 0.09767040610313416 0 0
285 17 0.09737794101238251 0 0
286 17 0.0970778539776802 0 0
287 17 0.09677013754844666 0 0
288 17 0.09645478427410126 0 0
289 17 0.0961318090558052 0 0
290 17 0.0958012044429779 0 0
291 17 0.09546296298503876 0 0
292 17 0.09511709958314896 0 0
293 17 0.0947636067867279 0 0
294 17 0.09440247714519501 0 0
295 17 0.09403372555971146 0 0
296 17 0.09365734457969666 0 0
297 17 0.09338536858558655 0 0
298 17 0.09298864006996155 0 0
299 17 0.09258173406124115 0 0
300 17 0.09216466546058655 0 0
301 17 0.09177104383707047 0 0
302 17 0.09165645390748978 0 0
303 17 0.09165645390748978 0 0
304 17 0.09147080779075623 0 0
305 17 0.09127753227949142 0 0
306 1 0.09107661992311478 0 0
307 0 0.09086808562278748 0 0
308 0 0.09067099541425705 0 0
309 0 0.0904853418469429 0 0
310 0 0.09031113982200623 0 0
311 0 0.09014838188886642 0 0
312 0 0.0899970605969429 0 0
313 0 0.0899970605969429 0 0
314 0 0.0899970605969429 0 0
315 0 0.0899970605969429 0 0
316 0 0.0899970605969429 0 0
317 0 0.0899970605969429 0 0
318 0 0.0899970605969429 0 0
319 0 0.0899970605969429 0 0
320 0 0.0899970605969429 0 0
321 1 0.0899970605969429 0 0
322 1 0.08982667326927185 0 0
323 1 0.08964865654706955 0 0
324 1 0.0894630029797554 0 0
325 1 0.0892697274684906 0 0
326 1 0.08906882256269455 0 0
327 1 0.08886028081178665 0 0
328 1 0.0886441171169281 0 0
329 1 0.0884203240275383 0 0
330 1 0.08818889409303665 0 0
331 1 0.08794984221458435 0 0
332 1 0.0877031609416008 0 0
333 1 0.0874488428235054 0 0
334 17 0.08718690276145935 0 0
335 17 0.08691733330488205 0 0
336 17 0.0866401270031929 0 0
337 17 0.0863552987575531 0 0
338 17 0.08606284111738205 0 0
339 17 0.08576274663209915 0 0
340 17 0.0854550302028656 0 0
341 17 0.0851396843791008 0 0
342 17 0.08481670171022415 0 0
343 17 0.08448609709739685 0 0
344 17 0.0841478630900383 0 0
345 17 0.0838019922375679 0 0
346 17 0.08344849944114685 0 0
347 17 0.08308737725019455 0 0
348 17 0.0827186182141304 0 0
349 17 0.0823422372341156 0 0
350 17 0.08207026869058609 0 0
351 17 0.08167354017496109 0 0
352 17 0.08126664161682129 0 0
353 17 0.08084956556558609 0 0
354 17 0.08042231947183609 0 0
355 17 0.07998490333557129 0 0
356 0 0.07953730970621109 0 0
357 0 0.07910116016864777 0 0
358 0 0.07867646217346191 0 0
359 0 0.07826320081949234 0 0
360 0 0.07786138355731964 0 0
361 0 0.07747101783752441 0 0
362 0 0.07709208875894547 0 0
363 0 0.07672460377216339 0 0
364 0 0.0762539803981781 0 0
365 0 0.07590938359498978 0 0
366 0 0.07557623833417892 0 0
367 0 0.07525452971458435 0 0
368 0 0.07494426518678665 0 0
369 0 0.07464545220136642 0 0
370 0 0.07435807585716248 0 0
371 0 0.0740821436047554 0 0
372 2 0.0738176628947258 0 0
373 2 0.0735684335231781 0 0
374 2 0.0733344629406929 0 0
375 2 0.0731157585978508 0 0
376 2 0.0729123055934906 0 0
377 2 0.0727241113781929 0 0
378 2 0.0725511834025383 0 0
379 2 0.0723935067653656 0 0
380 2 0.07256389409303665 0 0
381 2 0.07274191826581955 0 0
382 2 0.0729275643825531 0 0
383 18 0.0731208398938179 0 0
384 18 0.07332175225019455 0 0
385 18 0.07353028655052185 0 0
386 18 0.0737464502453804 0 0
387 18 0.0739702507853508 0 0
388 18 0.07420167326927185 0 0
389 18 0.07444072514772415 0 0
390 18 0.0746874138712883 0 0
391 18 0.0749417245388031 0 0
392 18 0.07520366460084915 0 0
393 18 0.07547324150800705 0 0
394 18 0.0757504403591156 0 0
395 18 0.0760352686047554 0 0
396 18 0.07632773369550705 0 0
397 18 0.07662782073020935 0 0
398 18 0.0769355371594429 0 0
399 18 0.0772508904337883 0 0
400 18 0.07757386565208435 0 0
401 18 0.07790447026491165 0 0
402 18 0.0782427117228508 0 0
403 18 0.0785885751247406 0 0
404 18 0.07894206792116165 0 0
405 18 0.07930319756269455 0 0
406 18 0.0796719491481781 0 0
407 18 0.0800483301281929 0 0
408 18 0.08054947853088379 0 0
409 18 0.08094620704650879 0 0
410 18 0.08135310560464859 0 0
411 18 0.08177018165588379 0 0
412 18 0.08219742774963379 0 0
413 18 0.08263484388589859 0 0
414 0 0.08308243751525879 0 0
415 0 0.08351857960224152 0 0
416 0 0.08394328504800797 0 0
417 0 0.08435654640197754 0 0
418 0 0.08475835621356964 0 0
419 0 0.08514872938394547 0 0
420 0 0.08552765846252441 0 0
421 0 0.08589513599872589 0 0
422 0 0.0861365869641304 0 0
423 0 0.08648118376731873 0 0
424 0 0.08681433647871017 0 0
425 0 0.08713603764772415 0 0
426 0 0.08744630217552185 0 0
427 0 0.08774512261152267 0 0
428 0 0.08803249150514603 0 0
429 0 0.0883084237575531 0 0
430 0 0.0885729119181633 0 0
431 0 0.08882594853639603 0 0
432 0 0.08906754851341248 0 0
433 0 0.08929770439863205 0 0
434 2 0.08951640874147415 0 0
435 2 0.0897427499294281 0 0
436 2 0.0899767205119133 0 0
437 2 0.09021831303834915 0 0
438 2 0.09046754240989685 0 0
439 2 0.0907244011759758 0 0
440 2 0.0909888818860054 0 0
441 2 0.09126099944114685 0 0
442 18 0.09154074639081955 0 0
443 18 0.0918281152844429 0 0
444 18 0.0921231210231781 0 0
445 18 0.09242575615644455 0 0
446 18 0.09273601323366165 0 0
447 18 0.0930539071559906 0 0
448 18 0.0933794304728508 0 0
449 18 0.09371257573366165 0 0
450 18 0.09405335783958435 0 0
451 18 0.0944017693400383 0 0
452 18 0.0947578027844429 0 0
453 18 0.09512147307395935 0 0
454 18 0.09549277275800705 0 0
455 18 0.0958716943860054 0 0
456 18 0.09637538343667984 0 0
457 18 0.09677465260028839 0 0
458 0 0.09718409925699234 0 0
459 0 0.09758210182189941 0 0
460 0 0.09796865284442902 0 0
461 0 0.09834376722574234 0 0
462 2 0.09870743751525879 0 0
463 2 0.0989641472697258 0 0
464 2 0.09934306889772415 0 0
465 2 0.09984675794839859 0 0
466 2 0.10024602711200714 0 0
467 2 0.10065547376871109 0 0
468 2 0.10107509046792984 0 0
469 2 0.10150487720966339 0 0
470 18 0.10194484144449234 0 0
471 18 0.10239497572183609 0 0
472 18 0.10285528004169464 0 0
473 18 0.10332576185464859 0 0
474 18 0.10380641371011734 0 0
475 18 0.10429723560810089 0 0
476 18 0.10479823499917984 0 0
477 18 0.105309396982193 0 0
478 18 0.10583073645830154 0 0
479 18 0.1063515692949295 0 0
480 18 0.10687240958213806 0 0
481 18 0.10739324241876602 0 0
482 18 0.10791407525539398 0 0
483 18 0.10843490809202194 0 0
484 18 0.1089557409286499 0 0
485 18 0.10947657376527786 0 0
486 18 0.10999740660190582 0 0
487 18 0.11051823943853378 0 0
488 18 0.11103907227516174 0 0
489 18 0.1115599051117897 0 0
490 18 0.11208073794841766 0 0
491 18 0.11260157078504562 0 0
492 18 0.11312240362167358 0 0
493 18 0.11364323645830154 0 0
494 18 0.1141640692949295 0 0
495 18 0.11468490958213806 0 0
496 18 0.11520574241876602 0 0
497 18 0.11572657525539398 0 0
498 18 0.11624740809202194 0 0
499 18 0.1167682409286499 0 0
500 18 0.11728907376527786 0 0
501 18 0.11780990660190582 0 0
502 18 0.11833073943853378 0 0
503 18 0.11885157227516174 0 0
504 18 0.1193724051117897 0 0
505 18 0.11989323794841766 0 0
506 18 0.12041407078504562 0 0
507 18 0.12093490362167358 0 0
508 18 0.12145573645830154 0 0
509 18 0.1219765692949295 0 0
510 18 0.12249740958213806 0 0
511 18 0.12301824241876602 0 0
512 18 0.12353907525539398 0 0
513 18 0.12405990809202194 0 0
514 18 0.1245807409286499 0 0
515 18 0.12510156631469727 0 0
516 18 0.12562240660190582 0 0
517 18 0.12614323198795319 0 0
518 18 0.12666407227516174 0 0
519 18 0.1271849125623703 0 0
520 18 0.12770573794841766 0 0
521 18 0.12822657823562622 0 0
522 18 0.12874740362167358 0 0
523 18 0.12926824390888214 0 0
524 18 0.1297890692949295 0 0
525 18 0.13030990958213806 0 0
526 18 0.13083073496818542 0 0
527 18 0.13135157525539398 0 0
528 18 0.13187240064144135 0 0
529 18 0.1323932409286499 0 0
530 2 0.13291406631469727 0 0
531 2 0.13343490660190582 0 0
532 2 0.13395573198795319 0 0
533 2 0.13447657227516174 0 0
534 2 0.1349974125623703 0 0
535 2 0.13551823794841766 0 0
536 18 0.13603907823562622 0 0
537 18 0.13655990362167358 0 0
538 18 0.13708074390888214 0 0
539 18 0.1376015692949295 0 0
540 18 0.13812240958213806 0 0
541 18 0.13864323496818542 0 0
542 18 0.13916407525539398 0 0
543 18 0.13968490064144135 0 0
544 18 0.1402057409286499 0 0
545 18 0.14072656631469727 0 0
546 18 0.14124740660190582 0 0
547 18 0.14176823198795319 0 0
548 18 0.14228907227516174 0 0
549 18 0.1428099125623703 0 0
550 18 0.14333073794841766 0 0
551 18 0.14385157823562622 0 0
552 2 0.14437240362167358 0 0
553 2 0.14489324390888214 0 0
554 2 0.1454140692949295 0 0
555 2 0.14593490958213806 0 0
556 2 0.14645573496818542 0 0
557 2 0.14697657525539398 0 0
558 2 0.14749740064144135 0 0
559 2 0.1480182409286499 0 0
560 0 0.14853906631469727 0 0
561 0 0.14904846251010895 0 0
562 0 0.14954639971256256 0 0
563 0 0.1500329077243805 0 0
564 0 0.15050797164440155 0 0
565 0 0.15097157657146454 0 0
566 0 0.15142375230789185 0 0
567 0 0.15186446905136108 0 0
568 0 0.15229375660419464 0 0
569 0 0.15271158516407013 0 0
570 0 0.15311798453330994 0 0
571 0 0.15351292490959167 0 0
572 2 0.15389643609523773 0 0
573 2 0.154290109872818 0 0
574 2 0.15469396114349365 0 0
575 2 0.15510797500610352 0 0
576 2 0.15553218126296997 0 0
577 2 0.15596653521060944 0 0
578 2 0.1564110815525055 0 0
579 2 0.15686579048633575 0 0
580 2 0.1573306769132614 0 0
581 2 0.15780574083328247 0 0
582 2 0.15829096734523773 0 0
583 2 0.1587863713502884 0 0
584 2 0.15929193794727325 0 0
585 2 0.15980768203735352 0 0
586 2 0.16033360362052917 0 0
587 2 0.16085444390773773 0 0
588 2 0.1613752692937851 0 0
589 2 0.16189610958099365 0 0
590 2 0.16241693496704102 0 0
591 2 0.16293777525424957 0 0
592 2 0.16345860064029694 0 0
593 2 0.1639794409275055 0 0
594 18 0.16450028121471405 0 0
595 18 0.1650211066007614 0 0
596 18 0.16554194688796997 0 0
597 18 0.16606277227401733 0 0
598 18 0.1665836125612259 0 0
599 18 0.16710443794727325 0 0
600 18 0.1676252782344818 0 0
601 18 0.16814610362052917 0 0
602 18 0.16866694390773773 0 0
603 18 0.1691877692937851 0 0
604 18 0.16970860958099365 0 0
605 18 0.17022943496704102 0 0
606 18 0.17075027525424957 0 0
607 18 0.17127110064029694 0 0
608 18 0.1717919409275055 0 0
609 18 0.17231278121471405 0 0
610 2 0.1728336066007614 0 0
611 2 0.17335444688796997 0 0
612 2 0.17387527227401733 0 0
613 2 0.1743961125612259 0 0
614 2 0.17491693794727325 0 0
615 2 0.1754377782344818 0 0
616 2 0.17595860362052917 0 0
617 2 0.17647944390773773 0 0
618 2 0.1770002692937851 0 0
619 2 0.17752110958099365 0 0
620 2 0.17804193496704102 0 0
621 2 0.17856277525424957 0 0
622 2 0.17908360064029694 0 0
623 2 0.1796044409275055 0 0
624 2 0.18012528121471405 0 0
625 2 0.1806461066007614 0 0
626 2 0.18116694688796997 0 0
627 2 0.18168777227401733 0 0
628 2 0.1822086125612259 0 0
629 2 0.18272943794727325 0 0
630 2 0.1832502782344818 0 0
631 2 0.18377110362052917 0 0
632 2 0.18429194390773773 0 0
633 2 0.1848127692937851 0 0
634 2 0.18533360958099365 0 0
635 2 0.18585443496704102 0 0
636 2 0.18637527525424957 0 0
637 2 0.18689610064029694 0 0
638 2 0.1874169409275055 0 0
639 2 0.18793778121471405 0 0
640 2 0.1884586066007614 0 0
641 2 0.18897944688796997 0 0
642 2 0.18950027227401733 0 0
643 2 0.1900211125612259 0 0
644 2 0.19054193794727325 0 0
645 2 0.1910627782344818 0 0
646 2 0.19158360362052917 0 0
647 2 0.19210444390773773 0 0
648 2 0.1926252692937851 0 0
649 2 0.19314610958099365 0 0
650 2 0.19366693496704102 0 0
651 2 0.19418777525424957 0 0
652 2 0.19470860064029694 0 0
653 2 0.1952294409275055 0 0
654 2 0.19575028121471405 0 0
655 2 0.1962711066007614 0 0
656 2 0.19679194688796997 0 0
657 2 0.19731277227401733 0 0
658 2 0.1978336125612259 0 0
659 2 0.19835443794727325 0 0
660 2 0.1988752782344818 0 0
661 2 0.19939610362052917 0 0
662 2 0.19991694390773773 0 0
663 2 0.2004377692937851 0 0
664 2 0.20095860958099365 0 0
665 2 0.20147943496704102 0 0
666 2 0.20200027525424957 0 0
667 2 0.20252110064029694 0 0
668 2 0.2030419409275055 0 0
669 2 0.20356278121471405 0 0
670 2 0.2040836066007614 0 0
671 2 0.20460444688796997 0 0
672 2 0.20512527227401733 0 0
673 2 0.2056461125612259 0 0
674 2 0.20616693794727325 0 0
675 2 0.2066877782344818 0 0
676 2 0.20720860362052917 0 0
677 2 0.20772944390773773 0 0
678 18 0.2082502692937851 0 0
679 18 0.20877110958099365 0 0
680 18 0.20929193496704102 0 0
681 18 0.20981277525424957 0 0
682 18 0.21033360064029694 0 0
683 18 0.2108544409275055 0 0
684 18 0.21137528121471405 0 0
685 18 0.21156229078769684 0 0
686 18 0.21156229078769684 0 0
687 18 0.21156229078769684 0 0
688 18 0.21156229078769684 0 0
689 18 0.21156229078769684 0 0
690 2 0.21156229078769684 0 0
691 2 0.21156229078769684 0 0
692 2 0.21156229078769684 0 0
693 2 0.21156229078769684 0 0
694 2 0.21156229078769684 0 0
695 2 0.21156229078769684 0 0
696 2 0.211618110537529 0 0
697 2 0.21167688071727753 0 0
698 2 0.21167688071727753 0 0
699 2 0.21167688071727753 0 0
700 2 0.21167688071727753 0 0
701 2 0.21167688071727753 0 0
702 2 0.21167688071727753 0 0
703 2 0.21167688071727753 0 0
704 2 0.21167688071727753 0 0
705 2 0.21167688071727753 0 0
706 18 0.21167688071727753 0 0
707 18 0.21167688071727753 0 0
708 18 0.21167688071727753 0 0
709 18 0.21167688071727753 0 0
710 18 0.21167688071727753 0 0
711 18 0.21167688071727753 0 0
712 18 0.21167688071727753 0 0
713 18 0.21167688071727753 0 0
714 18 0.21167688071727753 0 0
715 18 0.21167688071727753 0 0
716 18 0.21167688071727753 0 0
717 18 0.21167688071727753 0 0
718 18 0.21167688071727753 0 0
719 18 0.21167688071727753 0 0
720 18 0.21167688071727753 0 0
721 18 0.21167688071727753 0 0
722 18 0.21167688071727753 0 0
723 18 0.21167688071727753 0 0
724 0 0.21167688071727753 0 0
725 0 0.21167688071727753 0 0
726 1 0.21167688071727753 0 0
727 1 0.21150648593902588 0 0
728 1 0.21132846176624298 0 0
729 1 0.21114282310009003 0 0
730 1 0.21094954013824463 0 0
731 1 0.21074862778186798 0 0
732 1 0.21054010093212128 0 0
733 1 0.21032392978668213 0 0
734 1 0.21010012924671173 0 0
735 1 0.20986871421337128 0 0
736 1 0.20962965488433838 0 0
737 1 0.20938296616077423 0 0
738 1 0.20912866294384003 0 0
739 1 0.20886671543121338 0 0
740 1 0.20859713852405548 0 0
741 1 0.20831994712352753 0 0
742 1 0.20803511142730713 0 0
743 1 0.20774264633655548 0 0
744 1 0.20744256675243378 0 0
745 1 0.20713484287261963 0 0
746 1 0.20681948959827423 0 0
747 1 0.20649652183055878 0 0
748 1 0.20616590976715088 0 0
749 1 0.20582766830921173 0 0
750 1 0.20548181235790253 0 0
751 1 0.20512831211090088 0 0
752 1 0.20476718246936798 0 0
753 1 0.20439843833446503 0 0
754 1 0.20402204990386963 0 0
755 1 0.20375007390975952 0 0
756 1 0.20335334539413452 0 0
757 1 0.20294643938541412 0 0
758 1 0.20252937078475952 0 0
759 1 0.20210212469100952 0 0
760 1 0.20166470110416412 0 0
761 1 0.20121711492538452 0 0
762 1 0.20075935125350952 0 0
763 1 0.20029141008853912 0 0
764 1 0.19981330633163452 0 0
765 1 0.19932502508163452 0 0
766 1 0.19882656633853912 0 0
767 1 0.19831794500350952 0 0
768 1 0.19779914617538452 0 0
769 1 0.19727016985416412 0 0
770 1 0.19674934446811676 0 0
771 1 0.1962285041809082 0 0
772 0 0.19570767879486084 0 0
773 0 0.19519828259944916 0 0
774 0 0.19510437548160553 0 0
775 0 0.19498978555202484 0 0
776 2 0.19498978555202484 0 0
777 2 0.1951601803302765 0 0
778 0 0.1953382045030594 0 0
779 0 0.19550476968288422 0 0
780 0 0.19565990567207336 0 0
781 0 0.19580359756946564 0 0
782 0 0.19593583047389984 0 0
783 0 0.19605663418769836 0 0
784 0 0.1961659938097 0 0
785 0 0.1962638944387436 0 0
786 0 0.1963503658771515 0 0
787 0 0.1964253932237625 0 0
788 1 0.19648896157741547 0 0
789 1 0.196318581700325 0 0
790 1 0.19614055752754211 0 0
791 1 0.19595490396022797 0 0
792 1 0.19576163589954376 0 0
793 1 0.19556072354316711 0 0
794 1 0.19535218179225922 0 0
795 1 0.19513602554798126 0 0
796 1 0.19498978555202484 0 0
797 1 0.19498978555202484 0 0
798 0 0.19498978555202484 0 0
799 0 0.19498978555202484 0 0
800 2 0.19498978555202484 0 0
801 2 0.1951601803302765 0 0
802 2 0.1953382045030594 0 0
803 2 0.19552384316921234 0 0
804 18 0.19571712613105774 0 0
805 18 0.1959180384874344 0 0
806 18 0.1961265653371811 0 0
807 18 0.19634273648262024 0 0
808 18 0.19656653702259064 0 0
809 18 0.1967979520559311 0 0
810 18 0.197037011384964 0 0
811 18 0.19728370010852814 0 0
812 18 0.19753800332546234 0 0
813 18 0.197799950838089 0 0
814 18 0.1980695277452469 0 0
815 18 0.19834354519844055 0 0
816 18 0.19834354519844055 0 0
817 18 0.19834354519844055 0 0
818 2 0.19834354519844055 0 0
819 2 0.19834354519844055 0 0
820 2 0.19834354519844055 0 0
821 2 0.19834354519844055 0 0
822 2 0.19834354519844055 0 0
823 2 0.19834354519844055 0 0
824 2 0.19834354519844055 0 0
825 2 0.19834354519844055 0 0
826 2 0.19834354519844055 0 0
827 2 0.19834354519844055 0 0
828 2 0.19834354519844055 0 0
829 0 0.19834354519844055 0 0
830 0 0.19834354519844055 0 0
831 0 0.19834354519844055 0 0
832 0 0.19834354519844055 0 0
833 0 0.19834354519844055 0 0
834 0 0.19834354519844055 0 0
835 0 0.19834354519844055 0 0
836 0 0.19834354519844055 0 0
837 0 0.19834354519844055 0 0
838 0 0.19834354519844055 0 0
839 0 0.19834354519844055 0 0
840 0 0.19834354519844055 0 0
841 0 0.19834354519844055 0 0
842 0 0.19834354519844055 0 0
843 0 0.19834354519844055 0 0
844 0 0.19834354519844055 0 0
845 0 0.19834354519844055 0 0
846 0 0.19834354519844055 0 0
847 0 0.19834354519844055 0 0
848 0 0.19834354519844055 0 0
849 0 0.19834354519844055 0 0
850 0 0.19834354519844055 0 0
851 0 0.19834354519844055 0 0
852 0 0.19834354519844055 0 0
853 0 0.19834354519844055 0 0
854 0 0.19834354519844055 0 0
855 0 0.19834354519844055 0 0
856 0 0.19834354519844055 0 0
857 0 0.19834354519844055 0 0
858 0 0.19834354519844055 0 0
859 0 0.19834354519844055 0 0
860 0 0.19834354519844055 0 0
861 0 0.19834354519844055 0 0
862 0 0.19834354519844055 0 0
863 0 0.19834354519844055 0 0
864 0 0.19834354519844055 0 0
865 0 0.19834354519844055 0 0
866 0 0.19834354519844055 0 0
867 0 0.19834354519844055 0 0
868 0 0.19834354519844055 0 0
869 0 0.19834354519844055 0 0
870 0 0.19834354519844055 0 0
871 0 0.19834354519844055 0 0
872 0 0.19834354519844055 0 0
873 0 0.19834354519844055 0 0
874 0 0.19834354519844055 0 0
875 0 0.19834354519844055 0 0
876 0 0.19834354519844055 0 0
877 0 0.19834354519844055 0 0
878 0 0.19834354519844055 0 0
879 0 0.19834354519844055 0 0
880 0 0.19834354519844055 0 0
881 0 0.19834354519844055 0 0
882 0 0.19834354519844055 0 0
883 0 0.19834354519844055 0 0
884 0 0.19834354519844055 0 0
885 0 0.19834354519844055 0 0
886 0 0.19834354519844055 0 0
887 0 0.19834354519844055 0 0
888 0 0.19834354519844055 0 0
889 0 0.19834354519844055 0 0
890 0 0.19834354519844055 0 0
891 0 0.19834354519844055 0 0
892 16 0.19834354519844055 0 0
893 16 0.19834354519844055 0 0
894 18 0.19834354519844055 0 0
895 18 0.1985139399766922 0 0
896 18 0.1986919492483139 0 0
897 18 0.19887760281562805 0 0
898 18 0.19907088577747345 0 0
899 18 0.1992717832326889 0 0
900 18 0.1994803249835968 0 0
901 18 0.19969649612903595 0 0
902 18 0.19992028176784515 0 0
903 18 0.2001517117023468 0 0
904 18 0.2003907710313797 0 0
905 18 0.20063744485378265 0 0
906 18 0.20089176297187805 0 0
907 18 0.2011537104845047 0 0
908 18 0.2014232724905014 0 0
909 2 0.20170047879219055 0 0
910 2 0.20198531448841095 0 0
911 2 0.2022777646780014 0 0
912 2 0.2025778591632843 0 0
913 2 0.20288558304309845 0 0
914 2 0.20320092141628265 0 0
915 2 0.2035239040851593 0 0
916 2 0.2038545161485672 0 0
917 2 0.20419274270534515 0 0
918 2 0.20453861355781555 0 0
919 2 0.2048921138048172 0 0
920 2 0.2052532285451889 0 0
921 2 0.20562198758125305 0 0
922 2 0.20599837601184845 0 0
923 2 0.20649950206279755 0 0
924 2 0.20689623057842255 0 0
925 2 0.20730313658714294 0 0
926 2 0.20772020518779755 0 0
927 2 0.20814745128154755 0 0
928 2 0.20858487486839294 0 0
929 2 0.20903246104717255 0 0
930 2 0.20949022471904755 0 0
931 2 0.20995816588401794 0 0
932 2 0.21043626964092255 0 0
933 2 0.21092455089092255 0 0
934 2 0.21142300963401794 0 0
935 2 0.21193163096904755 0 0
936 2 0.21245042979717255 0 0
937 2 0.21297940611839294 0 0
938 2 0.2135002464056015 0 0
939 2 0.21402107179164886 0 0
940 2 0.21454191207885742 0 0
941 2 0.21506273746490479 0 0
942 2 0.21558357775211334 0 0
943 2 0.2161044031381607 0 0
944 2 0.21662524342536926 0 0
945 2 0.21714606881141663 0 0
946 2 0.21766690909862518 0 0
947 2 0.21818773448467255 0 0
948 2 0.2187085747718811 0 0
949 2 0.21922940015792847 0 0
950 2 0.21975024044513702 0 0
951 2 0.2202710658311844 0 0
952 2 0.22079190611839294 0 0
953 2 0.2213127464056015 0 0
954 2 0.22156229615211487 0 0
955 2 0.22161808609962463 0 0
956 2 0.22167688608169556 0 0
957 2 0.22167688608169556 0 0
958 2 0.22167688608169556 0 0
959 2 0.22167688608169556 0 0
960 2 0.22167688608169556 0 0
961 2 0.22167688608169556 0 0
962 2 0.22167688608169556 0 0
963 2 0.22167688608169556 0 0
964 2 0.22167688608169556 0 0
965 2 0.22167688608169556 0 0
966 2 0.22167688608169556 0 0
967 2 0.22167688608169556 0 0
968 2 0.22167688608169556 0 0
969 2 0.22167688608169556 0 0
970 0 0.22167688608169556 0 0
971 0 0.22167688608169556 0 0
972 0 0.22167688608169556 0 0
973 0 0.22167688608169556 0 0
974 1 0.22167688608169556 0 0
975 1 0.2215065062046051 0 0
976 1 0.2213284820318222 0 0
977 1 0.22114282846450806 0 0
978 1 0.22094956040382385 0 0
979 1 0.2207486480474472 0 0
980 1 0.2205401062965393 0 0
981 1 0.22032395005226135 0 0
982 1 0.22010014951229095 0 0
983 1 0.2198687195777893 0 0
984 1 0.2196296751499176 0 0
985 1 0.21938298642635345 0 0
986 1 0.21912866830825806 0 0
987 1 0.2188667356967926 0 0
988 1 0.2185971587896347 0 0
989 1 0.21831995248794556 0 0
990 1 0.21803513169288635 0 0
991 1 0.2177426666021347 0 0
992 1 0.2174425721168518 0 0
993 1 0.21713486313819885 0 0
994 1 0.21681950986385345 0 0
995 1 0.2164965271949768 0 0
996 1 0.2161659300327301 0 0
997 1 0.21582768857479095 0 0
998 1 0.21548181772232056 0 0
999 1 0.2151283323764801 0 0
1000 1 0.2147672027349472 0 0
1001 1 0.21439844369888306 0 0
1002 1 0.21402207016944885 0 0
1003 1 0.21375007927417755 0 0
1004 1 0.21335335075855255 0 0
1005 1 0.21294644474983215 0 0
1006 1 0.21252937614917755 0 0
1007 1 0.21210213005542755 0 0
1008 1 0.21166470646858215 0 0
1009 1 0.21121712028980255 0 0
1010 1 0.21075935661792755 0 0
1011 1 0.21029141545295715 0 0
1012 1 0.20981331169605255 0 0
1013 1 0.20932503044605255 0 0
1014 1 0.20882657170295715 0 0
1015 1 0.20831795036792755 0 0
1016 1 0.20779915153980255 0 0
1017 1 0.20727017521858215 0 0
1018 1 0.2067493498325348 0 0
1019 1 0.20622850954532623 0 0
1020 1 0.20570768415927887 0 0
1021 1 0.2051868438720703 0 0
1022 1 0.20466600358486176 0 0
1023 1 0.2041451781988144 0 0
1024 1 0.20362433791160583 0 0
1025 1 0.20310351252555847 0 0
1026 1 0.20258267223834991 0 0
1027 1 0.20206184685230255 0 0
1028 1 0.201541006565094 0 0
1029 1 0.20102018117904663 0 0
1030 1 0.20049934089183807 0 0
1031 1 0.1999785155057907 0 1
1031 1 0.1999785155057907 0 1
