data/levels/world2/Going_Underground.stl
1 0 0.02343629114329815 0 0
2 0 0.02343629114329815 0 0
3 0 0.02343629114329815 0 0
4 0 0.02343629114329815 0 0
5 0 0.02343629114329815 0 0
6 0 0.02343629114329815 0 0
7 16 0.02343629114329815 0 0
8 16 0.02343629114329815 0 0
9 0 0.02343629114329815 0 0
10 0 0.02343629114329815 0 0
11 0 0.02343629114329815 0 0
12 0 0.02343629114329815 0 0
13 0 0.02343629114329815 0 0
14 0 0.02343629114329815 0 0
15 0 0.02343629114329815 0 0
16 0 0.02343629114329815 0 0
17 0 0.02343629114329815 0 0
18 0 0.02343629114329815 0 0
19 0 0.02343629114329815 0 0
20 0 0.02343629114329815 0 0
21 0 0.02343629114329815 0 0
22 0 0.02343629114329815 0 0
23 0 0.02343629114329815 0 0
24 0 0.02343629114329815 0 0
25 0 0.02343629114329815 0 0
26 0 0.02343629114329815 0 0
27 0 0.02343629114329815 0 0
28 0 0.02343629114329815 0 0
29 0 0.02343629114329815 0 0
30 0 0.02343629114329815 0 0
31 0 0.02343629114329815 0 0
32 0 0.02343629114329815 0 0
33 0 0.02343629114329815 0 0
34 0 0.02343629114329815 0 0
35 0 0.02343629114329815 0 0
36 0 0.02343629114329815 0 0
37 0 0.02343629114329815 0 0
38 0 0.02343629114329815 0 0
39 0 0.02343629114329815 0 0
40 0 0.02343629114329815 0 0
41 0 0.02343629114329815 0 0
42 0 0.02343629114329815 0 0
43 0 0.02343629114329815 0 0
44 0 0.02343629114329815 0 0
45 0 0.02343629114329815 0 0
46 0 0.02343629114329815 0 0
47 0 0.02343629114329815 0 0
48 0 0.02343629114329815 0 0
49 0 0.02343629114329815 0 0
50 0 0.02343629114329815 0 0
51 0 0.02343629114329815 0 0
52 0 0.02343629114329815 0 0
53 0 0.02343629114329815 0 0
54 0 0.02343629114329815 0 0
55 0 0.02343629114329815 0 0
56 0 0.02343629114329815 0 0
57 2 0.02343629114329815 0 0
58 2 0.0237770713865757 0 0
59 2 0.02413311041891575 0 0
60 2 0.02450440637767315 0 0
61 2 0.0248909629881382 0 0
62 2 0.02529277838766575 0 0
63 2 0.02570985071361065 0 0
64 2 0.0261421836912632 0 0
65 2 0.02658977545797825 0 0
66 2 0.02705262415111065 0 0
67 2 0.0275307334959507 0 0
68 2 0.02802410162985325 0 0
69 2 0.02853272669017315 0 0
70 2 0.0290566124022007 0 0
71 2 0.02959575690329075 0 0
72 2 0.03015015833079815 0 0
73 2 0.0307198204100132 0 0
74 2 0.0313047394156456 0 0
75 2 0.0319049209356308 0 0
76 2 0.0325203575193882 0 0
77 2 0.0331510528922081 0 0
78 2 0.0337970107793808 0 0
79 2 0.0344582237303257 0 0
80 2 0.0351346954703331 0 0
81 2 0.0358264297246933 0 0
82 2 0.0365334190428257 0 0
83 2 0.0372556671500206 0 0
84 2 0.0379931777715683 0 0
85 2 0.0387459434568882 0 0
86 2 0.03974822536110878 0 0
87 2 0.04054168239235878 0 0
88 2 0.04135548323392868 0 0
89 2 0.04218963161110878 0 0
90 2 0.04304412379860878 0 0
91 2 0.04391895979642868 0 0
92 2 0.04481414332985878 0 0
93 2 0.04572967067360878 0 0
94 2 0.04666554182767868 0 0
95 2 0.04762176051735878 0 0
96 2 0.04859832301735878 0 0
97 2 0.04959522932767868 0 0
98 2 0.05061248317360878 0 0
99 2 0.05165008082985878 0 0
100 2 0.05270802229642868 0 0
101 2 0.0537496879696846 0 0
102 2 0.05479135364294052 0 0
103 2 0.05583302304148674 0 0
104 2 0.05687468871474266 0 0
105 2 0.05791635438799858 0 0
106 2 0.0589580200612545 0 0
107 2 0.05999968945980072 0 0
108 2 0.06104135513305664 0 0
109 2 0.06208302080631256 0 0
110 2 0.06312468647956848 0 0
111 2 0.0641663521528244 0 0
112 2 0.06520802527666092 0 0
113 2 0.06624969094991684 0 0
114 2 0.06729135662317276 0 0
115 2 0.06833302229642868 0 0
116 2 0.0693746879696846 0 0
117 2 0.07041635364294052 0 0
118 2 0.07145801931619644 0 0
119 2 0.07249968498945236 0 0
120 2 0.07354135811328888 0 0
121 2 0.0745830237865448 0 0
122 2 0.07562468945980072 0 0
123 2 0.07666635513305664 0 0
124 2 0.07770802080631256 0 0
125 2 0.07874968647956848 0 0
126 2 0.0797913521528244 0 0
127 2 0.08083302527666092 0 0
128 2 0.08187469094991684 0 0
129 2 0.08291635662317276 0 0
130 2 0.08395802229642868 0 0
131 2 0.0849996879696846 0 0
132 2 0.08604135364294052 0 0
133 2 0.08708301931619644 0 0
134 2 0.08812468498945236 0 0
135 2 0.08916635811328888 0 0
136 2 0.0902080237865448 0 0
137 2 0.09124968945980072 0 0
138 2 0.09229135513305664 0 0
139 2 0.09333302080631256 0 0
140 2 0.09437468647956848 0 0
141 2 0.0954163521528244 0 0
142 2 0.09645802527666092 0 0
143 2 0.09749969094991684 0 0
144 2 0.09854135662317276 0 0
145 2 0.09958302229642868 0 0
146 2 0.1006246879696846 0 0
147 2 0.10166635364294052 0 0
148 2 0.10270801931619644 0 0
149 2 0.10374969244003296 0 0
150 2 0.10479135811328888 0 0
151 2 0.1058330312371254 0 0
152 2 0.10687469691038132 0 0
153 2 0.10791636258363724 0 0
154 2 0.10895802825689316 0 0
155 2 0.10999969393014908 0 0
156 2 0.111041359603405 0 0
157 2 0.11208302527666092 0 0
158 2 0.11312469840049744 0 0
159 2 0.11416636407375336 0 0
160 2 0.11520802974700928 0 0
161 2 0.1162496954202652 0 0
162 2 0.11729136109352112 0 0
163 2 0.11833302676677704 0 0
164 2 0.11937469244003296 0 0
165 2 0.12041635811328888 0 0
166 2 0.1214580312371254 0 0
167 2 0.12249969691038132 0 0
168 2 0.12354136258363724 0 0
169 2 0.12458302825689316 0 0
170 2 0.12562470138072968 0 0
171 2 0.1266663670539856 0 0
172 2 0.12770803272724152 0 0
173 2 0.12874969840049744 0 0
174 2 0.12979136407375336 0 0
175 2 0.13083302974700928 0 0
176 2 0.1318746954202652 0 0
177 2 0.13291636109352112 0 0
178 2 0.13395802676677704 0 0
179 2 0.13499969244003296 0 0
180 2 0.13604135811328888 0 0
181 2 0.1370830237865448 0 0
182 2 0.13812468945980072 0 0
183 2 0.13916635513305664 0 0
184 2 0.14020802080631256 0 0
185 18 0.14124970138072968 0 0
186 18 0.1422913670539856 0 0
187 18 0.14333303272724152 0 0
188 18 0.14437469840049744 0 0
189 18 0.14541636407375336 0 0
190 18 0.14645802974700928 0 0
191 18 0.1474996954202652 0 0
192 18 0.14854136109352112 0 0
193 18 0.14958302676677704 0 0
194 18 0.15062469244003296 0 0
195 18 0.15166635811328888 0 0
196 18 0.1527080237865448 0 0
197 18 0.15374968945980072 0 0
198 18 0.15479135513305664 0 0
199 18 0.15583302080631256 0 0
200 18 0.15687470138072968 0 0
201 18 0.1579163670539856 0 0
202 18 0.15895803272724152 0 0
203 18 0.15999969840049744 0 0
204 18 0.16104136407375336 0 0
205 18 0.16208302974700928 0 0
206 18 0.1631246954202652 0 0
207 2 0.16416636109352112 0 0
208 2 0.16520802676677704 0 0
209 2 0.16624969244003296 0 0
210 2 0.16729135811328888 0 0
211 2 0.1683330237865448 0 0
212 2 0.16937468945980072 0 0
213 0 0.17041635513305664 0 0
214 0 0.1714351326227188 0 0
215 0 0.17243103682994843 0 0
216 0 0.1734040379524231 0 0
217 0 0.17435415089130402 0 0
218 0 0.1752813756465912 0 0
219 0 0.1761857122182846 0 0
220 0 0.17706716060638428 0 0
221 1 0.1779257208108902 0 0
222 1 0.17875376343727112 0 0
223 1 0.17955128848552704 0 0
224 1 0.18031829595565796 0 0
225 1 0.18105478584766388 0 0
226 1 0.1815316081047058 0 0
227 1 0.18220706284046173 0 0
228 1 0.18285199999809265 0 0
229 0 0.18346641957759857 0 0
230 0 0.18405795097351074 0 0
231 0 0.18462659418582916 0 0
232 0 0.18517234921455383 0 0
233 0 0.18569521605968475 0 0
234 1 0.18619519472122192 0 0
235 1 0.1866646558046341 0 0
236 1 0.18710359930992126 0 0
237 1 0.18751202523708344 0 0
238 1 0.1878899335861206 0 0
239 1 0.18797709047794342 0 1
239 1 0.18797709047794342 0 1
