data/levels/world2/Mouldy_Grotto.stl
1 16 0.022484373301267624 0 0
2 16 0.022484373301267624 0 0
3 16 0.022484373301267624 0 0
4 16 0.022484373301267624 0 0
5 16 0.022484373301267624 0 0
6 16 0.022484373301267624 0 0
7 16 0.022484373301267624 0 0
8 16 0.022484373301267624 0 0
9 16 0.022484373301267624 0 0
10 16 0.022484373301267624 0 0
11 16 0.022484373301267624 0 0
12 0 0.022484373301267624 0 0
13 0 0.022484373301267624 0 0
14 0 0.022484373301267624 0 0
15 0 0.022484373301267624 0 0
16 0 0.022484373301267624 0 0
17 0 0.022484373301267624 0 0
18 0 0.022484373301267624 0 0
19 2 0.022484373301267624 0 0
20 2 0.0227399580180645 0 0
21 2 0.02300698682665825 0 0
22 2 0.023285459727048874 0 0
23 2 0.023575376719236374 0 0
24 2 0.02387673780322075 0 0
25 2 0.024189542979002 0 0
26 2 0.024513792246580124 0 0
27 2 0.024849485605955124 0 0
28 2 0.025196623057127 0 0
29 2 0.02555520460009575 0 0
30 2 0.025925230234861374 0 0
31 2 0.026306699961423874 0 0
32 2 0.02669961377978325 0 0
33 2 0.0271039716899395 0 0
34 2 0.027519773691892624 0 0
35 2 0.027947019785642624 0 0
36 2 0.0283857099711895 0 0
37 2 0.02883584424853325 0 0
38 2 0.029297422617673874 0 0
39 2 0.029770445078611374 0 0
40 2 0.03025491163134575 0 0
41 0 0.030750822275877 0 0
42 0 0.031229566782712936 0 0
43 0 0.03169114515185356 0 0
44 0 0.032135557383298874 0 0
45 0 0.032562803477048874 0 0
46 0 0.03297288343310356 0 0
47 0 0.033365797251462936 0 0
48 0 0.033741544932127 0 0
49 0 0.03410012647509575 0 0
50 0 0.034441541880369186 0 0
51 0 0.03476579114794731 0 0
52 0 0.035072874277830124 0 0
53 0 0.035362791270017624 0 0
54 0 0.03563554212450981 0 0
55 0 0.035891126841306686 0 0
56 0 0.03612954542040825 0 0
57 0 0.03612954542040825 0 0
58 0 0.03612954542040825 0 0
59 0 0.03612954542040825 0 0
60 0 0.03612954542040825 0 0
61 0 0.03612954542040825 0 0
62 0 0.03612954542040825 0 0
63 0 0.03612954542040825 0 0
64 0 0.03612954542040825 0 0
65 0 0.03612954542040825 0 0
66 0 0.03612954542040825 0 0
67 0 0.03612954542040825 0 0
68 0 0.03612954542040825 0 0
69 0 0.03612954542040825 0 0
70 0 0.03612954542040825 0 0
71 0 0.03612954542040825 0 0
72 0 0.03612954542040825 0 0
73 0 0.03612954542040825 0 0
74 0 0.03612954542040825 0 0
75 0 0.03612954542040825 0 0
76 0 0.03612954542040825 0 0
77 0 0.03612954542040825 0 0
78 0 0.03612954542040825 0 0
79 0 0.03612954542040825 0 0
80 0 0.03612954542040825 0 0
81 0 0.03612954542040825 0 0
82 0 0.03612954542040825 0 0
83 0 0.03612954542040825 0 0
84 0 0.03612954542040825 0 0
85 0 0.03612954542040825 0 0
86 0 0.03612954542040825 0 0
87 0 0.03612954542040825 0 0
88 0 0.03612954542040825 0 0
89 0 0.03612954542040825 0 0
90 0 0.03612954542040825 0 0
91 0 0.03612954542040825 0 0
92 0 0.03612954542040825 0 0
93 0 0.03612954542040825 0 0
94 0 0.03612954542040825 0 0
95 0 0.03612954542040825 0 0
96 0 0.03612954542040825 0 0
97 0 0.03612954542040825 0 0
98 0 0.03612954542040825 0 0
99 0 0.03612954542040825 0 0
100 0 0.03612954542040825 0 0
101 0 0.03612954542040825 0 0
102 0 0.03612954542040825 0 0
103 0 0.03612954542040825 0 0
104 0 0.03612954542040825 0 0
105 0 0.03612954542040825 0 0
106 0 0.03612954542040825 0 0
107 0 0.03612954542040825 0 0
108 0 0.03612954542040825 0 0
109 0 0.03612954542040825 0 0
110 0 0.03612954542040825 0 0
111 0 0.03612954542040825 0 0
112 0 0.03612954542040825 0 0
113 0 0.03612954542040825 0 0
114 0 0.03612954542040825 0 0
115 0 0.03612954542040825 0 0
116 0 0.03612954542040825 0 0
117 0 0.03612954542040825 0 0
118 0 0.03612954542040825 0 0
119 0 0.03612954542040825 0 0
120 0 0.03612954542040825 0 0
121 0 0.03612954542040825 0 0
122 0 0.03612954542040825 0 0
123 0 0.03612954542040825 0 0
124 0 0.03612954542040825 0 0
125 0 0.03612954542040825 0 0
126 0 0.03612954542040825 0 0
127 0 0.03612954542040825 0 0
128 0 0.03612954542040825 0 0
129 0 0.03612954542040825 0 0
130 0 0.03612954542040825 0 0
131 0 0.03612954542040825 0 0
132 0 0.03612954542040825 0 0
133 0 0.03612954542040825 0 0
134 0 0.03612954542040825 0 0
135 0 0.03612954542040825 0 0
136 0 0.03612954542040825 0 0
137 0 0.03612954542040825 0 0
138 0 0.03612954542040825 0 0
139 0 0.03612954542040825 0 0
140 0 0.03612954542040825 0 0
141 0 0.03612954542040825 0 0
142 0 0.03612954542040825 0 0
143 0 0.03612954542040825 0 0
144 0 0.03612954542040825 0 0
145 0 0.03612954542040825 0 0
146 0 0.03612954542040825 0 0
147 0 0.03612954542040825 0 0
148 0 0.03612954542040825 0 0
149 0 0.03612954542040825 0 0
150 0 0.03612954542040825 0 0
151 0 0.03612954542040825 0 0
152 0 0.03612954542040825 0 0
153 0 0.03612954542040825 0 0
154 0 0.03612954542040825 0 0
155 0 0.03612954542040825 0 0
156 0 0.03612954542040825 0 0
157 0 0.03612954542040825 0 0
158 0 0.03612954542040825 0 0
159 0 0.03612954542040825 0 0
160 0 0.03612954542040825 0 0
161 0 0.03612954542040825 0 0
162 0 0.03612954542040825 0 0
163 0 0.03612954542040825 0 0
164 0 0.03612954542040825 0 0
165 0 0.03612954542040825 0 0
166 0 0.03612954542040825 0 0
167 0 0.03612954542040825 0 0
168 0 0.03612954542040825 0 0
169 0 0.03612954542040825 0 0
170 0 0.03612954542040825 0 0
171 0 0.03612954542040825 0 0
172 0 0.03612954542040825 0 0
173 0 0.03612954542040825 0 0
174 0 0.03612954542040825 0 0
175 0 0.03612954542040825 0 0
176 0 0.03612954542040825 0 0
177 0 0.03612954542040825 0 0
178 0 0.03612954542040825 0 0
179 2 0.03612954542040825 0 0
180 2 0.036385130137205124 0 0
181 2 0.036652158945798874 0 0
182 2 0.0369306318461895 0 0
183 2 0.037220548838377 0 0
184 2 0.037521909922361374 0 0
185 2 0.037834715098142624 0 0
186 2 0.03815896436572075 0 0
187 2 0.03849465772509575 0 0
188 2 0.038841795176267624 0 0
189 2 0.039200376719236374 0 0
190 2 0.039570402354002 0 0
191 2 0.0399518720805645 0 0
192 2 0.040344785898923874 0 0
193 2 0.040749143809080124 0 0
194 2 0.04116494581103325 0 0
195 2 0.04159219190478325 0 0
196 2 0.042030882090330124 0 0
197 2 0.042481016367673874 0 0
198 2 0.0429425947368145 0 0
199 2 0.043415617197752 0 0
200 2 0.043900083750486374 0 0
201 2 0.044395994395017624 0 0
202 2 0.04490334913134575 0 0
203 2 0.04542214795947075 0 0
204 2 0.045952390879392624 0 0
205 2 0.046494077891111374 0 0
206 2 0.047047208994627 0 0
207 2 0.0476117841899395 0 0
208 2 0.048363495618104935 0 0
209 2 0.048958588391542435 0 0
210 2 0.049568939954042435 0 0
211 2 0.050194550305604935 0 0
212 2 0.050835419446229935 0 0
213 2 0.051491547375917435 0 0
214 2 0.052162934094667435 0 0
215 2 0.052849579602479935 0 0
216 2 0.053551483899354935 0 0
217 2 0.054268646985292435 0 0
218 2 0.055001068860292435 0 0
219 2 0.055748749524354935 0 0
220 2 0.056511688977479935 0 0
221 2 0.057289887219667435 0 0
222 2 0.058083344250917435 0 0
223 2 0.058864593505859375 0 0
224 2 0.059645842760801315 0 0
225 2 0.060427092015743256 0 0
226 2 0.061208344995975494 0 0
227 2 0.061989594250917435 0 0
228 2 0.06277084350585938 0 0
229 2 0.06355209648609161 0 0
230 2 0.06433334201574326 0 0
231 2 0.0651145949959755 0 0
232 2 0.06589584052562714 0 0
233 2 0.06667709350585938 0 0
234 2 0.06745834648609161 0 0
235 2 0.06823959201574326 0 0
236 2 0.0690208449959755 0 0
237 2 0.06980209052562714 0 0
238 2 0.07058334350585938 0 0
239 2 0.07136459648609161 0 0
240 2 0.07214584201574326 0 0
241 2 0.0729270949959755 0 0
242 2 0.07370834052562714 0 0
243 2 0.07448959350585938 0 0
244 2 0.07527084648609161 0 0
245 2 0.07605209201574326 0 0
246 2 0.0768333449959755 0 0
247 2 0.07761459052562714 0 0
248 2 0.07839584350585938 0 0
249 2 0.07917709648609161 0 0
250 2 0.07995834201574326 0 0
251 2 0.0807395949959755 0 0
252 2 0.08152084052562714 0 0
253 2 0.08230209350585938 0 0
254 2 0.08308334648609161 0 0
255 2 0.08386459201574326 0 0
256 2 0.0846458449959755 0 0
257 2 0.08542709052562714 0 0
258 2 0.08620834350585938 0 0
259 2 0.08698959648609161 0 0
260 2 0.08777084201574326 0 0
261 2 0.0885520949959755 0 0
262 2 0.08933334052562714 0 0
263 2 0.09011459350585938 0 0
264 2 0.09089584648609161 0 0
265 2 0.09167709201574326 0 0
266 2 0.0924583449959755 0 0
267 2 0.09323959052562714 0 0
268 2 0.09402084350585938 0 0
269 2 0.09480209648609161 0 0
270 2 0.09558334201574326 0 0
271 2 0.0963645949959755 0 0
272 2 0.09714584052562714 0 0
273 2 0.09792709350585938 0 0
274 2 0.09870834648609161 0 0
275 2 0.09948959201574326 0 0
276 0 0.1002708449959755 0 0
277 0 0.10103492438793182 0 0
278 0 0.10178184509277344 0 0
279 0 0.10251159965991974 0 0
280 0 0.10322418063879013 0 0
281 0 0.1039196029305458 0 0
282 0 0.10459785163402557 0 0
283 0 0.10525894165039062 0 0
284 0 0.10590286552906036 0 0
285 0 0.1065296158194542 0 0
286 0 0.1071392074227333 0 0
287 0 0.10773162543773651 0 0
288 0 0.108306884765625 0 0
289 0 0.10886497795581818 0 0
290 0 0.1092340275645256 0 0
291 0 0.10975778847932816 0 0
292 0 0.1102643758058548 0 0
293 0 0.11075380444526672 0 0
294 0 0.11122605949640274 0 0
295 0 0.11168115586042404 0 0
296 0 0.11211908608675003 0 0
297 0 0.11253984272480011 0 0
298 0 0.11294344067573547 0 0
299 0 0.11332986503839493 0 0
300 0 0.11369913071393967 0 0
301 0 0.11405123025178909 0 0
302 0 0.11438615620136261 0 0
303 0 0.11470392346382141 0 0
304 0 0.1150045171380043 0 0
305 0 0.11528795212507248 0 0
306 0 0.11555422097444534 0 0
307 0 0.1158033162355423 0 0
308 0 0.11603525280952454 0 0
309 0 0.11625001579523087 0 0
310 0 0.11644762009382248 0 0
311 0 0.11662805825471878 0 0
312 0 0.11679132282733917 0 0
313 0 0.11693742871284485 0 0
314 0 0.11706636101007462 0 0
315 0 0.11717813462018967 0 0
316 0 0.1172727420926094 0 0
317 0 0.11735017597675323 0 0
318 0 0.11741045117378235 0 0
319 0 0.11745355278253555 0 0
320 0 0.11747949570417404 0 0
321 0 0.11748827248811722 0 0
322 0 0.11747987568378448 0 0
323 0 0.11748865246772766 0 0
324 0 0.11748025566339493 0 0
325 0 0.1174890324473381 0 0
326 0 0.11748064309358597 0 0
327 0 0.11748941242694855 0 0
328 0 0.11748102307319641 0 0
329 0 0.11748979240655899 0 0
330 0 0.11748140305280685 0 0
331 0 0.11749017983675003 0 0
332 0 0.1174817830324173 0 0
333 2 0.11749055981636047 0 0
334 2 0.11774614453315735 0 0
335 2 0.1180131733417511 0 0
336 2 0.11829164624214172 0 0
337 2 0.11858156323432922 0 0
338 2 0.1188829243183136 0 0
339 2 0.11919572949409485 0 0
340 2 0.11951997876167297 0 0
341 2 0.11985567212104797 0 0
342 2 0.12020280957221985 0 0
343 2 0.1205613911151886 0 0
344 2 0.12093141674995422 0 0
345 2 0.12131288647651672 0 0
346 2 0.1217058002948761 0 0
347 2 0.12211015820503235 0 0
348 2 0.12252596020698547 0 0
349 2 0.12295320630073547 0 0
350 2 0.12339189648628235 0 0
351 2 0.1238420307636261 0 0
352 2 0.12430360913276672 0 0
353 2 0.12477663159370422 0 0
354 2 0.1252610981464386 0 0
355 0 0.12575700879096985 0 0
356 0 0.1262357532978058 0 0
357 0 0.1266973316669464 0 0
358 0 0.12714174389839172 0 0
359 1 0.12756898999214172 0 0
360 1 0.12797334790229797 0 0
361 1 0.12835481762886047 0 0
362 1 0.12871339917182922 0 0
363 0 0.12904909253120422 0 0
364 0 0.1293676197528839 0 0
365 0 0.1296689808368683 0 0
366 0 0.12995317578315735 0 0
367 0 0.1302202045917511 0 0
368 0 0.13047006726264954 0 0
369 0 0.13070276379585266 0 0
370 0 0.13070276379585266 0 0
371 0 0.13070276379585266 0 0
372 0 0.13070276379585266 0 0
373 0 0.13070276379585266 0 0
374 0 0.13070276379585266 0 0
375 0 0.13070276379585266 0 0
376 0 0.13070276379585266 0 0
377 0 0.13070276379585266 0 0
378 0 0.13070276379585266 0 0
379 0 0.13070276379585266 0 0
380 0 0.13070276379585266 0 0
381 0 0.13070276379585266 0 0
382 0 0.13070276379585266 0 0
383 0 0.13070276379585266 0 0
384 0 0.13070276379585266 0 0
385 0 0.13070276379585266 0 0
386 0 0.13070276379585266 0 0
387 0 0.13070276379585266 0 0
388 0 0.13070276379585266 0 0
389 0 0.13070276379585266 0 0
390 0 0.13070276379585266 0 0
391 0 0.13070276379585266 0 0
392 0 0.13070276379585266 0 0
393 0 0.13070276379585266 0 0
394 0 0.13070276379585266 0 0
395 0 0.13070276379585266 0 0
396 0 0.13070276379585266 0 0
397 0 0.13070276379585266 0 0
398 0 0.13070276379585266 0 0
399 2 0.13070276379585266 0 0
400 2 0.13095834851264954 0 0
401 2 0.1312253773212433 0 0
402 2 0.1315038502216339 0 0
403 2 0.1317937672138214 0 0
404 2 0.1320951282978058 0 0
405 2 0.13240793347358704 0 0
406 2 0.13273218274116516 0 0
407 0 0.13306787610054016 0 0
408 0 0.13338640332221985 0 0
409 0 0.13368776440620422 0 0
410 0 0.1339719593524933 0 0
411 0 0.13423898816108704 0 0
412 0 0.13448885083198547 0 0
413 0 0.1347215473651886 0 0
414 0 0.1349370777606964 0 0
415 0 0.1351354420185089 0 0
416 0 0.1353166401386261 0 0
417 2 0.13548067212104797 0 0
418 2 0.13573625683784485 0 0
419 2 0.1360032856464386 0 0
420 2 0.13628175854682922 0 0
421 2 0.13657167553901672 0 0
422 2 0.1368730366230011 0 0
423 2 0.13718584179878235 0 0
424 2 0.13751009106636047 0 0
425 2 0.13784578442573547 0 0
426 2 0.13819292187690735 0 0
427 2 0.1385515034198761 0 0
428 2 0.13892152905464172 0 0
429 2 0.13930299878120422 0 0
430 2 0.1396959125995636 0 0
431 2 0.14010027050971985 0 0
432 2 0.14051607251167297 0 0
433 18 0.14094331860542297 0 0
434 18 0.14138200879096985 0 0
435 18 0.1418321430683136 0 0
436 18 0.14229372143745422 0 0
437 18 0.14276674389839172 0 0
438 18 0.1432512104511261 0 0
439 18 0.14374712109565735 0 0
440 18 0.14425447583198547 0 0
441 18 0.14477327466011047 0 0
442 18 0.14530351758003235 0 0
443 18 0.1458452045917511 0 0
444 18 0.14639833569526672 0 0
445 18 0.14696291089057922 0 0
446 18 0.14771461486816406 0 0
447 18 0.14830970764160156 0 0
448 18 0.14892005920410156 0 0
449 18 0.14954566955566406 0 0
450 18 0.15018653869628906 0 0
451 18 0.15084266662597656 0 0
452 18 0.15151405334472656 0 0
453 18 0.15220069885253906 0 0
454 18 0.15290260314941406 0 0
455 18 0.15361976623535156 0 0
456 18 0.15435218811035156 0 0
457 18 0.15509986877441406 0 0
458 18 0.15586280822753906 0 0
459 18 0.15664100646972656 0 0
460 18 0.15743446350097656 0 0
461 18 0.1582157164812088 0 0
462 18 0.15899696946144104 0 0
463 18 0.15977820754051208 0 0
464 18 0.16055946052074432 0 0
465 2 0.16134071350097656 0 0
466 2 0.1621219664812088 0 0
467 18 0.16290321946144104 0 0
468 18 0.16368445754051208 0 0
469 18 0.16446571052074432 0 0
470 18 0.16524696350097656 0 0
471 18 0.1660282164812088 0 0
472 18 0.16680946946144104 0 0
473 18 0.16759070754051208 0 0
474 18 0.16837196052074432 0 0
475 18 0.16915321350097656 0 0
476 2 0.1699344664812088 0 0
477 2 0.17071571946144104 0 0
478 2 0.17149695754051208 0 0
479 2 0.17227821052074432 0 0
480 2 0.17305946350097656 0 0
481 2 0.1738407164812088 0 0
482 2 0.17462196946144104 0 0
483 2 0.17540320754051208 0 0
484 2 0.17618446052074432 0 0
485 18 0.17696571350097656 0 0
486 18 0.1773434430360794 0 0
487 18 0.1773434430360794 0 0
488 18 0.1773434430360794 0 0
489 18 0.1773434430360794 0 0
490 18 0.1773434430360794 0 0
491 18 0.1773434430360794 0 0
492 18 0.1773434430360794 0 0
493 18 0.1773434430360794 0 0
494 18 0.17812469601631165 0 0
495 18 0.17890594899654388 0 0
496 18 0.17968720197677612 0 0
497 18 0.18046844005584717 0 0
498 18 0.1812496930360794 0 0
499 18 0.18203094601631165 0 0
500 2 0.18281219899654388 0 0
501 0 0.18359345197677612 0 0
502 0 0.18435752391815186 0 0
503 0 0.18510444462299347 0 0
504 0 0.18583419919013977 0 0
505 0 0.18654678761959076 0 0
506 0 0.18724220991134644 0 0
507 0 0.1879204511642456 0 0
508 0 0.18858154118061066 0 0
509 2 0.1892254650592804 0 0
510 2 0.18988464772701263 0 0
511 2 0.19055908918380737 0 0
512 2 0.19124877452850342 0 0
513 2 0.19195373356342316 0 0
514 2 0.1926739513874054 0 0
515 2 0.19340942800045013 0 0
516 2 0.19416016340255737 0 0
517 2 0.19492614269256592 0 0
518 2 0.19570739567279816 0 0
519 2 0.1964886486530304 0 0
520 2 0.19726990163326263 0 0
521 2 0.19805115461349487 0 0
522 2 0.19883239269256592 0 0
523 2 0.19961364567279816 0 0
524 2 0.2003948986530304 0 0
525 2 0.20117615163326263 0 0
526 2 0.20195740461349487 0 0
527 2 0.20273864269256592 0 0
528 2 0.20351989567279816 0 0
529 18 0.2043011486530304 0 0
530 18 0.20508240163326263 0 0
531 18 0.20586365461349487 0 0
532 18 0.20664489269256592 0 0
533 18 0.20742614567279816 0 0
534 18 0.2082073986530304 0 0
535 2 0.20898865163326263 0 0
536 2 0.20976990461349487 0 0
537 0 0.21055114269256592 0 0
538 0 0.21131522953510284 0 0
539 0 0.21206215023994446 0 0
540 0 0.21279190480709076 0 0
541 0 0.21350449323654175 0 0
542 0 0.21419990062713623 0 0
543 0 0.2148781567811966 0 0
544 0 0.21553924679756165 0 0
545 0 0.21618317067623138 0 0
546 0 0.2168099284172058 0 0
547 0 0.21741950511932373 0 0
548 0 0.21801193058490753 0 0
549 0 0.21858718991279602 0 0
550 0 0.2191452831029892 0 0
551 0 0.21951432526111603 0 0
552 0 0.22003808617591858 0 0
553 0 0.22054468095302582 0 0
554 0 0.22103410959243774 0 0
555 0 0.22150637209415436 0 0
556 0 0.22196145355701447 0 0
557 0 0.22239938378334045 0 0
558 0 0.22282014787197113 0 0
559 0 0.2232237458229065 0 0
560 0 0.22361017763614655 0 0
561 0 0.2239794284105301 0 0
562 0 0.22433152794837952 0 0
563 0 0.22466646134853363 0 0
564 0 0.22498422861099243 0 0
565 0 0.22528482973575592 0 0
566 0 0.2255682498216629 0 0
567 0 0.22583451867103577 0 0
568 0 0.22608362138271332 0 0
569 0 0.22631555795669556 0 0
570 0 0.22653032839298248 0 0
571 0 0.2267279177904129 0 0
572 0 0.2269083559513092 0 0
573 0 0.2270716279745102 0 0
574 0 0.22721773386001587 0 0
575 0 0.22721773386001587 0 0
576 0 0.22721773386001587 0 0
577 0 0.22721773386001587 0 0
578 0 0.22721773386001587 0 0
579 0 0.22721773386001587 0 0
580 0 0.22721773386001587 0 0
581 0 0.22721773386001587 0 0
582 0 0.22721773386001587 0 0
583 0 0.22721773386001587 0 0
584 0 0.22721773386001587 0 0
585 0 0.22721773386001587 0 0
586 0 0.22721773386001587 0 0
587 0 0.22721773386001587 0 0
588 0 0.22721773386001587 0 0
589 0 0.22721773386001587 0 0
590 0 0.22721773386001587 0 0
591 0 0.22721773386001587 0 0
592 0 0.22721773386001587 0 0
593 0 0.22721773386001587 0 0
594 0 0.22721773386001587 0 0
595 0 0.22721773386001587 0 0
596 0 0.22721773386001587 0 0
597 0 0.22721773386001587 0 0
598 0 0.22721773386001587 0 0
599 0 0.22721773386001587 0 0
600 0 0.22721773386001587 0 0
601 0 0.22721773386001587 0 0
602 0 0.22721773386001587 0 0
603 0 0.22721773386001587 0 0
604 0 0.22721773386001587 0 0
605 0 0.22721773386001587 0 0
606 0 0.22721773386001587 0 0
607 0 0.22721773386001587 0 0
608 0 0.22721773386001587 0 0
609 0 0.22721773386001587 0 0
610 0 0.22721773386001587 0 0
611 0 0.22721773386001587 0 0
612 0 0.22721773386001587 0 0
613 0 0.22721773386001587 0 0
614 0 0.22721773386001587 0 0
615 0 0.22721773386001587 0 0
616 0 0.22721773386001587 0 0
617 0 0.22721773386001587 0 0
618 0 0.22721773386001587 0 0
619 0 0.22721773386001587 0 0
620 0 0.22721773386001587 0 0
621 0 0.22721773386001587 0 0
622 0 0.22721773386001587 0 0
623 0 0.22721773386001587 0 0
624 0 0.22721773386001587 0 0
625 0 0.22721773386001587 0 0
626 0 0.22721773386001587 0 0
627 0 0.22721773386001587 0 0
628 0 0.22721773386001587 0 0
629 0 0.22721773386001587 0 0
630 0 0.22721773386001587 0 0
631 0 0.22721773386001587 0 0
632 0 0.22721773386001587 0 0
633 0 0.22721773386001587 0 0
634 0 0.22721773386001587 0 0
635 0 0.22721773386001587 0 0
636 0 0.22721773386001587 0 0
637 0 0.22721773386001587 0 0
638 0 0.22721773386001587 0 0
639 0 0.22721773386001587 0 0
640 0 0.22721773386001587 0 0
641 0 0.22721773386001587 0 0
642 0 0.22721773386001587 0 0
643 0 0.22721773386001587 0 0
644 0 0.22721773386001587 0 0
645 0 0.22721773386001587 0 0
646 0 0.22721773386001587 0 0
647 0 0.22721773386001587 0 0
648 0 0.22721773386001587 0 0
649 0 0.22721773386001587 0 0
650 0 0.22721773386001587 0 0
651 0 0.22721773386001587 0 0
652 0 0.22721773386001587 0 0
653 0 0.22721773386001587 0 0
654 0 0.22721773386001587 0 0
655 0 0.22721773386001587 0 0
656 0 0.22721773386001587 0 0
657 0 0.22721773386001587 0 0
658 0 0.22721773386001587 0 0
659 0 0.22721773386001587 0 0
660 0 0.22721773386001587 0 0
661 0 0.22721773386001587 0 0
662 0 0.22721773386001587 0 0
663 0 0.22721773386001587 0 0
664 0 0.22721773386001587 0 0
665 0 0.22721773386001587 0 0
666 0 0.22721773386001587 0 0
667 0 0.22721773386001587 0 0
668 0 0.22721773386001587 0 0
669 0 0.22721773386001587 0 0
670 0 0.22721773386001587 0 0
671 0 0.22721773386001587 0 0
672 0 0.22721773386001587 0 0
673 0 0.22721773386001587 0 0
674 0 0.22721773386001587 0 0
675 0 0.22721773386001587 0 0
676 0 0.22721773386001587 0 0
677 1 0.22721773386001587 0 0
678 1 0.226962149143219 0 0
679 0 0.22669512033462524 0 0
680 0 0.2264452576637268 0 0
681 0 0.22621256113052368 0 0
682 0 0.22621256113052368 0 0
683 1 0.22621256113052368 0 0
684 1 0.2259569764137268 0 0
685 0 0.22568994760513306 0 0
686 0 0.22544008493423462 0 0
687 0 0.2252073884010315 0 0
688 0 0.2252073884010315 0 0
689 0 0.2252073884010315 0 0
690 0 0.2252073884010315 0 0
691 0 0.2252073884010315 0 0
692 0 0.2252073884010315 0 0
693 0 0.2252073884010315 0 0
694 1 0.2252073884010315 0 0
695 0 0.22495180368423462 0 0
696 0 0.22471338510513306 0 0
697 0 0.22471338510513306 0 0
698 0 0.22471338510513306 0 0
699 0 0.22471338510513306 0 0
700 0 0.22471338510513306 0 0
701 0 0.22471338510513306 0 0
702 0 0.22471338510513306 0 0
703 2 0.22471338510513306 0 0
704 2 0.22496896982192993 0 0
705 2 0.22523599863052368 0 0
706 2 0.2255144715309143 0 0
707 2 0.2258043885231018 0 0
708 2 0.22610574960708618 0 0
709 2 0.22641855478286743 0 0
710 2 0.22674280405044556 0 0
711 2 0.22707849740982056 0 0
712 2 0.22742563486099243 0 0
713 18 0.22778421640396118 0 0
714 18 0.2281542420387268 0 0
715 18 0.2285357117652893 0 0
716 18 0.22892862558364868 0 0
717 18 0.22933298349380493 0 0
718 18 0.22974878549575806 0 0
719 18 0.23017603158950806 0 0
720 18 0.23061472177505493 0 0
721 18 0.23106485605239868 0 0
722 18 0.2315264344215393 0 0
723 18 0.2319994568824768 0 0
724 18 0.23248392343521118 0 0
725 18 0.23297983407974243 0 0
726 18 0.23348718881607056 0 0
727 18 0.23400598764419556 0 0
728 18 0.23453623056411743 0 0
729 18 0.23507791757583618 0 0
730 18 0.2356310486793518 0 0
731 18 0.2361956238746643 0 0
732 18 0.23694732785224915 0 0
733 18 0.23754242062568665 0 0
734 18 0.23815277218818665 0 0
735 18 0.23877838253974915 0 0
736 18 0.23941925168037415 0 0
737 18 0.24007537961006165 0 0
738 18 0.24074676632881165 0 0
739 18 0.24143341183662415 0 0
740 18 0.24213531613349915 0 0
741 18 0.24285247921943665 0 0
742 18 0.24358490109443665 0 0
743 18 0.24433258175849915 0 0
744 18 0.24509552121162415 0 0
745 2 0.24587371945381165 0 0
746 2 0.24666717648506165 0 0
747 2 0.24744842946529388 0 0
748 2 0.24822968244552612 0 0
749 2 0.24901092052459717 0 0
750 2 0.2497921735048294 0 0
751 2 0.25057342648506165 0 0
752 2 0.2513546645641327 0 0
753 2 0.2521359324455261 0 0
754 2 0.25234344601631165 0 0
755 18 0.2524271607398987 0 0
756 18 0.2525153160095215 0 0
757 18 0.2525153160095215 0 0
758 18 0.2525153160095215 0 0
759 18 0.2525153160095215 0 0
760 18 0.25282812118530273 0 0
761 18 0.25315237045288086 0 0
762 18 0.25348806381225586 0 0
763 18 0.25383520126342773 0 0
764 18 0.2541937828063965 0 0
765 18 0.2545638084411621 0 0
766 18 0.2549452781677246 0 0
767 18 0.255338191986084 0 0
768 18 0.25574254989624023 0 0
769 18 0.25615835189819336 0 0
770 18 0.25658559799194336 0 0
771 18 0.25702428817749023 0 0
772 18 0.257474422454834 0 0
773 18 0.2579360008239746 0 0
774 18 0.2584090232849121 0 0
775 18 0.2588934898376465 0 0
776 18 0.25938940048217773 0 0
777 18 0.25989675521850586 0 0
778 18 0.26041555404663086 0 0
779 18 0.26094579696655273 0 0
780 18 0.2614874839782715 0 0
781 18 0.2620406150817871 0 0
782 18 0.2626051902770996 0 0
783 18 0.26335689425468445 0 0
784 18 0.26395198702812195 0 0
785 18 0.26456233859062195 0 0
786 18 0.26518794894218445 0 0
787 18 0.26582881808280945 0 0
788 18 0.26648494601249695 0 0
789 18 0.26715633273124695 0 0
790 18 0.26784297823905945 0 0
791 18 0.26854488253593445 0 0
792 18 0.26926204562187195 0 0
793 18 0.26999446749687195 0 0
794 18 0.27074214816093445 0 0
795 18 0.27150508761405945 0 0
796 18 0.27228328585624695 0 0
797 18 0.27307674288749695 0 0
798 18 0.273857980966568 0 0
799 18 0.2746392488479614 0 0
800 18 0.27542048692703247 0 0
801 18 0.2762017548084259 0 0
802 18 0.27698299288749695 0 0
803 18 0.277764230966568 0 0
804 18 0.2785454988479614 0 0
805 18 0.27932673692703247 0 0
806 18 0.2801080048084259 0 0
807 18 0.28088924288749695 0 0
808 18 0.281670480966568 0 0
809 18 0.2824517488479614 0 0
810 18 0.28323298692703247 0 0
811 18 0.2840142548084259 0 0
812 18 0.28479549288749695 0 0
813 18 0.285576730966568 0 0
814 18 0.2863579988479614 0 0
815 18 0.28713923692703247 0 0
816 18 0.2879205048084259 0 0
817 18 0.28870174288749695 0 0
818 2 0.289482980966568 0 0
819 2 0.2902642488479614 0 0
820 2 0.29104548692703247 0 0
821 2 0.2918267548084259 0 0
822 0 0.2923434376716614 0 0
823 0 0.29217156767845154 0 0
824 0 0.29217156767845154 0 0
825 0 0.29217156767845154 0 0
826 0 0.29217156767845154 0 0
827 0 0.29217156767845154 0 0
828 0 0.29217156767845154 0 0
829 0 0.29217156767845154 0 0
830 0 0.29217156767845154 0 0
831 0 0.29217156767845154 0 0
832 0 0.29217156767845154 0 0
833 0 0.29217156767845154 0 0
834 0 0.29217156767845154 0 0
835 0 0.29217156767845154 0 0
836 0 0.29217156767845154 0 0
837 0 0.29217156767845154 0 0
838 0 0.29217156767845154 0 0
839 0 0.29217156767845154 0 0
840 0 0.29217156767845154 0 0
841 0 0.29217156767845154 0 0
842 0 0.29217156767845154 0 0
843 1 0.29217156767845154 0 0
844 1 0.29191598296165466 0 0
845 1 0.2916489541530609 0 0
846 1 0.2913704812526703 0 0
847 1 0.2910805642604828 0 0
848 1 0.2907792031764984 0 0
849 1 0.29046639800071716 0 0
850 1 0.29014214873313904 0 0
851 1 0.28980645537376404 0 0
852 1 0.28945931792259216 0 0
853 1 0.2891007363796234 0 0
854 1 0.2887307107448578 0 0
855 1 0.2883492410182953 0 0
856 1 0.2879563271999359 0 0
857 1 0.28755196928977966 0 0
858 1 0.28713616728782654 0 0
859 1 0.28670892119407654 0 0
860 1 0.28627023100852966 0 0
861 17 0.2858200967311859 0 0
862 17 0.2853585183620453 0 0
863 17 0.2848854959011078 0 0
864 17 0.2844010293483734 0 0
865 17 0.28390511870384216 0 0
866 17 0.28339776396751404 0 0
867 17 0.28287896513938904 0 0
868 17 0.28234872221946716 0 0
869 17 0.2818070352077484 0 0
870 17 0.2812539041042328 0 0
871 17 0.2806893289089203 0 0
872 17 0.2802813649177551 0 0
873 17 0.2796862721443176 0 0
874 17 0.2790759205818176 0 0
875 17 0.2784503102302551 0 0
876 17 0.2778094410896301 0 0
877 17 0.2771533131599426 0 0
878 17 0.2764819264411926 0 0
879 17 0.2757952809333801 0 0
880 16 0.2750933766365051 0 0
881 0 0.27440863847732544 0 0
882 0 0.27374106645584106 0 0
883 0 0.273090660572052 0 0
884 0 0.27265655994415283 0 0
885 0 0.272484689950943 0 0
886 0 0.272484689950943 0 0
887 0 0.272484689950943 0 0
888 0 0.272484689950943 0 0
889 0 0.272484689950943 0 0
890 0 0.272484689950943 0 0
891 0 0.272484689950943 0 0
892 0 0.272484689950943 0 0
893 0 0.272484689950943 0 0
894 0 0.272484689950943 0 0
895 0 0.272484689950943 0 0
896 0 0.272484689950943 0 0
897 0 0.272484689950943 0 0
898 0 0.272484689950943 0 0
899 0 0.272484689950943 0 0
900 2 0.272484689950943 0 0
901 2 0.27274027466773987 0 0
902 2 0.2730073034763336 0 0
903 2 0.27328577637672424 0 0
904 2 0.27357569336891174 0 0
905 2 0.2738770544528961 0 0
906 2 0.27418985962867737 0 0
907 2 0.2745141088962555 0 0
908 2 0.2748498022556305 0 0
909 2 0.27519693970680237 0 0
910 2 0.2755555212497711 0 0
911 2 0.27592554688453674 0 0
912 2 0.27630701661109924 0 0
913 2 0.2766999304294586 0 0
914 2 0.27710428833961487 0 0
915 2 0.27751532196998596 0 0
916 2 0.27751532196998596 0 0
917 2 0.27751532196998596 0 0
918 2 0.27751532196998596 0 0
919 2 0.27751532196998596 0 0
920 2 0.27751532196998596 0 0
921 2 0.27751532196998596 0 0
922 2 0.27751532196998596 0 0
923 2 0.27751532196998596 0 0
924 2 0.27751532196998596 0 0
925 2 0.27751532196998596 0 0
926 2 0.27751532196998596 0 0
927 2 0.27751532196998596 0 0
928 2 0.27751532196998596 0 0
929 18 0.27751532196998596 0 0
930 18 0.27751532196998596 0 0
931 18 0.27751532196998596 0 0
932 18 0.27751532196998596 0 0
933 18 0.27751532196998596 0 0
934 2 0.27781668305397034 0 0
935 2 0.2781294882297516 0 0
936 2 0.2784537374973297 0 0
937 2 0.2787894308567047 0 0
938 2 0.2791365683078766 0 0
939 2 0.27949514985084534 0 0
940 2 0.27986517548561096 0 0
941 2 0.28024664521217346 0 0
942 2 0.28063955903053284 0 0
943 2 0.2810439169406891 0 0
944 2 0.2814597189426422 0 0
945 2 0.2818869650363922 0 0
946 2 0.2823256552219391 0 0
947 2 0.28277578949928284 0 0
948 2 0.28323736786842346 0 0
949 2 0.28371039032936096 0 0
950 2 0.28419485688209534 0 0
951 2 0.2846907675266266 0 0
952 2 0.2851981222629547 0 0
953 2 0.2857169210910797 0 0
954 2 0.2862471640110016 0 0
955 2 0.28678885102272034 0 0
956 2 0.28734198212623596 0 0
957 2 0.28790655732154846 0 0
958 2 0.2886582612991333 0 0
959 2 0.2892533540725708 0 0
960 2 0.2898637056350708 0 0
961 2 0.2904893159866333 0 0
962 2 0.2911301851272583 0 0
963 2 0.2917863130569458 0 0
964 2 0.2923434376716614 0 0
965 2 0.2924271523952484 0 0
966 2 0.2925153076648712 0 0
967 2 0.2925153076648712 0 0
968 2 0.2925153076648712 0 0
969 0 0.2925153076648712 0 0
970 0 0.2925153076648712 0 0
971 0 0.2925153076648712 0 0
972 0 0.2925153076648712 0 0
973 0 0.2925153076648712 0 0
974 0 0.2925153076648712 0 0
975 0 0.2925153076648712 0 0
976 0 0.2925153076648712 0 0
977 0 0.2925153076648712 0 0
978 0 0.2925153076648712 0 0
979 0 0.2925153076648712 0 0
980 0 0.2925153076648712 0 0
981 1 0.2925153076648712 0 0
982 1 0.29225972294807434 0 0
983 1 0.2919926941394806 0 0
984 1 0.29171422123908997 0 0
985 1 0.29142430424690247 0 0
986 1 0.2911229431629181 0 0
987 1 0.29081013798713684 0 0
988 1 0.2904858887195587 0 0
989 1 0.2901501953601837 0 0
990 1 0.28980305790901184 0 0
991 1 0.2894444763660431 0 0
992 1 0.28907445073127747 0 0
993 1 0.28869298100471497 0 0
994 1 0.2883000671863556 0 0
995 1 0.28789570927619934 0 0
996 1 0.2874799072742462 0 0
997 1 0.2870526611804962 0 0
998 1 0.28661397099494934 0 0
999 1 0.2861638367176056 0 0
1000 1 0.28570225834846497 0 0
1001 1 0.28522923588752747 0 0
1002 1 0.2847447693347931 0 0
1003 1 0.28424885869026184 0 0
1004 17 0.2837415039539337 0 0
1005 17 0.2832227051258087 0 0
1006 17 0.28269246220588684 0 0
1007 17 0.2821507751941681 0 0
1008 17 0.28159764409065247 0 0
1009 17 0.28103306889533997 0 0
1010 17 0.2806251049041748 0 0
1011 17 0.2800300121307373 0 0
1012 17 0.2794196605682373 0 0
1013 17 0.2787940502166748 0 0
1014 17 0.2781531810760498 0 0
1015 17 0.2774970531463623 0 0
1016 17 0.2768256664276123 0 0
1017 17 0.2761390209197998 0 0
1018 17 0.2754371166229248 0 0
1019 17 0.2747199535369873 0 0
1020 17 0.2739875316619873 0 0
1021 17 0.2732398509979248 0 0
1022 17 0.27265655994415283 0 0
1023 17 0.272484689950943 0 0
1024 17 0.272484689950943 0 0
1025 17 0.272484689950943 0 0
1026 16 0.272484689950943 0 0
1027 0 0.272484689950943 0 0
1028 0 0.272484689950943 0 0
1029 0 0.27224627137184143 0 0
1030 0 0.2720250189304352 0 0
1031 0 0.27182093262672424 0 0
1032 0 0.2716340124607086 0 0
1033 1 0.272484689950943 0 0
1034 1 0.272484689950943 0 0
1035 1 0.272484689950943 0 0
1036 1 0.272484689950943 0 0
1037 1 0.272484689950943 0 0
1038 1 0.272484689950943 0 0
1039 0 0.272484689950943 0 0
1040 0 0.272484689950943 0 0
1041 0 0.272484689950943 0 0
1042 0 0.272484689950943 0 0
1043 0 0.272484689950943 0 0
1044 0 0.272484689950943 0 0
1045 0 0.272484689950943 0 0
1046 0 0.272484689950943 0 0
1047 0 0.272484689950943 0 0
1048 0 0.272484689950943 0 0
1049 2 0.272484689950943 0 0
1050 2 0.27274027466773987 0 0
1051 2 0.2730073034763336 0 0
1052 2 0.27328577637672424 0 0
1053 2 0.27357569336891174 0 0
1054 2 0.2738770544528961 0 0
1055 2 0.27418985962867737 0 0
1056 2 0.2745141088962555 0 0
1057 2 0.2748498022556305 0 0
1058 2 0.27519693970680237 0 0
1059 2 0.2755555212497711 0 0
1060 2 0.27592554688453674 0 0
1061 2 0.27630701661109924 0 0
1062 2 0.2766999304294586 0 0
1063 2 0.27710428833961487 0 0
1064 2 0.27751532196998596 0 0
1065 2 0.27751532196998596 0 0
1066 2 0.27751532196998596 0 0
1067 18 0.27751532196998596 0 0
1068 18 0.27751532196998596 0 0
1069 18 0.27751532196998596 0 0
1070 18 0.27751532196998596 0 0
1071 18 0.27751532196998596 0 0
1072 18 0.27781668305397034 0 0
1073 2 0.2781294882297516 0 0
1074 2 0.2784537374973297 0 0
1075 2 0.2787894308567047 0 0
1076 2 0.2791365683078766 0 0
1077 2 0.27949514985084534 0 0
1078 2 0.27986517548561096 0 0
1079 2 0.28024664521217346 0 0
1080 2 0.28063955903053284 0 0
1081 2 0.2810439169406891 0 0
1082 2 0.2814597189426422 0 0
1083 2 0.2818869650363922 0 0
1084 2 0.2823256552219391 0 0
1085 2 0.28277578949928284 0 0
1086 2 0.28323736786842346 0 0
1087 2 0.28371039032936096 0 0
1088 2 0.28419485688209534 0 0
1089 2 0.2846907675266266 0 0
1090 2 0.2851981222629547 0 0
1091 2 0.2857169210910797 0 0
1092 2 0.2862471640110016 0 0
1093 2 0.28678885102272034 0 0
1094 2 0.28734198212623596 0 0
1095 2 0.28790655732154846 0 0
1096 2 0.2886582612991333 0 0
1097 2 0.2892533540725708 0 0
1098 2 0.2898637056350708 0 0
1099 2 0.2904893159866333 0 0
1100 2 0.2911301851272583 0 0
1101 2 0.2917863130569458 0 0
1102 2 0.2923434376716614 0 0
1103 2 0.2924271523952484 0 0
1104 2 0.2925153076648712 0 0
1105 0 0.2925153076648712 0 0
1106 0 0.2925153076648712 0 0
1107 0 0.2925153076648712 0 0
1108 0 0.2925153076648712 0 0
1109 0 0.2925153076648712 0 0
1110 0 0.2925153076648712 0 0
1111 0 0.2925153076648712 0 0
1112 0 0.2925153076648712 0 0
1113 0 0.2925153076648712 0 0
1114 0 0.2925153076648712 0 0
1115 0 0.2925153076648712 0 0
1116 0 0.2925153076648712 0 0
1117 0 0.2925153076648712 0 0
1118 0 0.2925153076648712 0 0
1119 0 0.2925153076648712 0 0
1120 0 0.2925153076648712 0 0
1121 0 0.2925153076648712 0 0
1122 0 0.2925153076648712 0 0
1123 0 0.2925153076648712 0 0
1124 0 0.2925153076648712 0 0
1125 0 0.2925153076648712 0 0
1126 0 0.2925153076648712 0 0
1127 0 0.2925153076648712 0 0
1128 0 0.2925153076648712 0 0
1129 0 0.2925153076648712 0 0
1130 0 0.2925153076648712 0 0
1131 0 0.2925153076648712 0 0
1132 0 0.2925153076648712 0 0
1133 0 0.2925153076648712 0 0
1134 0 0.2925153076648712 0 0
1135 0 0.2925153076648712 0 0
1136 0 0.2925153076648712 0 0
1137 0 0.2925153076648712 0 0
1138 0 0.2925153076648712 0 0
1139 1 0.2925153076648712 0 0
1140 1 0.29225972294807434 0 0
1141 1 0.2919926941394806 0 0
1142 1 0.29171422123908997 0 0
1143 1 0.29142430424690247 0 0
1144 1 0.2911229431629181 0 0
1145 1 0.29081013798713684 0 0
1146 1 0.2904858887195587 0 0
1147 1 0.2901501953601837 0 0
1148 1 0.28980305790901184 0 0
1149 1 0.2894444763660431 0 0
1150 1 0.28907445073127747 0 0
1151 1 0.28869298100471497 0 0
1152 1 0.2883000671863556 0 0
1153 1 0.28789570927619934 0 0
1154 1 0.2874799072742462 0 0
1155 1 0.2870526611804962 0 0
1156 1 0.28661397099494934 0 0
1157 1 0.2861638367176056 0 0
1158 1 0.28570225834846497 0 0
1159 17 0.28522923588752747 0 0
1160 17 0.2847447693347931 0 0
1161 17 0.28424885869026184 0 0
1162 17 0.2837415039539337 0 0
1163 17 0.2832227051258087 0 0
1164 17 0.28269246220588684 0 0
1165 17 0.2821507751941681 0 0
1166 17 0.28159764409065247 0 0
1167 17 0.28103306889533997 0 0
1168 17 0.2806251049041748 0 0
1169 17 0.2800300121307373 0 0
1170 17 0.2794196605682373 0 0
1171 17 0.2787940502166748 0 0
1172 17 0.2781531810760498 0 0
1173 17 0.2774970531463623 0 0
1174 17 0.2768256664276123 0 0
1175 17 0.2761390209197998 0 0
1176 17 0.2754371166229248 0 0
1177 17 0.2747199535369873 0 0
1178 17 0.2739875316619873 0 0
1179 17 0.2732398509979248 0 0
1180 17 0.27265655994415283 0 0
1181 17 0.272484689950943 0 0
1182 17 0.272484689950943 0 0
1183 17 0.272484689950943 0 0
1184 17 0.272484689950943 0 0
1185 17 0.2721833288669586 0 0
1186 17 0.27187052369117737 0 0
1187 16 0.27154627442359924 0 0
1188 16 0.27123919129371643 0 0
1189 0 0.27094927430152893 0 0
1190 0 0.27067652344703674 0 0
1191 0 0.27042093873023987 0 0
1192 0 0.2701825201511383 0 0
1193 0 0.26996126770973206 0 0
1194 0 0.26996126770973206 0 0
1195 0 0.26996126770973206 0 0
1196 0 0.26996126770973206 0 0
1197 0 0.26996126770973206 0 0
1198 0 0.26996126770973206 0 0
1199 0 0.26996126770973206 0 0
1200 0 0.26996126770973206 0 0
1201 17 0.26996126770973206 0 0
1202 17 0.2697056829929352 0 0
1203 17 0.26943865418434143 0 0
1204 17 0.2691601812839508 0 0
1205 17 0.2688702642917633 0 0
1206 17 0.26856890320777893 0 0
1207 17 0.2682560980319977 0 0
1208 17 0.26793184876441956 0 0
1209 16 0.26759615540504456 0 0
1210 16 0.26727762818336487 0 0
1211 0 0.2669762670993805 0 0
1212 0 0.26669207215309143 0 0
1213 0 0.2664250433444977 0 0
1214 0 0.26617518067359924 0 0
1215 0 0.2659424841403961 0 0
1216 0 0.2657269537448883 0 0
1217 0 0.2655285894870758 0 0
1218 0 0.2653473913669586 0 0
1219 0 0.26518335938453674 0 0
1220 0 0.2650364935398102 0 0
1221 0 0.26490679383277893 0 0
1222 0 0.264794260263443 0 0
1223 0 0.26469889283180237 0 0
1224 0 0.26462069153785706 0 0
1225 0 0.26455965638160706 0 0
1226 0 0.26451578736305237 0 0
1227 0 0.264489084482193 0 0
1228 0 0.26447954773902893 0 0
1229 0 0.2644871771335602 0 0
1230 0 0.2644776403903961 0 0
1231 0 0.26448526978492737 0 0
1232 0 0.2644757330417633 0 0
1233 0 0.26448336243629456 0 0
1234 0 0.2644738256931305 0 0
1235 0 0.26448145508766174 0 0
1236 0 0.2644719183444977 0 0
1237 0 0.26447954773902893 0 0
1238 0 0.26447001099586487 0 0
1239 0 0.2644776403903961 0 0
1240 0 0.26446810364723206 0 0
1241 0 0.2644757330417633 0 0
1242 0 0.26446619629859924 0 0
1243 0 0.2644738256931305 0 0
1244 0 0.26446428894996643 0 0
1245 0 0.2644719183444977 0 0
1246 0 0.2644623816013336 0 0
1247 0 0.26447001099586487 0 0
1248 0 0.2644604742527008 0 0
1249 0 0.26446810364723206 0 0
1250 0 0.264458566904068 0 0
1251 0 0.26446619629859924 0 0
1252 0 0.2644566595554352 0 0
1253 0 0.26446428894996643 0 0
1254 0 0.26445475220680237 0 0
1255 0 0.2644623816013336 0 0
1256 0 0.26445284485816956 0 0
1257 0 0.2644604742527008 0 0
1258 0 0.26445093750953674 0 0
1259 0 0.264458566904068 0 0
1260 0 0.26444903016090393 0 0
1261 0 0.2644566595554352 0 0
1262 0 0.2644471228122711 0 0
1263 0 0.26445475220680237 0 0
1264 0 0.2644452154636383 0 0
1265 1 0.26445284485816956 0 0
1266 1 0.2641972601413727 0 0
1267 1 0.26393023133277893 0 0
1268 1 0.2636517584323883 0 0
1269 1 0.2633618414402008 0 0
1270 1 0.26306048035621643 0 0
1271 1 0.2627476751804352 0 0
1272 1 0.26242342591285706 0 0
1273 1 0.26208773255348206 0 0
1274 1 0.2617405951023102 0 0
1275 1 0.26138201355934143 0 0
1276 1 0.2610119879245758 0 0
1277 1 0.2606305181980133 0 0
1278 1 0.26023760437965393 0 0
1279 1 0.2598332464694977 0 0
1280 1 0.25941744446754456 0 0
1281 1 0.25899019837379456 0 0
1282 1 0.2585515081882477 0 0
1283 1 0.25810137391090393 0 0
1284 1 0.2576397955417633 0 0
1285 1 0.2571667730808258 0 0
1286 1 0.25668230652809143 0 0
1287 1 0.2561863958835602 0 0
1288 1 0.25567904114723206 0 0
1289 17 0.25516024231910706 0 0
1290 17 0.2546299993991852 0 0
1291 17 0.25408831238746643 0 0
1292 17 0.2535351812839508 0 0
1293 17 0.2529706060886383 0 0
1294 17 0.25256264209747314 0 0
1295 17 0.25196754932403564 0 0
1296 17 0.25135719776153564 0 0
1297 17 0.25073158740997314 0 0
1298 17 0.25009071826934814 0 0
1299 17 0.24943459033966064 0 0
1300 17 0.24876320362091064 0 0
1301 17 0.24807655811309814 0 0
1302 17 0.24737465381622314 0 0
1303 17 0.24665749073028564 0 0
1304 17 0.24592506885528564 0 0
1305 17 0.24517738819122314 0 0
1306 17 0.24441444873809814 0 0
1307 17 0.24363625049591064 0 0
1308 17 0.24284279346466064 0 0
1309 17 0.2420615404844284 0 0
1310 17 0.24128028750419617 0 0
1311 17 0.24049903452396393 0 0
1312 17 0.2397177815437317 0 0
1313 17 0.23893654346466064 0 0
1314 17 0.2381552904844284 0 0
1315 17 0.23737403750419617 0 0
1316 17 0.23659278452396393 0 0
1317 17 0.2358115315437317 0 0
1318 17 0.23503029346466064 0 0
1319 1 0.2342490404844284 0 0
1320 1 0.23346778750419617 0 0
1321 1 0.23268653452396393 0 0
1322 1 0.2319052815437317 0 0
1323 1 0.23112404346466064 0 0
1324 1 0.2303427904844284 0 0
1325 1 0.22956153750419617 0 0
1326 1 0.22878028452396393 0 0
1327 1 0.2279990315437317 0 0
1328 1 0.22721779346466064 0 0
1329 1 0.2264365404844284 0 0
1330 1 0.22565528750419617 0 0
1331 1 0.22487403452396393 0 0
1332 1 0.2240927815437317 0 0
1333 1 0.22331154346466064 0 0
1334 1 0.2225302904844284 0 0
1335 1 0.22174903750419617 0 0
1336 1 0.22096778452396393 0 0
1337 1 0.2201865315437317 0 0
1338 1 0.21940529346466064 0 0
1339 1 0.2186240404844284 0 0
1340 1 0.21784278750419617 0 0
1341 1 0.21706153452396393 0 0
1342 1 0.2162802815437317 0 0
1343 1 0.21549904346466064 0 0
1344 1 0.2147177904844284 0 0
1345 1 0.21393653750419617 0 0
1346 1 0.21315528452396393 0 0
1347 1 0.2123740315437317 0 0
1348 1 0.21159279346466064 0 0
1349 1 0.2108115404844284 0 0
1350 1 0.21003028750419617 0 0
1351 1 0.20924903452396393 0 0
1352 1 0.2084677815437317 0 0
1353 1 0.20768654346466064 0 0
1354 1 0.2069052904844284 0 0
1355 1 0.20612403750419617 0 0
1356 1 0.20534278452396393 0 0
1357 1 0.2045615315437317 0 0
1358 1 0.20378029346466064 0 0
1359 1 0.2029990404844284 0 0
1360 1 0.20221778750419617 0 0
1361 1 0.20143653452396393 0 0
1362 1 0.2006552815437317 0 0
1363 1 0.19987404346466064 0 0
1364 1 0.1990927904844284 0 0
1365 1 0.19831153750419617 0 0
1366 1 0.19753028452396393 0 0
1367 1 0.1967490315437317 0 0
1368 1 0.19596779346466064 0 0
1369 1 0.1951865404844284 0 0
1370 1 0.19440528750419617 0 0
1371 1 0.19362403452396393 0 0
1372 1 0.1928427815437317 0 0
1373 1 0.19206154346466064 0 0
1374 1 0.1912802904844284 0 0
1375 1 0.19049903750419617 0 0
1376 1 0.18971778452396393 0 0
1377 1 0.1889365315437317 0 0
1378 1 0.18815529346466064 0 0
1379 1 0.1873740404844284 0 0
1380 1 0.18659278750419617 0 0
1381 1 0.18581153452396393 0 0
1382 1 0.1850302815437317 0 0
1383 1 0.18424904346466064 0 0
1384 1 0.1834677904844284 0 0
1385 1 0.18268653750419617 0 0
1386 1 0.18190528452396393 0 0
1387 1 0.1811240315437317 0 0
1388 1 0.18034279346466064 0 0
1389 1 0.1795615404844284 0 0
1390 1 0.17878028750419617 0 0
1391 1 0.17799903452396393 0 0
1392 1 0.1772177815437317 0 0
1393 1 0.17643654346466064 0 0
1394 1 0.1756552904844284 0 0
1395 1 0.17487403750419617 0 0
1396 1 0.17409278452396393 0 0
1397 1 0.1733115315437317 0 0
1398 1 0.17253029346466064 0 0
1399 1 0.1717490404844284 0 0
1400 1 0.17096778750419617 0 0
1401 1 0.17018653452396393 0 0
1402 1 0.1694052815437317 0 0
1403 1 0.16862404346466064 0 0
1404 1 0.1678427904844284 0 0
1405 1 0.16706153750419617 0 0
1406 1 0.16628028452396393 0 0
1407 1 0.16585978865623474 0 0
1408 1 0.1658606380224228 0 0
1409 1 0.16507938504219055 0 0
1410 1 0.1642981320619583 0 0
1411 1 0.16351687908172607 0 0
1412 1 0.16273564100265503 0 0
1413 1 0.1619543880224228 0 0
1414 1 0.16117313504219055 0 0
1415 0 0.1603918820619583 0 0
1416 0 0.1596277952194214 0 0
1417 0 0.15888088941574097 0 0
1418 0 0.15815113484859467 0 0
1419 0 0.15743854641914368 0 0
1420 0 0.156743124127388 0 0
1421 0 0.15606486797332764 0 0
1422 2 0.15540379285812378 0 0
1423 2 0.15476559102535248 0 0
1424 2 0.15415027737617493 0 0
1425 2 0.15355785191059113 0 0
1426 2 0.15298831462860107 0 0
1427 0 0.15244168043136597 0 0
1428 0 0.15174032747745514 0 0
1429 0 0.15122801065444946 0 0
1430 2 0.1507328599691391 0 0
1431 2 0.15026059746742249 0 0
1432 2 0.14981122314929962 0 0
1433 2 0.1493847519159317 0 0
1434 2 0.14898115396499634 0 0
1435 2 0.14860044419765472 0 0
1436 2 0.14824262261390686 0 0
1437 2 0.14790768921375275 0 0
1438 2 0.14759565889835358 0 0
1439 2 0.14730650186538696 0 0
1440 2 0.1470402330160141 0 0
1441 2 0.14679685235023499 0 0
1442 2 0.14705243706703186 0 0
1443 2 0.1473194658756256 0 0
1444 2 0.14759793877601624 0 0
1445 2 0.14788785576820374 0 0
1446 2 0.1481892168521881 0 0
1447 2 0.14850202202796936 0 0
1448 2 0.14882627129554749 0 0
1449 2 0.14916196465492249 0 0
1450 2 0.14950910210609436 0 0
1451 0 0.1498676836490631 0 0
1452 0 0.15020909905433655 0 0
1453 0 0.15053334832191467 0 0
1454 0 0.15084043145179749 0 0
1455 0 0.15113034844398499 0 0
1456 0 0.15140309929847717 0 0
1457 0 0.15165868401527405 0 0
1458 0 0.1518971025943756 0 0
1459 0 0.1518971025943756 0 0
1460 0 0.1518971025943756 0 0
1461 0 0.1518971025943756 0 0
1462 0 0.1518971025943756 0 0
1463 0 0.1518971025943756 0 0
1464 0 0.1518971025943756 0 0
1465 0 0.1518971025943756 0 0
1466 0 0.1518971025943756 0 0
1467 0 0.1518971025943756 0 0
1468 0 0.1518971025943756 0 0
1469 0 0.1518971025943756 0 0
1470 0 0.1518971025943756 0 0
1471 0 0.1518971025943756 0 0
1472 0 0.15217603743076324 0 1
1472 0 0.15217603743076324 0 1
