data/levels/bonus2/level15.stl
1 0 0.009991071186959743 0 0
2 0 0.009991071186959743 0 0
3 0 0.009991071186959743 0 0
4 0 0.009991071186959743 0 0
5 0 0.009991071186959743 0 0
6 0 0.009991071186959743 0 0
7 0 0.009991071186959743 0 0
8 0 0.009991071186959743 0 0
9 0 0.009991071186959743 0 0
10 0 0.009991071186959743 0 0
11 0 0.009991071186959743 0 0
12 0 0.009991071186959743 0 0
13 0 0.009991071186959743 0 0
14 0 0.009991071186959743 0 0
15 0 0.009991071186959743 0 0
16 0 0.009991071186959743 0 0
17 0 0.009991071186959743 0 0
18 0 0.009991071186959743 0 0
19 0 0.009991071186959743 0 0
20 0 0.009991071186959743 0 0
21 0 0.009991071186959743 0 0
22 0 0.009991071186959743 0 0
23 0 0.009991071186959743 0 0
24 0 0.009991071186959743 0 0
25 0 0.009991071186959743 0 0
26 0 0.009991071186959743 0 0
27 0 0.009991071186959743 0 0
28 0 0.009991071186959743 0 0
29 0 0.009991071186959743 0 0
30 0 0.009991071186959743 0 0
31 0 0.009991071186959743 0 0
32 0 0.009991071186959743 0 0
33 0 0.009991071186959743 0 0
34 0 0.009991071186959743 0 0
35 2 0.009991071186959743 0 0
36 2 0.010137120261788368 0 0
37 2 0.010289708152413368 0 0
38 2 0.010448834858834743 0 0
39 2 0.010614502243697643 0 0
40 2 0.010786708444356918 0 0
41 2 0.010965454392135143 0 0
42 2 0.011150739155709743 0 0
43 2 0.011342564597725868 0 0
44 2 0.011540927924215794 0 0
45 2 0.011745831929147243 0 0
46 2 0.011957274749875069 0 0
47 2 0.012175257317721844 0 0
48 2 0.012399779632687569 0 0
49 2 0.012630841694772243 0 0
50 2 0.012868442572653294 0 0
51 2 0.013112583197653294 0 0
52 2 0.013363263569772243 0 0
53 2 0.013620482757687569 0 0
54 2 0.013884241692721844 0 0
55 2 0.014154540374875069 0 0
56 2 0.014431378804147243 0 0
57 2 0.014714756049215794 0 0
58 2 0.015004673041403294 0 0
59 2 0.015301129780709743 0 0
60 2 0.015604125335812569 0 0
61 2 0.01591366156935692 0 0
62 2 0.01622973568737507 0 0
63 2 0.01655234955251217 0 0
64 18 0.01698189787566662 0 0
65 18 0.017321951687335968 0 0
66 18 0.017670724540948868 0 0
67 18 0.018028216436505318 0 0
68 18 0.018394427374005318 0 0
69 18 0.018769357353448868 0 0
70 18 0.019153006374835968 0 0
71 18 0.01954537443816662 0 0
72 18 0.019946463406085968 0 0
73 2 0.020356271415948868 0 0
74 0 0.020774798467755318 0 0
75 0 0.021183514967560768 0 0
76 0 0.02158242277801037 0 0
77 0 0.02197152189910412 0 0
78 0 0.022350812330842018 0 0
79 0 0.022720294073224068 0 0
80 0 0.023079965263605118 0 0
81 0 0.023429827764630318 0 0
82 0 0.023769879713654518 0 0
83 0 0.02410012297332287 0 0
84 0 0.02442055754363537 0 0
85 0 0.02463296800851822 0 0
86 0 0.02493378520011902 0 0
87 0 0.02522479183971882 0 0
88 0 0.02550598978996277 0 0
89 0 0.02577737718820572 0 0
90 0 0.02603895775973797 0 0
91 0 0.02629072777926922 0 0
92 0 0.02653268724679947 0 0
93 0 0.02676483988761902 0 0
94 0 0.02698718197643757 0 0
95 0 0.02719971537590027 0 0
96 0 0.02740243822336197 0 0
97 0 0.02759535424411297 0 0
98 0 0.02777845971286297 0 0
99 0 0.02795175462961197 0 0
100 0 0.02811524271965027 0 0
101 0 0.02826892025768757 0 0
102 0 0.02841278910636902 0 0
103 0 0.02854684740304947 0 0
104 0 0.02867109887301922 0 0
105 0 0.02878553979098797 0 0
106 0 0.02889017015695572 0 0
107 0 0.02898499369621277 0 0
108 0 0.02907000668346882 0 0
109 0 0.02907000668346882 0 0
110 0 0.02907000668346882 0 0
111 0 0.02907000668346882 0 0
112 0 0.02907000668346882 0 0
113 0 0.02907000668346882 0 0
114 2 0.02907000668346882 0 0
115 2 0.02921605482697487 0 0
116 18 0.02936864271759987 0 0
117 18 0.02952777035534382 0 0
118 18 0.02969343774020672 0 0
119 18 0.02986564300954342 0 0
120 18 0.03004438988864422 0 0
121 18 0.03022967465221882 0 0
122 18 0.03042149916291237 0 0
123 18 0.03061986342072487 0 0
124 18 0.03082476742565632 0 0
125 18 0.03103621117770672 0 0
126 18 0.03125419467687607 0 0
127 18 0.03147871419787407 0 0
128 18 0.03170977905392647 0 0
129 18 0.03194737806916237 0 0
130 18 0.03219151869416237 0 0
131 18 0.03244220092892647 0 0
132 18 0.03269941732287407 0 0
133 18 0.03296317905187607 0 0
134 2 0.03323347494006157 0 0
135 2 0.03351031616330147 0 0
136 2 0.03379369154572487 0 0
137 2 0.03408360853791237 0 0
138 2 0.03438006713986397 0 0
139 2 0.03468305990099907 0 0
140 2 0.03499259799718857 0 0
141 2 0.03530867025256157 0 0
142 2 0.03563128784298897 0 0
143 2 0.03606083616614342 0 0
144 2 0.03640088811516762 0 0
145 2 0.03674966096878052 0 0
146 2 0.03710715100169182 0 0
147 2 0.03747336193919182 0 0
148 2 0.03784829378128052 0 0
149 2 0.03823194280266762 0 0
150 2 0.03862431272864342 0 0
151 2 0.03902539983391762 0 0
152 2 0.03943520784378052 0 0
153 2 0.03985373303294182 0 0
154 2 0.04028097912669182 0 0
155 2 0.04071694612503052 0 0
156 2 0.04116163030266762 0 0
157 2 0.04161503538489342 0 0
158 2 0.0420614629983902 0 0
159 2 0.04250789061188698 0 0
160 2 0.04295431822538376 0 0
161 2 0.04340074956417084 0 0
162 2 0.04384717717766762 0 0
163 2 0.044196248054504395 0 0
164 2 0.044642675668001175 0 0
165 2 0.045089107006788254 0 0
166 2 0.045535534620285034 0 0
167 2 0.045981962233781815 0 0
168 2 0.046428389847278595 0 0
169 2 0.046874821186065674 0 0
170 2 0.047321248799562454 0 0
171 2 0.047767676413059235 0 0
172 2 0.048214104026556015 0 0
173 2 0.048660535365343094 0 0
174 2 0.049106962978839874 0 0
175 2 0.049553390592336655 0 0
176 2 0.0499105341732502 0 0
177 2 0.04995836690068245 0 0
178 2 0.05000875145196915 0 0
179 2 0.05000875145196915 0 0
180 2 0.05000875145196915 0 0
181 2 0.05000875145196915 0 0
182 2 0.05000875145196915 0 0
183 2 0.05000875145196915 0 0
184 2 0.05000875145196915 0 0
185 2 0.05000875145196915 0 0
186 2 0.05000875145196915 0 0
187 2 0.05000875145196915 0 0
188 2 0.05000875145196915 0 0
189 2 0.05000875145196915 0 0
190 2 0.05000875145196915 0 0
191 2 0.05000875145196915 0 0
192 2 0.05000875145196915 0 0
193 2 0.05000875145196915 0 0
194 2 0.05000875145196915 0 0
195 2 0.05000875145196915 0 0
196 2 0.05000875145196915 0 0
197 2 0.05000875145196915 0 0
198 2 0.05000875145196915 0 0
199 2 0.05000875145196915 0 0
200 18 0.05000875145196915 0 0
201 18 0.05000875145196915 0 0
202 18 0.05000875145196915 0 0
203 18 0.05000875145196915 0 0
204 2 0.05000875145196915 0 0
205 2 0.05018095672130585 0 0
206 2 0.05035970360040665 0 0
207 2 0.05054498836398125 0 0
208 2 0.050736814737319946 0 0
209 2 0.050935178995132446 0 0
210 2 0.05114008113741875 0 0
211 2 0.05135152488946915 0 0
212 2 0.05156950652599335 0 0
213 2 0.05179402977228165 0 0
214 2 0.05202509090304375 0 0
215 2 0.052262693643569946 0 0
216 2 0.052506834268569946 0 0
217 2 0.05275751277804375 0 0
218 2 0.05301473289728165 0 0
219 2 0.0528658963739872 0 0
220 2 0.0528658963739872 0 0
221 2 0.0528658963739872 0 0
222 2 0.0528658963739872 0 0
223 2 0.0528658963739872 0 0
224 2 0.0528658963739872 0 0
225 2 0.0528658963739872 0 0
226 2 0.0528658963739872 0 0
227 2 0.0528658963739872 0 0
228 2 0.0528658963739872 0 0
229 2 0.0528658963739872 0 0
230 2 0.0528658963739872 0 0
231 2 0.0528658963739872 0 0
232 2 0.0528658963739872 0 0
233 2 0.0528658963739872 0 0
234 18 0.0528658963739872 0 0
235 18 0.0528658963739872 0 0
236 18 0.0528658963739872 0 0
237 18 0.0528658963739872 0 0
238 2 0.0528658963739872 0 0
239 2 0.0530381016433239 0 0
240 2 0.0532168485224247 0 0
241 2 0.0534021332859993 0 0
242 2 0.0535939559340477 0 0
243 2 0.0537923201918602 0 0
244 2 0.0539972260594368 0 0
245 2 0.0542086698114872 0 0
246 2 0.0544266514480114 0 0
247 2 0.0546511746942997 0 0
248 2 0.0548822358250618 0 0
249 2 0.0551198348402977 0 0
250 2 0.0553639754652977 0 0
251 2 0.0556146577000618 0 0
252 2 0.0558718778192997 0 0
253 2 0.05572303757071495 0 0
254 2 0.05572303757071495 0 0
255 2 0.05572303757071495 0 0
256 2 0.05572303757071495 0 0
257 2 0.05572303757071495 0 0
258 2 0.05572303757071495 0 0
259 2 0.05572303757071495 0 0
260 2 0.05572303757071495 0 0
261 2 0.05572303757071495 0 0
262 2 0.05572303757071495 0 0
263 2 0.05572303757071495 0 0
264 2 0.05572303757071495 0 0
265 2 0.05572303757071495 0 0
266 2 0.05572303757071495 0 0
267 2 0.05572303757071495 0 0
268 2 0.05572303757071495 0 0
269 2 0.05572303757071495 0 0
270 18 0.05572303757071495 0 0
271 18 0.05572303757071495 0 0
272 18 0.05572303757071495 0 0
273 18 0.05572303757071495 0 0
274 2 0.05572303757071495 0 0
275 2 0.05589524284005165 0 0
276 2 0.05607398971915245 0 0
277 2 0.05625927448272705 0 0
278 2 0.05645110085606575 0 0
279 2 0.05664946511387825 0 0
280 2 0.05685436725616455 0 0
281 2 0.05706581100821495 0 0
282 2 0.05728379264473915 0 0
283 2 0.05750831589102745 0 0
284 2 0.05773937702178955 0 0
285 2 0.05797697976231575 0 0
286 2 0.05822112038731575 0 0
287 2 0.05847179889678955 0 0
288 2 0.05872901901602745 0 0
289 2 0.05899277701973915 0 0
290 2 0.05926307663321495 0 0
291 2 0.05953991413116455 0 0
292 2 0.05982329323887825 0 0
293 2 0.06011321023106575 0 0
294 2 0.06040966510772705 0 0
295 2 0.06071266159415245 0 0
296 2 0.06102219596505165 0 0
297 2 0.06133827194571495 0 0
298 2 0.06166088581085205 0 0
299 2 0.0620904341340065 0 0
300 2 0.0624304860830307 0 0
301 2 0.0627792552113533 0 0
302 2 0.0631367489695549 0 0
303 2 0.0635029599070549 0 0
304 2 0.0638778880238533 0 0
305 2 0.0642615407705307 0 0
306 2 0.0646539106965065 0 0
307 2 0.0650549978017807 0 0
308 2 0.0654648020863533 0 0
309 2 0.0658833310008049 0 0
310 2 0.0663105770945549 0 0
311 2 0.0667465403676033 0 0
312 18 0.0671912282705307 0 0
313 18 0.0676446333527565 0 0
314 18 0.06809105724096298 0 0
315 18 0.06853748857975006 0 0
316 18 0.06898391991853714 0 0
317 18 0.06943034380674362 0 0
318 18 0.0698767751455307 0 0
319 18 0.07032320648431778 0 0
320 18 0.07076963037252426 0 0
321 18 0.07121606171131134 0 0
322 18 0.07166248559951782 0 0
323 18 0.0721089169383049 0 0
324 2 0.07255534827709198 0 0
325 2 0.07300177216529846 0 0
326 2 0.07344820350408554 0 0
327 2 0.07389463484287262 0 0
328 2 0.0743410587310791 0 0
329 2 0.07478749006986618 0 0
330 2 0.07523391395807266 0 0
331 2 0.07568034529685974 0 0
332 2 0.07612677663564682 0 0
333 2 0.0765732005238533 0 0
334 2 0.07701963186264038 0 0
335 2 0.07746606320142746 0 0
336 2 0.07791248708963394 0 0
337 2 0.07835891842842102 0 0
338 2 0.0788053423166275 0 0
339 2 0.07925177365541458 0 0
340 2 0.07969820499420166 0 0
341 2 0.08014462888240814 0 0
342 2 0.08059106022119522 0 0
343 2 0.0810374915599823 0 0
344 2 0.08148391544818878 0 0
345 2 0.08193034678697586 0 0
346 2 0.08237677067518234 0 0
347 2 0.08282320201396942 0 0
348 2 0.0832696333527565 0 0
349 2 0.08371605724096298 0 0
350 2 0.08416248857975006 0 0
351 2 0.08460891991853714 0 0
352 0 0.08505534380674362 0 0
353 0 0.08549196273088455 0 0
354 0 0.08591877669095993 0 0
355 0 0.08633577823638916 0 0
356 0 0.08674296736717224 0 0
357 1 0.08714035153388977 0 0
358 1 0.0875246524810791 0 0
359 1 0.08789587765932083 0 0
360 1 0.08825402706861496 0 0
361 1 0.08859909325838089 0 0
362 1 0.08893107622861862 0 0
363 1 0.0892467200756073 0 0
364 1 0.08945106714963913 0 0
365 1 0.08974054455757141 0 0
366 1 0.09001694619655609 0 0
367 1 0.09028027206659317 0 0
368 1 0.09053051471710205 0 0
369 1 0.09076768159866333 0 0
370 1 0.09099176526069641 0 0
371 1 0.09120277315378189 0 0
372 1 0.09140070527791977 0 0
373 1 0.09158555418252945 0 0
374 1 0.09175731986761093 0 0
375 1 0.09191600978374481 0 0
376 1 0.09206162393093109 0 0
377 1 0.09219416230916977 0 0
378 1 0.09204810857772827 0 0
379 1 0.09189552068710327 0 0
380 1 0.09173639863729477 0 0
381 1 0.09157072752714157 0 0
382 1 0.09139852225780487 0 0
383 1 0.09121977537870407 0 0
384 1 0.09103449434041977 0 0
385 1 0.09084266424179077 0 0
386 1 0.09064429998397827 0 0
387 1 0.09043940156698227 0 0
388 1 0.09022795408964157 0 0
389 1 0.09000997245311737 0 0
390 1 0.08978544920682907 0 0
391 1 0.08955439180135727 0 0
392 1 0.08931678533554077 0 0
393 1 0.08907264471054077 0 0
394 1 0.08882196992635727 0 0
395 0 0.08856474608182907 0 0
396 0 0.08831733465194702 0 0
397 0 0.08807973563671112 0 0
398 0 0.08785194158554077 0 0
399 0 0.08763395994901657 0 0
400 0 0.08742579072713852 0 0
401 0 0.08722742646932602 0 0
402 0 0.08703886717557907 0 0
403 0 0.08686012029647827 0 0
404 0 0.08669118583202362 0 0
405 0 0.08653205633163452 0 0
406 0 0.08638273924589157 0 0
407 0 0.08624323457479477 0 0
408 0 0.08611353486776352 0 0
409 0 0.08599364012479782 0 0
410 0 0.08599364012479782 0 0
411 0 0.08599364012479782 0 0
412 0 0.08599364012479782 0 0
413 0 0.08599364012479782 0 0
414 0 0.08599364012479782 0 0
415 0 0.08599364012479782 0 0
416 0 0.08599364012479782 0 0
417 2 0.08599364012479782 0 0
418 2 0.08613968640565872 0 0
419 18 0.08629227429628372 0 0
420 18 0.08645140379667282 0 0
421 18 0.08661707490682602 0 0
422 18 0.08678928017616272 0 0
423 18 0.08696802705526352 0 0
424 18 0.08715330809354782 0 0
425 18 0.08734513074159622 0 0
426 18 0.08754349499940872 0 0
427 18 0.08774840086698532 0 0
428 18 0.08795984834432602 0 0
429 18 0.08817782998085022 0 0
430 18 0.08840235322713852 0 0
431 18 0.08863341063261032 0 0
432 18 0.08887100964784622 0 0
433 18 0.08911515027284622 0 0
434 18 0.08936583250761032 0 0
435 18 0.08962305635213852 0 0
436 2 0.08988681435585022 0 0
437 2 0.09015711396932602 0 0
438 2 0.09043394774198532 0 0
439 2 0.09071732312440872 0 0
440 2 0.09100724011659622 0 0
441 2 0.09130369871854782 0 0
442 2 0.09160669893026352 0 0
443 2 0.09191623330116272 0 0
444 2 0.09223230928182602 0 0
445 2 0.09255491942167282 0 0
446 2 0.09298446774482727 0 0
447 2 0.09332451969385147 0 0
448 2 0.09367328882217407 0 0
449 2 0.09403078258037567 0 0
450 2 0.09439699351787567 0 0
451 2 0.09477192163467407 0 0
452 2 0.09515557438135147 0 0
453 2 0.09554794430732727 0 0
454 2 0.09594903141260147 0 0
455 2 0.09635883569717407 0 0
456 2 0.09677736461162567 0 0
457 2 0.09720461070537567 0 0
458 2 0.09764057397842407 0 0
459 2 0.09808526188135147 0 0
460 2 0.09853866696357727 0 0
461 2 0.09898509085178375 0 0
462 2 0.09943152219057083 0 0
463 2 0.09987795352935791 0 0
464 2 0.10032437741756439 0 0
465 2 0.10077080875635147 0 0
466 2 0.10121724009513855 0 0
467 2 0.10166366398334503 0 0
468 2 0.10211009532213211 0 0
469 2 0.10255651921033859 0 0
470 2 0.10300295054912567 0 0
471 2 0.10344938188791275 0 0
472 2 0.10389580577611923 0 0
473 2 0.10434223711490631 0 0
474 2 0.10478866845369339 0 0
475 2 0.10523509234189987 0 0
476 2 0.10568152368068695 0 0
477 2 0.10612795501947403 0 0
478 2 0.10657437890768051 0 0
479 2 0.10702081024646759 0 0
480 2 0.10746723413467407 0 0
481 2 0.10791366547346115 0 0
482 2 0.10836009681224823 0 0
483 2 0.10880652070045471 0 0
484 2 0.10925295203924179 0 0
485 2 0.10969938337802887 0 0
486 2 0.11014580726623535 0 0
487 2 0.11059223860502243 0 0
488 2 0.11103866249322891 0 0
489 2 0.11148509383201599 0 0
490 2 0.11193152517080307 0 0
491 2 0.11237794905900955 0 0
492 2 0.11282438039779663 0 0
493 2 0.11327081173658371 0 0
494 2 0.11371723562479019 0 0
495 2 0.11416366696357727 0 0
496 2 0.11461009085178375 0 0
497 2 0.11505652219057083 0 0
498 2 0.11550295352935791 0 0
499 2 0.11594937741756439 0 0
500 2 0.11639580875635147 0 0
501 2 0.11684224009513855 0 0
502 2 0.11728866398334503 0 0
503 2 0.11773509532213211 0 0
504 2 0.11818151921033859 0 0
505 2 0.11862795054912567 0 0
506 2 0.11907438188791275 0 0
507 2 0.11952080577611923 0 0
508 2 0.11996723711490631 0 0
509 2 0.12041366845369339 0 0
510 2 0.12086009234189987 0 0
511 2 0.12130652368068695 0 0
512 2 0.12175295501947403 0 0
513 2 0.12219937890768051 0 0
514 2 0.12264581024646759 0 0
515 2 0.12309223413467407 0 0
516 2 0.12353866547346115 0 0
517 2 0.12398509681224823 0 0
518 2 0.12443152070045471 0 0
519 2 0.12487795203924179 0 0
520 2 0.12532438337802887 0 0
521 2 0.12577080726623535 0 0
522 2 0.12621723115444183 0 0
523 2 0.1266636699438095 0 0
524 2 0.127110093832016 0 0
525 2 0.12755651772022247 0 0
526 2 0.12800295650959015 0 0
527 2 0.12844938039779663 0 0
528 2 0.1288958042860031 0 0
529 2 0.1293422430753708 0 0
530 2 0.12978866696357727 0 0
531 2 0.13023509085178375 0 0
532 2 0.13068152964115143 0 0
533 2 0.1311279535293579 0 0
534 2 0.1315743774175644 0 0
535 2 0.13202080130577087 0 0
536 2 0.13246724009513855 0 0
537 2 0.13291366398334503 0 0
538 2 0.1333600878715515 0 0
539 2 0.1338065266609192 0 0
540 2 0.13425295054912567 0 0
541 2 0.13469937443733215 0 0
542 2 0.13514581322669983 0 0
543 2 0.1355922371149063 0 0
544 2 0.1360386610031128 0 0
545 2 0.13648509979248047 0 0
546 2 0.13693152368068695 0 0
547 2 0.13737794756889343 0 0
548 2 0.1378243863582611 0 0
549 2 0.1382708102464676 0 0
550 2 0.13871723413467407 0 0
551 2 0.13916367292404175 0 0
552 2 0.13961009681224823 0 0
553 2 0.1400565207004547 0 0
554 18 0.1405029445886612 0 0
555 18 0.14094938337802887 0 0
556 18 0.14139580726623535 0 0
557 18 0.14184223115444183 0 0
558 18 0.1422886699438095 0 0
559 18 0.142735093832016 0 0
560 18 0.14318151772022247 0 0
561 18 0.14362795650959015 0 0
562 18 0.14407438039779663 0 0
563 18 0.1445208042860031 0 0
564 18 0.1449672430753708 0 0
565 18 0.14541366696357727 0 0
566 16 0.14586009085178375 0 0
567 0 0.14629670977592468 0 0
568 1 0.14672352373600006 0 0
569 1 0.14713725447654724 0 0
570 1 0.14753790199756622 0 0
571 1 0.1479254812002182 0 0
572 1 0.14829997718334198 0 0
573 1 0.14866138994693756 0 0
574 1 0.14900971949100494 0 0
575 1 0.14934498071670532 0 0
576 1 0.1496671587228775 0 0
577 1 0.14997626841068268 0 0
578 1 0.1501740664243698 0 0
579 1 0.1504570096731186 0 0
580 1 0.15072686970233917 0 0
581 1 0.15098366141319275 0 0
582 1 0.15122736990451813 0 0
583 0 0.1514579951763153 0 0
584 0 0.15167880058288574 0 0
585 0 0.15188981592655182 0 0
586 1 0.15209101140499115 0 0
587 1 0.15227912366390228 0 0
588 1 0.1524541676044464 0 0
589 1 0.15261612832546234 0 0
590 1 0.15276500582695007 0 0
591 1 0.1529008150100708 0 0
592 1 0.1527547687292099 0 0
593 1 0.1526021808385849 0 0
594 1 0.1524430513381958 0 0
595 1 0.1522773802280426 0 0
596 0 0.1521051824092865 0 0
597 0 0.15194277465343475 0 0
598 0 0.15179018676280975 0 0
599 0 0.1516474187374115 0 0
600 0 0.1515144407749176 0 0
601 0 0.15139128267765045 0 0
602 0 0.15127792954444885 0 0
603 0 0.151174396276474 0 0
604 0 0.1510806530714035 0 0
605 0 0.15099672973155975 0 0
606 2 0.15092262625694275 0 0
607 2 0.15106867253780365 0 0
608 2 0.15122126042842865 0 0
609 2 0.15138038992881775 0 0
610 2 0.15154604613780975 0 0
611 2 0.15171825885772705 0 0
612 2 0.15189699828624725 0 0
613 2 0.15208229422569275 0 0
614 2 0.15227411687374115 0 0
615 2 0.15247248113155365 0 0
616 2 0.15267738699913025 0 0
617 2 0.15288881957530975 0 0
618 2 0.15310680866241455 0 0
619 2 0.15333132445812225 0 0
620 0 0.15356239676475525 0 0
621 0 0.1537836492061615 0 0
622 0 0.153995081782341 0 0
623 0 0.15419672429561615 0 0
624 2 0.15438854694366455 0 0
625 2 0.15458691120147705 0 0
626 2 0.15479181706905365 0 0
627 2 0.15500326454639435 0 0
628 2 0.15522123873233795 0 0
629 2 0.15544576942920685 0 0
630 2 0.15567682683467865 0 0
631 2 0.15591442584991455 0 0
632 2 0.15615856647491455 0 0
633 2 0.15640924870967865 0 0
634 2 0.15666647255420685 0 0
635 2 0.15693022310733795 0 0
636 18 0.15720053017139435 0 0
637 18 0.15747736394405365 0 0
638 18 0.15776073932647705 0 0
639 18 0.15805065631866455 0 0
640 18 0.15834711492061615 0 0
641 18 0.15865011513233185 0 0
642 18 0.15895964205265045 0 0
643 18 0.15927572548389435 0 0
644 2 0.15959833562374115 0 0
645 2 0.160027876496315 0 0
646 0 0.1603679358959198 0 0
647 1 0.16069817543029785 0 0
648 1 0.1610153466463089 0 0
649 1 0.1612212210893631 0 0
650 1 0.16151222586631775 0 0
651 1 0.1617901474237442 0 0
652 0 0.16205500066280365 0 0
653 0 0.16231003403663635 0 0
654 0 0.1625552624464035 0 0
655 0 0.1627906858921051 0 0
656 0 0.16301630437374115 0 0
657 0 0.16323210299015045 0 0
658 2 0.1634380966424942 0 0
659 2 0.16365063190460205 0 0
660 2 0.163869708776474 0 0
661 2 0.16409531235694885 0 0
662 2 0.164327472448349 0 0
663 0 0.16456615924835205 0 0
664 0 0.16479504108428955 0 0
665 0 0.1650141179561615 0 0
666 1 0.1652233749628067 0 0
667 1 0.1654195636510849 0 0
668 1 0.1656026691198349 0 0
669 1 0.1657726913690567 0 0
670 1 0.1659296452999115 0 0
671 1 0.1660735160112381 0 0
672 1 0.1662043035030365 0 0
673 1 0.1660582572221756 0 0
674 1 0.1659056693315506 0 0
675 1 0.1657465398311615 0 0
676 0 0.1655808687210083 0 0
677 0 0.16542501747608185 0 0
678 0 0.16527895629405975 0 0
679 0 0.1651427298784256 0 0
680 0 0.1651427298784256 0 0
681 0 0.1651427298784256 0 0
682 0 0.1651427298784256 0 0
683 0 0.1651427298784256 0 0
684 0 0.1651427298784256 0 0
685 0 0.1651427298784256 0 0
686 0 0.1651427298784256 0 0
687 2 0.1651427298784256 0 0
688 2 0.1652887761592865 0 0
689 2 0.1654413640499115 0 0
690 2 0.1656004935503006 0 0
691 2 0.1657661497592926 0 0
692 2 0.1659383624792099 0 0
693 2 0.1661171019077301 0 0
694 2 0.1663023978471756 0 0
695 2 0.166494220495224 0 0
696 2 0.1666925847530365 0 0
697 2 0.1668974906206131 0 0
698 2 0.1671089231967926 0 0
699 18 0.1673269122838974 0 0
700 18 0.1675514280796051 0 0
701 18 0.1677825003862381 0 0
702 18 0.168020099401474 0 0
703 18 0.168264240026474 0 0
704 18 0.1685149222612381 0 0
705 18 0.1687721312046051 0 0
706 18 0.1690358966588974 0 0
707 18 0.1693061888217926 0 0
708 18 0.1695830374956131 0 0
709 18 0.1698664128780365 0 0
710 18 0.170156329870224 0 0
711 18 0.1704527884721756 0 0
712 18 0.1707557737827301 0 0
713 18 0.1710653156042099 0 0
714 18 0.1713813841342926 0 0
715 18 0.1717040091753006 0 0
716 18 0.17213355004787445 0 0
717 18 0.17247360944747925 0 0
718 18 0.17282237112522125 0 0
719 18 0.17317986488342285 0 0
720 18 0.17354607582092285 0 0
721 18 0.17392100393772125 0 0
722 2 0.17430466413497925 0 0
723 2 0.17469702661037445 0 0
724 2 0.17509812116622925 0 0
725 2 0.17550791800022125 0 0
726 2 0.17592644691467285 0 0
727 2 0.17635369300842285 0 0
728 2 0.17678965628147125 0 0
729 2 0.17723435163497925 0 0
730 2 0.17768774926662445 0 0
731 2 0.17813417315483093 0 0
732 2 0.1785806119441986 0 0
733 2 0.1790270358324051 0 0
734 2 0.17947345972061157 0 0
735 2 0.17991989850997925 0 0
736 2 0.18036632239818573 0 0
737 2 0.1808127462863922 0 0
738 2 0.1812591701745987 0 0
739 2 0.18170560896396637 0 0
740 2 0.18215203285217285 0 0
741 2 0.18259845674037933 0 0
742 2 0.183044895529747 0 0
743 2 0.1834913194179535 0 0
744 2 0.18393774330615997 0 0
745 2 0.18438418209552765 0 0
746 2 0.18483060598373413 0 0
747 2 0.1852770298719406 0 0
748 2 0.1857234686613083 0 0
749 2 0.18616989254951477 0 0
750 2 0.18661631643772125 0 0
751 2 0.18706275522708893 0 0
752 2 0.1875091791152954 0 0
753 2 0.1879556030035019 0 0
754 2 0.18840202689170837 0 0
755 2 0.18884846568107605 0 0
756 2 0.18929488956928253 0 0
757 2 0.189741313457489 0 0
758 2 0.1901877522468567 0 0
759 2 0.19063417613506317 0 0
760 2 0.19108060002326965 0 0
761 2 0.19152703881263733 0 0
762 18 0.1919734627008438 0 0
763 18 0.1924198865890503 0 0
764 18 0.19286632537841797 0 0
765 18 0.19331274926662445 0 0
766 18 0.19375917315483093 0 0
767 18 0.1942056119441986 0 0
768 18 0.1946520358324051 0 0
769 18 0.19509845972061157 0 0
770 2 0.19554489850997925 0 0
771 2 0.19599132239818573 0 0
772 2 0.1964377462863922 0 0
773 2 0.1968841701745987 0 0
774 0 0.19733060896396637 0 0
775 0 0.1977672278881073 0 0
776 0 0.19819404184818268 0 0
777 0 0.1986110359430313 0 0
778 0 0.1990182250738144 0 0
779 0 0.19941560924053192 0 0
780 0 0.1998031884431839 0 0
781 0 0.20018094778060913 0 0
782 0 0.2005489021539688 0 0
783 0 0.20090705156326294 0 0
784 0 0.20125538110733032 0 0
785 1 0.20159390568733215 0 0
786 1 0.20191936194896698 0 0
787 1 0.2022317349910736 0 0
788 1 0.2024328112602234 0 0
789 1 0.20271903276443481 0 0
790 0 0.20299215614795685 0 0
791 0 0.20325548946857452 0 0
792 0 0.20350900292396545 0 0
793 0 0.20375269651412964 0 0
794 0 0.20398660004138947 0 0
795 0 0.20421068370342255 0 0
796 0 0.20442496240139008 0 0
797 0 0.20462943613529205 0 0
798 0 0.20482409000396729 0 0
799 0 0.20500893890857697 0 0
800 0 0.2051839828491211 0 0
801 0 0.20534920692443848 0 0
802 0 0.2055046260356903 0 0
803 0 0.2056502401828766 0 0
804 0 0.20578604936599731 0 0
805 0 0.20578604936599731 0 0
806 2 0.20578604936599731 0 0
807 2 0.20593209564685822 0 0
808 2 0.20608468353748322 0 0
809 2 0.20624381303787231 0 0
810 2 0.20640946924686432 0 0
811 2 0.20658168196678162 0 0
812 18 0.20676042139530182 0 0
813 18 0.20694571733474731 0 0
814 18 0.20713753998279572 0 0
815 18 0.20733590424060822 0 0
816 18 0.20754081010818481 0 0
817 18 0.20775224268436432 0 0
818 18 0.20797023177146912 0 0
819 18 0.20819474756717682 0 0
820 18 0.20842581987380981 0 0
821 18 0.20866341888904572 0 0
822 18 0.20890755951404572 0 0
823 18 0.20915824174880981 0 0
824 18 0.20941545069217682 0 0
825 18 0.20967921614646912 0 0
826 18 0.20994950830936432 0 0
827 18 0.21022635698318481 0 0
828 18 0.21050973236560822 0 0
829 18 0.21079964935779572 0 0
830 18 0.21109610795974731 0 0
831 18 0.21139909327030182 0 0
832 18 0.21170863509178162 0 0
833 18 0.21202470362186432 0 0
834 18 0.21234732866287231 0 0
835 18 0.21277685463428497 0 0
836 18 0.21311691403388977 0 0
837 18 0.21346569061279297 0 0
838 18 0.21382316946983337 0 0
839 18 0.21418938040733337 0 0
840 18 0.21456432342529297 0 0
841 18 0.21494796872138977 0 0
842 2 0.21534033119678497 0 0
843 2 0.21574142575263977 0 0
844 2 0.21615123748779297 0 0
845 0 0.21656975150108337 0 0
846 0 0.21697847545146942 0 0
847 0 0.21737737953662872 0 0
848 0 0.21776647865772247 0 0
849 0 0.21814577281475067 0 0
850 0 0.21851524710655212 0 0
851 0 0.21887493133544922 0 0
852 0 0.21922478079795837 0 0
853 0 0.21956484019756317 0 0
854 0 0.21989507973194122 0 0
855 0 0.22021551430225372 0 0
856 0 0.22042794525623322 0 0
857 0 0.22072875499725342 0 0
858 0 0.22101975977420807 0 0
859 0 0.22130095958709717 0 0
860 0 0.22157235443592072 0 0
861 0 0.22183392941951752 0 0
862 0 0.22208569943904877 0 0
863 0 0.22232766449451447 0 0
864 1 0.22255980968475342 0 0
865 1 0.22277888655662537 0 0
866 1 0.22298488020896912 0 0
867 1 0.22317779064178467 0 0
868 1 0.22335763275623322 0 0
869 1 0.22352439165115356 0 0
870 0 0.22367806732654572 0 0
871 0 0.22382193803787231 0 0
872 0 0.22395598888397217 0 0
873 0 0.22408024966716766 0 0
874 0 0.2241946905851364 0 0
875 0 0.2241946905851364 0 0
876 0 0.2241946905851364 0 0
877 0 0.2241946905851364 0 0
878 0 0.2241946905851364 0 0
879 0 0.2241946905851364 0 0
880 0 0.2241946905851364 0 0
881 0 0.2241946905851364 0 0
882 0 0.2241946905851364 0 0
883 0 0.2241946905851364 0 0
884 0 0.2241946905851364 0 0
885 0 0.2241946905851364 0 0
886 0 0.2241946905851364 0 0
887 0 0.2241946905851364 0 0
888 2 0.2241946905851364 0 0
889 2 0.22434073686599731 0 0
890 2 0.22449332475662231 0 0
891 2 0.2246524542570114 0 0
892 2 0.22481811046600342 0 0
893 2 0.22499032318592072 0 0
894 2 0.22516906261444092 0 0
895 2 0.2253543585538864 0 0
896 2 0.22554618120193481 0 0
897 2 0.22574454545974731 0 0
898 2 0.2259494513273239 0 0
899 2 0.22616088390350342 0 0
900 2 0.22637887299060822 0 0
901 18 0.22660338878631592 0 0
902 18 0.2268344610929489 0 0
903 18 0.22707206010818481 0 0
904 18 0.22731620073318481 0 0
905 18 0.2275668829679489 0 0
906 18 0.22782409191131592 0 0
907 18 0.22808785736560822 0 0
908 18 0.22835814952850342 0 0
909 18 0.2286349982023239 0 0
910 18 0.22891837358474731 0 0
911 18 0.22920829057693481 0 0
912 18 0.2295047491788864 0 0
913 18 0.22980773448944092 0 0
914 18 0.23011727631092072 0 0
915 18 0.23043334484100342 0 0
916 2 0.2307559698820114 0 0
917 2 0.23118549585342407 0 0
918 0 0.23152555525302887 0 0
919 0 0.23185579478740692 0 0
920 0 0.23217622935771942 0 0
921 2 0.2323886603116989 0 0
922 2 0.23270581662654877 0 0
923 2 0.2330295294523239 0 0
924 2 0.23346014320850372 0 0
925 2 0.23380129039287567 0 0
926 2 0.23415115475654602 0 0
927 2 0.23450973629951477 0 0
928 2 0.23487703502178192 0 0
929 2 0.23525305092334747 0 0
930 0 0.23563779890537262 0 0
931 0 0.23601272702217102 0 0
932 0 0.23637785017490387 0 0
933 0 0.23673315346240997 0 0
934 2 0.23707866668701172 0 0
935 2 0.23743288218975067 0 0
936 2 0.23779582977294922 0 0
937 2 0.23816747963428497 0 0
938 2 0.23854786157608032 0 0
939 2 0.23893696069717407 0 0
940 2 0.23933477699756622 0 0
941 2 0.23974132537841797 0 0
942 2 0.24015657603740692 0 0
943 0 0.24058055877685547 0 0
944 0 0.24099472165107727 0 0
945 0 0.24139907956123352 0 0
946 0 0.24179363250732422 0 0
947 0 0.24217836558818817 0 0
948 0 0.24255329370498657 0 0
949 0 0.24291841685771942 0 0
950 0 0.24327373504638672 0 0
951 0 0.24361923336982727 0 0
952 2 0.24395492672920227 0 0
953 2 0.24429933726787567 0 0
954 2 0.24465246498584747 0 0
955 2 0.24501432478427887 0 0
956 2 0.24538488686084747 0 0
957 2 0.24576418101787567 0 0
958 2 0.24615219235420227 0 0
959 2 0.24654892086982727 0 0
960 2 0.24695436656475067 0 0
961 2 0.24736852943897247 0 0
962 18 0.24779142439365387 0 0
963 18 0.24822302162647247 0 0
964 18 0.24866335093975067 0 0
965 18 0.24911239743232727 0 0
966 18 0.24955882132053375 0 0
967 18 0.25000524520874023 0 0
968 18 0.2504516839981079 0 0
969 18 0.2508981227874756 0 0
970 2 0.2513445317745209 0 0
971 2 0.25179097056388855 0 0
972 2 0.2522374093532562 0 0
973 2 0.2526838183403015 0 0
974 0 0.2531302571296692 0 0
975 0 0.2535668611526489 0 0
976 0 0.2539936900138855 0 0
977 0 0.25441068410873413 0 0
978 0 0.2548178732395172 0 0
979 0 0.25521525740623474 0 0
980 1 0.2556028366088867 0 0
981 1 0.2559773325920105 0 0
982 0 0.2563387453556061 0 0
983 0 0.2566903531551361 0 0
984 0 0.2570321559906006 0 0
985 0 0.2573641240596771 0 0
986 0 0.2576863169670105 0 0
987 0 0.25799867510795593 0 0
988 0 0.25820302963256836 0 0
989 0 0.2584957778453827 0 0
990 0 0.25858017802238464 0 0
991 0 0.25858017802238464 0 0
992 0 0.25858017802238464 0 0
993 0 0.25858017802238464 0 0
994 0 0.25858017802238464 0 0
995 0 0.25858017802238464 0 0
996 0 0.25858017802238464 0 0
997 0 0.25858017802238464 0 0
998 0 0.25858017802238464 0 0
999 0 0.25858017802238464 0 0
1000 0 0.25858017802238464 0 0
1001 0 0.25858017802238464 0 0
1002 0 0.25858017802238464 0 0
1003 0 0.25858017802238464 0 0
1004 2 0.25858017802238464 0 0
1005 2 0.25872623920440674 0 0
1006 2 0.25887882709503174 0 0
1007 2 0.25903794169425964 0 0
1008 2 0.25920361280441284 0 0
1009 2 0.25937584042549133 0 0
1010 2 0.25955456495285034 0 0
1011 2 0.25973984599113464 0 0
1012 2 0.25993168354034424 0 0
1013 2 0.26013004779815674 0 0
1014 2 0.26033493876457214 0 0
1015 2 0.26054638624191284 0 0
1016 2 0.26076439023017883 0 0
1017 2 0.26098889112472534 0 0
1018 2 0.26121994853019714 0 0
1019 2 0.26145756244659424 0 0
1020 2 0.26170170307159424 0 0
1021 2 0.26195237040519714 0 0
1022 2 0.26220959424972534 0 0
1023 2 0.26247337460517883 0 0
1024 2 0.26274365186691284 0 0
1025 2 0.26302048563957214 0 0
1026 18 0.26330387592315674 0 0
1027 18 0.26359379291534424 0 0
1028 18 0.26389023661613464 0 0
1029 18 0.26419323682785034 0 0
1030 18 0.26450279355049133 0 0
1031 18 0.26481884717941284 0 0
1032 18 0.26514145731925964 0 0
1033 18 0.2655709981918335 0 0
1034 18 0.2659110724925995 0 0
1035 18 0.2662598192691803 0 0
1036 18 0.2666173279285431 0 0
1037 18 0.2669835388660431 0 0
1038 18 0.2673584520816803 0 0
1039 18 0.2677421271800995 0 0
1040 18 0.2681344747543335 0 0
1041 18 0.2685355842113495 0 0
1042 18 0.2689453661441803 0 0
1043 18 0.2693639099597931 0 0
1044 18 0.2697911560535431 0 0
1045 18 0.2702271044254303 0 0
1046 18 0.2706718146800995 0 0
1047 18 0.2711251974105835 0 0
1048 18 0.27157163619995117 0 0
1049 18 0.27201807498931885 0 0
1050 18 0.27246448397636414 0 0
1051 18 0.2729109227657318 0 0
1052 18 0.2733573615550995 0 0
1053 18 0.2738037705421448 0 0
1054 2 0.27425020933151245 0 0
1055 2 0.2746966481208801 0 0
1056 2 0.2751430571079254 0 0
1057 2 0.2755894958972931 0 0
1058 2 0.2760359048843384 0 0
1059 2 0.27648234367370605 0 0
1060 2 0.27692878246307373 0 0
1061 0 0.277375191450119 0 0
1062 0 0.27781182527542114 0 0
1063 0 0.2782386243343353 0 0
1064 0 0.27865564823150635 0 0
1065 0 0.27906283736228943 0 0
1066 0 0.27946022152900696 0 0
1067 0 0.27984777092933655 0 0
1068 1 0.280225545167923 0 0
1069 1 0.2805902361869812 0 0
1070 1 0.28094184398651123 0 0
1071 1 0.28128036856651306 0 0
1072 1 0.2816058099269867 0 0
1073 1 0.28191816806793213 0 0
1074 1 0.2821192741394043 0 0
1075 1 0.2824054956436157 0 0
1076 1 0.28267860412597656 0 0
1077 0 0.2829386591911316 0 0
1078 0 0.28318890929222107 0 0
1079 0 0.283429354429245 0 0
1080 0 0.283659964799881 0 0
1081 0 0.2838808000087738 0 0
1082 0 0.2840918004512787 0 0
1083 0 0.284292995929718 0 0
1084 1 0.2844843864440918 0 0
1085 1 0.2846626937389374 0 0
1086 1 0.28482791781425476 0 0
1087 1 0.28498008847236633 0 0
1088 1 0.2851191461086273 0 0
1089 1 0.2849731147289276 0 0
1090 1 0.2848205268383026 0 0
1091 0 0.2846613824367523 0 0
1092 0 0.28451207280158997 0 0
1093 0 0.28437256813049316 0 0
1094 0 0.2842428684234619 0 0
1095 0 0.2842428684234619 0 0
1096 0 0.2842428684234619 0 0
1097 0 0.2842428684234619 0 0
1098 0 0.2842428684234619 0 0
1099 0 0.2842428684234619 0 0
1100 0 0.2842428684234619 0 0
1101 0 0.2842428684234619 0 0
1102 0 0.2842428684234619 0 0
1103 2 0.2842428684234619 0 0
1104 2 0.2843888998031616 0 0
1105 2 0.2845414876937866 0 0
1106 2 0.2847006320953369 0 0
1107 2 0.2848663032054901 0 0
1108 18 0.2850385010242462 0 0
1109 18 0.2852172553539276 0 0
1110 18 0.2854025363922119 0 0
1111 18 0.2855943441390991 0 0
1112 18 0.2857927083969116 0 0
1113 18 0.2859976291656494 0 0
1114 18 0.2862090766429901 0 0
1115 18 0.2864270508289337 0 0
1116 18 0.2866515815258026 0 0
1117 18 0.2868826389312744 0 0
1118 18 0.2871202230453491 0 0
1119 18 0.2873643636703491 0 0
1120 2 0.2876150608062744 0 0
1121 2 0.2878722846508026 0 0
1122 2 0.2881360352039337 0 0
1123 2 0.2884063422679901 0 0
1124 2 0.2886831760406494 0 0
1125 2 0.2889665365219116 0 0
1126 2 0.2892564535140991 0 0
1127 2 0.2895529270172119 0 0
1128 2 0.2898559272289276 0 0
1129 2 0.2901654541492462 0 0
1130 2 0.2904815375804901 0 0
1131 2 0.2908041477203369 0 0
1132 2 0.2912336587905884 0 0
1133 2 0.29157373309135437 0 0
1134 2 0.29192250967025757 0 0
1135 2 0.292279988527298 0 0
1136 0 0.292646199464798 0 0
1137 0 0.2930026054382324 0 0
1138 0 0.2933492064476013 0 0
1139 0 0.2936859726905823 0 0
1140 0 0.29401296377182007 0 0
1141 0 0.2943301200866699 0 0
1142 0 0.29453927278518677 0 0
1143 0 0.2948368191719055 0 0
1144 0 0.2951245605945587 0 0
1145 0 0.29540249705314636 0 0
1146 0 0.29567059874534607 0 0
1147 0 0.2959289252758026 0 0
1148 0 0.2961774170398712 0 0
1149 0 0.29641610383987427 0 0
1150 0 0.29664498567581177 0 0
1151 0 0.2968640625476837 0 0
1152 0 0.2970733344554901 0 0
1153 0 0.29727277159690857 0 0
1154 0 0.29746243357658386 0 0
1155 0 0.2976422607898712 0 0
1156 0 0.297812283039093 0 0
1157 0 0.29797250032424927 0 0
1158 0 0.29812291264533997 0 0
1159 0 0.2982635200023651 0 0
1160 0 0.2983942925930023 0 0
1161 0 0.2983942925930023 0 0
1162 2 0.2983942925930023 0 0
1163 2 0.2985403537750244 0 0
1164 2 0.2986929416656494 0 0
1165 2 0.2988520562648773 0 0
1166 2 0.2990177273750305 0 0
1167 2 0.2991899251937866 0 0
1168 2 0.299368679523468 0 0
1169 2 0.2995539605617523 0 0
1170 2 0.2997457981109619 0 0
1171 2 0.2999441623687744 0 0
1172 2 0.3001490533351898 0 0
1173 2 0.3003605008125305 0 0
1174 0 0.3005784749984741 0 0
1175 0 0.3007866442203522 0 0
1176 0 0.3009850084781647 0 0
1177 0 0.3011735677719116 0 0
1178 0 0.301352322101593 0 0
1179 0 0.30152127146720886 0 0
1180 0 0.30168038606643677 0 0
1181 0 0.3018296957015991 0 0
1182 2 0.3019692003726959 0 0
1183 2 0.302115261554718 0 0
1184 2 0.302267849445343 0 0
1185 2 0.3024269640445709 0 0
1186 2 0.3025926351547241 0 0
1187 2 0.3027648627758026 0 0
1188 0 0.3029435873031616 0 0
1189 0 0.30311253666877747 0 0
1190 0 0.30327165126800537 0 0
1191 0 0.3034209907054901 0 0
1192 2 0.3035604953765869 0 0
1193 2 0.3037065267562866 0 0
1194 2 0.3038591146469116 0 0
1195 2 0.3040182590484619 0 0
1196 0 0.3041839301586151 0 0
1197 0 0.30433976650238037 0 0
1198 0 0.30448582768440247 0 0
1199 0 0.3046220541000366 0 0
1200 0 0.3046220541000366 0 0
1201 0 0.3046220541000366 0 0
1202 0 0.3046220541000366 0 0
1203 0 0.3046220541000366 0 0
1204 2 0.3046220541000366 0 0
1205 2 0.3047681152820587 0 0
1206 0 0.3049207031726837 0 0
1207 0 0.30506348609924316 0 0
1208 0 0.3051964342594147 0 0
1209 0 0.3051964342594147 0 0
1210 0 0.3051964342594147 0 0
1211 0 0.3051964342594147 0 0
1212 0 0.3051964342594147 0 0
1213 0 0.3051964342594147 0 0
1214 0 0.3051964342594147 0 0
1215 0 0.3051964342594147 0 0
1216 2 0.3051964342594147 0 0
1217 2 0.30534249544143677 0 0
1218 2 0.30549508333206177 0 0
1219 2 0.3056541979312897 0 0
1220 2 0.30581986904144287 0 0
1221 2 0.30599209666252136 0 0
1222 2 0.30617082118988037 0 0
1223 18 0.3063561022281647 0 0
1224 18 0.30654793977737427 0 0
1225 18 0.30674630403518677 0 0
1226 18 0.3069511950016022 0 0
1227 18 0.30716264247894287 0 0
1228 18 0.30738064646720886 0 0
1229 18 0.30760514736175537 0 0
1230 18 0.3078362047672272 0 0
1231 18 0.30807381868362427 0 0
1232 18 0.30831795930862427 0 0
1233 18 0.3085686266422272 0 0
1234 2 0.30882585048675537 0 0
1235 2 0.30908963084220886 0 0
1236 2 0.30935990810394287 0 0
1237 2 0.3096367418766022 0 0
1238 2 0.30992013216018677 0 0
1239 2 0.31021004915237427 0 0
1240 2 0.3105064928531647 0 0
1241 2 0.31080949306488037 0 0
1242 0 0.31111904978752136 0 0
1243 0 0.3114187717437744 0 0
1244 0 0.3117086887359619 0 0
1245 0 0.31198880076408386 0 0
1246 0 0.31225907802581787 0 0
1247 0 0.3125195801258087 0 0
1248 0 0.3127702474594116 0 0
1249 0 0.31301113963127136 0 0
1250 0 0.31324219703674316 0 0
1251 0 0.3134634494781494 0 0
1252 0 0.3136748969554901 0 0
1253 0 0.31387650966644287 0 0
1254 0 0.31406834721565247 0 0
1255 0 0.3142503499984741 0 0
1256 0 0.3144225776195526 0 0
1257 0 0.31458497047424316 0 0
1258 1 0.31473755836486816 0 0
1259 1 0.31487706303596497 0 0
1260 1 0.31500348448753357 0 0
1261 1 0.31485745310783386 0 0
1262 0 0.31470486521720886 0 0
1263 0 0.3145620822906494 0 0
1264 0 0.3144291043281555 0 0
1265 0 0.3143059313297272 0 0
1266 0 0.31419259309768677 0 0
1267 0 0.3140890598297119 0 0
1268 0 0.3139953315258026 0 0
1269 0 0.3139953315258026 0 0
1270 0 0.3139953315258026 0 0
1271 0 0.3139953315258026 0 0
1272 2 0.3139953315258026 0 0
1273 2 0.3141413629055023 0 0
1274 2 0.3142939507961273 0 0
1275 2 0.3144530951976776 0 0
1276 2 0.3146187365055084 0 0
1277 2 0.3147909641265869 0 0
1278 2 0.3149696886539459 0 0
1279 2 0.3151549994945526 0 0
1280 0 0.3153468072414398 0 0
1281 0 0.31552883982658386 0 0
1282 0 0.31570103764533997 0 0
1283 0 0.3158634305000305 0 0
1284 0 0.3160160183906555 0 0
1285 0 0.31615880131721497 0 0
1286 0 0.31629177927970886 0 0
1287 0 0.31629177927970886 0 0
1288 2 0.31629177927970886 0 0
1289 2 0.31643781065940857 0 0
1290 2 0.31659039855003357 0 0
1291 2 0.31674954295158386 0 0
1292 18 0.3169151842594147 0 0
1293 18 0.31708741188049316 0 0
1294 18 0.3172661364078522 0 0
1295 18 0.31745144724845886 0 0
1296 18 0.31764325499534607 0 0
1297 18 0.31784161925315857 0 0
1298 18 0.31804654002189636 0 0
1299 18 0.3182579576969147 0 0
1300 18 0.31847596168518066 0 0
1301 2 0.3187004625797272 0 0
1302 0 0.31893154978752136 0 0
1303 0 0.3191528022289276 0 0
1304 0 0.3193642199039459 0 0
1305 0 0.31956586241722107 0 0
1306 0 0.31975769996643066 0 0
1307 0 0.3199397027492523 0 0
1308 0 0.3201119005680084 0 0
1309 0 0.32027432322502136 0 0
1310 2 0.32042691111564636 0 0
1311 2 0.32058602571487427 0 0
1312 2 0.32075169682502747 0 0
1313 2 0.32092389464378357 0 0
1314 0 0.32110264897346497 0 0
1315 0 0.3212715685367584 0 0
1316 0 0.3214307129383087 0 0
1317 0 0.32158002257347107 0 0
1318 0 0.32171952724456787 0 0
1319 0 0.3218492269515991 0 0
1320 0 0.3219691216945648 0 0
1321 0 0.32207921147346497 0 0
1322 0 0.3221794664859772 0 0
1323 0 0.3222699463367462 0 0
1324 0 0.3223505914211273 0 0
1325 0 0.32242143154144287 0 0
1326 0 0.32248246669769287 0 0
1327 0 0.3225336968898773 0 0
1328 0 0.3225751221179962 0 0
1329 0 0.3226067125797272 0 0
1330 0 0.32262852787971497 0 0
1331 2 0.3226405084133148 0 0
1332 2 0.3227865695953369 0 0
1333 2 0.3229391574859619 0 0
1334 2 0.3230982720851898 0 0
1335 2 0.323263943195343 0 0
1336 2 0.3234361410140991 0 0
1337 2 0.3236148953437805 0 0
1338 0 0.3238001763820648 0 0
1339 0 0.32397565245628357 0 0
1340 0 0.32414132356643677 0 0
1341 0 0.3242971897125244 0 0
1342 0 0.3244432210922241 0 0
1343 0 0.32457947731018066 0 0
1344 0 0.32457947731018066 0 0
1345 0 0.32457947731018066 0 0
1346 0 0.32457947731018066 0 0
1347 0 0.32457947731018066 0 0
1348 0 0.32457947731018066 0 0
1349 0 0.32457947731018066 0 0
1350 0 0.32457947731018066 0 0
1351 0 0.32457947731018066 0 0
1352 0 0.32457947731018066 0 0
1353 0 0.32457947731018066 0 0
1354 0 0.32457947731018066 0 0
1355 0 0.32457947731018066 0 0
1356 0 0.32457947731018066 0 0
1357 0 0.32457947731018066 0 0
1358 0 0.32457947731018066 0 0
1359 0 0.32457947731018066 0 0
1360 0 0.32457947731018066 0 0
1361 0 0.32457947731018066 0 0
1362 0 0.32457947731018066 0 0
1363 0 0.32457947731018066 0 0
1364 0 0.32457947731018066 0 0
1365 0 0.32457947731018066 0 0
1366 0 0.32457947731018066 0 0
1367 0 0.32457947731018066 0 0
1368 0 0.32457947731018066 0 0
1369 0 0.32457947731018066 0 0
1370 0 0.32457947731018066 0 0
1371 0 0.32457947731018066 0 0
1372 0 0.32457947731018066 0 0
1373 0 0.32457947731018066 0 0
1374 0 0.32457947731018066 0 0
1375 0 0.32457947731018066 0 0
1376 0 0.32457947731018066 0 0
1377 0 0.32457947731018066 0 0
1378 0 0.32457947731018066 0 0
1379 0 0.32457947731018066 0 0
1380 2 0.32457947731018066 0 0
1381 2 0.32472550868988037 0 0
1382 2 0.32487809658050537 0 0
1383 2 0.32503724098205566 0 0
1384 2 0.32520291209220886 0 0
1385 2 0.32537510991096497 0 0
1386 2 0.32555386424064636 0 0
1387 18 0.32573914527893066 0 0
1388 18 0.32593095302581787 0 0
1389 18 0.32612931728363037 0 0
1390 18 0.32633423805236816 0 0
1391 18 0.32654568552970886 0 0
1392 18 0.32676365971565247 0 0
1393 18 0.32698819041252136 0 0
1394 18 0.32721924781799316 0 0
1395 18 0.32745683193206787 0 0
1396 18 0.32770097255706787 0 0
1397 18 0.32795166969299316 0 0
1398 18 0.32820889353752136 0 0
1399 2 0.32847264409065247 0 0
1400 2 0.32874295115470886 0 0
1401 2 0.32901978492736816 0 0
1402 2 0.32930314540863037 0 0
1403 2 0.32959306240081787 0 0
1404 2 0.32988953590393066 0 0
1405 2 0.33019253611564636 0 0
1406 2 0.33050206303596497 0 0
1407 2 0.33081814646720886 0 0
1408 2 0.33114075660705566 0 0
1409 2 0.33157026767730713 0 0
1410 2 0.3319103419780731 0 0
1411 2 0.3322591185569763 0 0
1412 2 0.3326165974140167 0 0
1413 2 0.3329828083515167 0 0
1414 2 0.3333577513694763 0 0
1415 2 0.3337413966655731 0 0
1416 2 0.33413374423980713 0 0
1417 2 0.3345348536968231 0 0
1418 2 0.3349446654319763 0 0
1419 2 0.3353631794452667 0 0
1420 0 0.3357904255390167 0 0
1421 0 0.33620786666870117 0 0
1422 0 0.33661550283432007 0 0
1423 0 0.337013304233551 0 0
1424 0 0.3374013304710388 0 0
1425 0 0.33777952194213867 0 0
1426 0 0.338147908449173 0 0
1427 0 0.3385064899921417 0 0
1428 0 0.3388552665710449 0 0
1429 0 0.33919423818588257 0 0
1430 1 0.3395233750343323 0 0
1431 1 0.33983945846557617 0 0
1432 0 0.3400442600250244 0 0
1433 0 0.3403374254703522 0 0
1434 1 0.34062081575393677 0 0
1435 1 0.3408878445625305 0 0
1436 1 0.34114179015159607 0 0
1437 1 0.3413826525211334 0 0
1438 0 0.34161046147346497 0 0
1439 0 0.34182843565940857 0 0
1440 1 0.3420366048812866 0 0
1441 1 0.34223172068595886 0 0
1442 0 0.3424137234687805 0 0
1443 0 0.3425859212875366 0 0
1444 1 0.3427483141422272 0 0
1445 1 0.3428976535797119 0 0
1446 1 0.34303387999534607 0 0
1447 1 0.34288784861564636 0 0
1448 1 0.34273526072502136 0 0
1449 1 0.34257611632347107 0 0
1450 1 0.34241044521331787 0 0
1451 1 0.34223824739456177 0 0
1452 1 0.34205949306488037 0 0
1453 1 0.34187421202659607 0 0
1454 1 0.34168240427970886 0 1
1454 1 0.34168240427970886 0 1
