data/levels/world2/Mouldy_Grotto.stl
1 0 0.022484373301267624 0 0
2 2 0.022484373301267624 0 0
3 2 0.0227399580180645 0 0
4 2 0.02300698682665825 0 0
5 2 0.023285459727048874 0 0
6 2 0.023575376719236374 0 0
7 2 0.02387673780322075 0 0
8 2 0.024189542979002 0 0
9 2 0.024513792246580124 0 0
10 0 0.024849485605955124 0 0
11 0 0.02516801282763481 0 0
12 0 0.025469373911619186 0 0
13 0 0.02575356885790825 0 0
14 0 0.026020597666502 0 0
15 0 0.026270460337400436 0 0
16 2 0.02650315687060356 0 0
17 2 0.026758741587400436 0 0
18 2 0.027025770395994186 0 0
19 2 0.02730424329638481 0 0
20 2 0.02759416028857231 0 0
21 2 0.027895521372556686 0 0
22 2 0.028208326548337936 0 0
23 2 0.02853257581591606 0 0
24 2 0.02886826917529106 0 0
25 2 0.029215406626462936 0 0
26 2 0.029573988169431686 0 0
27 2 0.02994401380419731 0 0
28 2 0.03032548353075981 0 0
29 2 0.030718397349119186 0 0
30 2 0.031122755259275436 0 0
31 2 0.03153855726122856 0 0
32 2 0.03196580335497856 0 0
33 2 0.032404493540525436 0 0
34 2 0.032854627817869186 0 0
35 2 0.03331620618700981 0 0
36 2 0.03378922864794731 0 0
37 2 0.034273695200681686 0 0
38 2 0.034769605845212936 0 0
39 2 0.03527696058154106 0 0
40 2 0.03579575940966606 0 0
41 2 0.036326002329587936 0 0
42 2 0.036867689341306686 0 0
43 2 0.03742082044482231 0 0
44 2 0.03798539564013481 0 0
45 2 0.03873710706830025 0 0
46 2 0.03933219984173775 0 0
47 2 0.03994255140423775 0 0
48 2 0.04056816175580025 0 0
49 2 0.04120903089642525 0 0
50 2 0.04186515882611275 0 0
51 2 0.04253654554486275 0 0
52 2 0.04322319105267525 0 0
53 2 0.04392509534955025 0 0
54 2 0.04464225843548775 0 0
55 2 0.04537468031048775 0 0
56 2 0.04612236097455025 0 0
57 2 0.04688530042767525 0 0
58 2 0.04766349866986275 0 0
59 2 0.04845695570111275 0 0
60 2 0.04923820495605469 0 0
61 2 0.05001945421099663 0 0
62 2 0.05080070346593857 0 0
63 2 0.05158195644617081 0 0
64 2 0.05236320570111275 0 0
65 2 0.05314445495605469 0 0
66 2 0.05392570421099663 0 0
67 2 0.05470695346593857 0 0
68 2 0.05548820644617081 0 0
69 2 0.05626945570111275 0 0
70 2 0.05705070495605469 0 0
71 2 0.05783195421099663 0 0
72 2 0.05861320346593857 0 0
73 2 0.05939445644617081 0 0
74 2 0.06017570570111275 0 0
75 2 0.06095695495605469 0 0
76 2 0.06173820421099663 0 0
77 2 0.06251945346593857 0 0
78 2 0.0633007064461708 0 0
79 2 0.06408195197582245 0 0
80 2 0.06486320495605469 0 0
81 2 0.06564445793628693 0 0
82 2 0.06642570346593857 0 0
83 2 0.0672069564461708 0 0
84 2 0.06798820197582245 0 0
85 2 0.06876945495605469 0 0
86 2 0.06955070793628693 0 0
87 2 0.07033195346593857 0 0
88 2 0.0711132064461708 0 0
89 2 0.07189445197582245 0 0
90 2 0.07267570495605469 0 0
91 2 0.07345695793628693 0 0
92 2 0.07423820346593857 0 0
93 2 0.0750194564461708 0 0
94 2 0.07580070197582245 0 0
95 2 0.07658195495605469 0 0
96 2 0.07736320793628693 0 0
97 2 0.07814445346593857 0 0
98 2 0.0789257064461708 0 0
99 2 0.07970695197582245 0 0
100 2 0.08048820495605469 0 0
101 2 0.08126945793628693 0 0
102 2 0.08205070346593857 0 0
103 2 0.0828319564461708 0 0
104 2 0.08361320197582245 0 0
105 2 0.08439445495605469 0 0
106 2 0.08517570793628693 0 0
107 2 0.08595695346593857 0 0
108 2 0.0867382064461708 0 0
109 2 0.08751945197582245 0 0
110 2 0.08830070495605469 0 0
111 2 0.08908195793628693 0 0
112 2 0.08986320346593857 0 0
113 2 0.0906444564461708 0 0
114 2 0.09142570197582245 0 0
115 2 0.09220695495605469 0 0
116 2 0.09298820793628693 0 0
117 2 0.09376945346593857 0 0
118 2 0.0945507064461708 0 0
119 2 0.09533195197582245 0 0
120 2 0.09611320495605469 0 0
121 2 0.09689445793628693 0 0
122 2 0.09767570346593857 0 0
123 2 0.0984569564461708 0 0
124 2 0.09923820197582245 0 0
125 2 0.10001945495605469 0 0
126 2 0.10080070793628693 0 0
127 0 0.10158195346593857 0 0
128 0 0.1023460403084755 0 0
129 0 0.10309295356273651 0 0
130 0 0.10382270812988281 0 0
131 0 0.1045352965593338 0 0
132 1 0.10523071140050888 0 0
133 1 0.1059032455086708 0 0
134 0 0.10655288398265839 0 0
135 0 0.10718536376953125 0 0
136 0 0.1078006774187088 0 0
137 0 0.10839881747961044 0 0
138 1 0.10897979885339737 0 0
139 1 0.10953788459300995 0 0
140 1 0.10990121960639954 0 0
141 1 0.11041352897882462 0 0
142 1 0.11090295761823654 0 0
143 1 0.11136949807405472 0 0
144 1 0.11181314289569855 0 0
145 1 0.11223390698432922 0 0
146 1 0.11263177543878555 0 0
147 1 0.11300676316022873 0 0
148 1 0.11335886269807816 0 0
149 1 0.11368806660175323 0 0
150 1 0.11399438977241516 0 0
151 1 0.11427781730890274 0 0
152 1 0.11453836411237717 0 0
153 1 0.11477602273225784 0 0
154 1 0.11452043801546097 0 0
155 1 0.11425340920686722 0 0
156 1 0.11397493630647659 0 0
157 1 0.11368501931428909 0 0
158 1 0.11338365823030472 0 0
159 1 0.11307085305452347 0 0
160 1 0.11274660378694534 0 0
161 1 0.11241091042757034 0 0
162 1 0.11206377297639847 0 0
163 1 0.11170519143342972 0 0
164 1 0.11133516579866409 0 0
165 1 0.11095369607210159 0 0
166 1 0.11056078225374222 0 0
167 1 0.11015642434358597 0 0
168 0 0.10974062234163284 0 0
169 0 0.10934198647737503 0 0
170 0 0.10896051675081253 0 0
171 0 0.10859621316194534 0 0
172 0 0.10824907571077347 0 0
173 0 0.1079191043972969 0 0
174 0 0.10760629922151566 0 0
175 0 0.10731066018342972 0 0
176 0 0.10703218728303909 0 0
177 0 0.10677088052034378 0 0
178 0 0.10652673989534378 0 0
179 2 0.10629976540803909 0 0
180 2 0.10655535012483597 0 0
181 2 0.10682237893342972 0 0
182 2 0.10710085183382034 0 0
183 2 0.10739076882600784 0 0
184 2 0.10769212990999222 0 0
185 2 0.10800493508577347 0 0
186 2 0.10832918435335159 0 0
187 2 0.10866487771272659 0 0
188 2 0.10901201516389847 0 0
189 2 0.10937059670686722 0 0
190 2 0.10974062234163284 0 0
191 2 0.11012209206819534 0 0
192 2 0.11051500588655472 0 0
193 2 0.11091936379671097 0 0
194 2 0.11133516579866409 0 0
195 2 0.11176241189241409 0 0
196 2 0.11220110207796097 0 0
197 2 0.11265123635530472 0 0
198 2 0.11311281472444534 0 0
199 2 0.11358583718538284 0 0
200 2 0.11407030373811722 0 0
201 2 0.11456621438264847 0 0
202 2 0.11507356911897659 0 0
203 2 0.11559236794710159 0 0
204 2 0.11612261086702347 0 0
205 2 0.11666429787874222 0 0
206 2 0.11721742898225784 0 0
207 2 0.11778200417757034 0 0
208 2 0.11853370815515518 0 0
209 2 0.11912880092859268 0 0
210 2 0.11973915249109268 0 0
211 2 0.12036476284265518 0 0
212 2 0.12100563198328018 0 0
213 2 0.12166175991296768 0 0
214 0 0.12233314663171768 0 0
215 0 0.12298736721277237 0 0
216 0 0.12362442165613174 0 0
217 0 0.1242443099617958 0 0
218 0 0.12484703212976456 0 0
219 0 0.1254325807094574 0 0
220 0 0.12600097060203552 0 0
221 0 0.12655219435691833 0 0
222 0 0.126914381980896 0 0
223 1 0.12743127346038818 0 0
224 1 0.12791955471038818 0 0
225 1 0.12838494777679443 0 0
226 1 0.12882745265960693 0 0
227 0 0.12924706935882568 0 0
228 0 0.12964951992034912 0 0
229 0 0.13003480434417725 0 0
230 0 0.13040292263031006 0 0
231 0 0.13075387477874756 0 0
232 0 0.13108766078948975 0 0
233 0 0.13140428066253662 0 0
234 0 0.13170373439788818 0 0
235 0 0.13198602199554443 0 0
236 0 0.13225114345550537 0 0
237 0 0.132499098777771 0 0
238 0 0.1327298879623413 0 0
239 0 0.1329435110092163 0 0
240 0 0.133139967918396 0 0
241 0 0.13331925868988037 0 0
242 0 0.13348138332366943 0 0
243 0 0.13362634181976318 0 0
244 0 0.13375413417816162 0 0
245 0 0.13386476039886475 0 0
246 0 0.13395822048187256 0 0
247 0 0.13403451442718506 0 0
248 0 0.13409364223480225 0 0
249 0 0.13409364223480225 0 0
250 0 0.13409364223480225 0 0
251 0 0.13409364223480225 0 0
252 0 0.13409364223480225 0 0
253 0 0.13409364223480225 0 0
254 0 0.13409364223480225 0 0
255 0 0.13409364223480225 0 0
256 0 0.13409364223480225 0 0
257 0 0.13409364223480225 0 0
258 0 0.13409364223480225 0 0
259 0 0.13409364223480225 0 0
260 0 0.13409364223480225 0 0
261 2 0.13409364223480225 0 0
262 2 0.13434922695159912 0 0
263 2 0.13461625576019287 0 0
264 2 0.1348947286605835 0 0
265 2 0.135184645652771 0 0
266 2 0.13548600673675537 0 0
267 2 0.13579881191253662 0 0
268 2 0.13612306118011475 0 0
269 2 0.13645875453948975 0 0
270 2 0.13680589199066162 0 0
271 2 0.13716447353363037 0 0
272 2 0.137534499168396 0 0
273 2 0.1379159688949585 0 0
274 2 0.13830888271331787 0 0
275 2 0.13871324062347412 0 0
276 2 0.13912904262542725 0 0
277 2 0.13955628871917725 0 0
278 2 0.13999497890472412 0 0
279 2 0.14044511318206787 0 0
280 2 0.1409066915512085 0 0
281 2 0.141379714012146 0 0
282 2 0.14186418056488037 0 0
283 2 0.14236009120941162 0 0
284 18 0.14286744594573975 0 0
285 18 0.14338624477386475 0 0
286 18 0.14391648769378662 0 0
287 18 0.14445817470550537 0 0
288 18 0.145011305809021 0 0
289 18 0.1455758810043335 0 0
290 18 0.14632758498191833 0 0
291 18 0.14692267775535583 0 0
292 2 0.14753302931785583 0 0
293 2 0.14815863966941833 0 0
294 2 0.14879950881004333 0 0
295 2 0.14945563673973083 0 0
296 2 0.15012702345848083 0 0
297 2 0.15081366896629333 0 0
298 2 0.15151557326316833 0 0
299 2 0.15223273634910583 0 0
300 2 0.15296515822410583 0 0
301 2 0.15371283888816833 0 0
302 2 0.15447577834129333 0 0
303 2 0.15525397658348083 0 0
304 2 0.15604743361473083 0 0
305 2 0.15682868659496307 0 0
306 2 0.1576099395751953 0 0
307 2 0.15839119255542755 0 0
308 2 0.1591724455356598 0 0
309 2 0.15995368361473083 0 0
310 2 0.16073493659496307 0 0
311 2 0.1615161895751953 0 0
312 2 0.16229744255542755 0 0
313 2 0.16234344244003296 0 0
314 2 0.16242715716362 0 0
315 2 0.1625153124332428 0 0
316 2 0.1625153124332428 0 0
317 2 0.1625153124332428 0 0
318 2 0.1625153124332428 0 0
319 18 0.1625153124332428 0 0
320 18 0.1625153124332428 0 0
321 18 0.1625153124332428 0 0
322 18 0.1625153124332428 0 0
323 2 0.1625153124332428 0 0
324 2 0.16288533806800842 0 0
325 2 0.16326680779457092 0 0
326 2 0.1636597216129303 0 0
327 2 0.16406407952308655 0 0
328 2 0.16447988152503967 0 0
329 2 0.16490712761878967 0 0
330 2 0.16534581780433655 0 0
331 2 0.1657959520816803 0 0
332 2 0.16625753045082092 0 0
333 2 0.16673055291175842 0 0
334 2 0.1672150194644928 0 0
335 2 0.16771093010902405 0 0
336 2 0.16821828484535217 0 0
337 2 0.16873708367347717 0 0
338 2 0.16926732659339905 0 0
339 2 0.1698090136051178 0 0
340 2 0.17036214470863342 0 0
341 2 0.17092671990394592 0 0
342 2 0.17167842388153076 0 0
343 2 0.17227351665496826 0 0
344 2 0.172343447804451 0 0
345 2 0.17242716252803802 0 0
346 2 0.17251531779766083 0 0
347 2 0.17251531779766083 0 0
348 2 0.17251531779766083 0 0
349 2 0.17251531779766083 0 0
350 18 0.17251531779766083 0 0
351 18 0.17251531779766083 0 0
352 2 0.17251531779766083 0 0
353 2 0.17251531779766083 0 0
354 2 0.17251531779766083 0 0
355 2 0.1728166788816452 0 0
356 2 0.17312948405742645 0 0
357 2 0.17345373332500458 0 0
358 2 0.17378942668437958 0 0
359 2 0.17413656413555145 0 0
360 2 0.1744951456785202 0 0
361 2 0.17486517131328583 0 0
362 2 0.17524664103984833 0 0
363 2 0.1756395548582077 0 0
364 2 0.17604391276836395 0 0
365 2 0.17645971477031708 0 0
366 2 0.17688696086406708 0 0
367 2 0.17732565104961395 0 0
368 2 0.17751531302928925 0 0
369 2 0.17751531302928925 0 0
370 2 0.17751531302928925 0 0
371 2 0.17751531302928925 0 0
372 2 0.17751531302928925 0 0
373 2 0.17751531302928925 0 0
374 2 0.17751531302928925 0 0
375 2 0.17751531302928925 0 0
376 2 0.17751531302928925 0 0
377 2 0.17751531302928925 0 0
378 18 0.17751531302928925 0 0
379 18 0.17751531302928925 0 0
380 2 0.17751531302928925 0 0
381 2 0.17751531302928925 0 0
382 2 0.17751531302928925 0 0
383 2 0.17751531302928925 0 0
384 2 0.17751531302928925 0 0
385 2 0.17751531302928925 0 0
386 2 0.17751531302928925 0 0
387 2 0.17751531302928925 0 0
388 2 0.17751531302928925 0 0
389 2 0.17751531302928925 0 0
390 2 0.17751531302928925 0 0
391 2 0.17751531302928925 0 0
392 2 0.17751531302928925 0 0
393 2 0.17751531302928925 0 0
394 2 0.17751531302928925 0 0
395 2 0.17751531302928925 0 0
396 2 0.17751531302928925 0 0
397 2 0.17751531302928925 0 0
398 2 0.17751531302928925 0 0
399 2 0.17751531302928925 0 0
400 2 0.17751531302928925 0 0
401 2 0.17751531302928925 0 0
402 2 0.17751531302928925 0 0
403 2 0.17751531302928925 0 0
404 2 0.17751531302928925 0 0
405 2 0.17751531302928925 0 0
406 2 0.17751531302928925 0 0
407 2 0.17751531302928925 0 0
408 2 0.17751531302928925 0 0
409 2 0.17751531302928925 0 0
410 2 0.17751531302928925 0 0
411 2 0.17751531302928925 0 0
412 2 0.17751531302928925 0 0
413 2 0.17751531302928925 0 0
414 18 0.17751531302928925 0 0
415 18 0.17751531302928925 0 0
416 18 0.17751531302928925 0 0
417 18 0.17751531302928925 0 0
418 18 0.17751531302928925 0 0
419 18 0.17751531302928925 0 0
420 18 0.17751531302928925 0 0
421 18 0.17751531302928925 0 0
422 18 0.17751531302928925 0 0
423 18 0.17751531302928925 0 0
424 18 0.177873894572258 0 0
425 18 0.17824392020702362 0 0
426 18 0.17862538993358612 0 0
427 18 0.1790183037519455 0 0
428 18 0.17942266166210175 0 0
429 18 0.17983846366405487 0 0
430 18 0.18026570975780487 0 0
431 18 0.18070439994335175 0 0
432 2 0.1811545342206955 0 0
433 2 0.18161611258983612 0 0
434 2 0.18208913505077362 0 0
435 2 0.182573601603508 0 0
436 2 0.18306951224803925 0 0
437 2 0.18357686698436737 0 0
438 2 0.18409566581249237 0 0
439 2 0.18462590873241425 0 0
440 2 0.185167595744133 0 0
441 2 0.18572072684764862 0 0
442 2 0.18628530204296112 0 0
443 2 0.18703700602054596 0 0
444 2 0.18763209879398346 0 0
445 2 0.18824245035648346 0 0
446 2 0.18886806070804596 0 0
447 2 0.18950892984867096 0 0
448 2 0.19016505777835846 0 0
449 2 0.19083644449710846 0 0
450 2 0.19152309000492096 0 0
451 2 0.19222499430179596 0 0
452 2 0.19294215738773346 0 0
453 2 0.19367457926273346 0 0
454 2 0.19442225992679596 0 0
455 2 0.19518519937992096 0 0
456 2 0.19596339762210846 0 0
457 2 0.19675685465335846 0 0
458 2 0.1975381076335907 0 0
459 2 0.19831936061382294 0 0
460 2 0.19910061359405518 0 0
461 2 0.19988185167312622 0 0
462 2 0.20066310465335846 0 0
463 2 0.2014443576335907 0 0
464 2 0.20222561061382294 0 0
465 2 0.20300686359405518 0 0
466 2 0.20378810167312622 0 0
467 2 0.20456935465335846 0 0
468 2 0.2053506076335907 0 0
469 2 0.20613186061382294 0 0
470 2 0.20691311359405518 0 0
471 2 0.20769435167312622 0 0
472 18 0.20847560465335846 0 0
473 18 0.2092568576335907 0 0
474 18 0.21003811061382294 0 0
475 18 0.21081936359405518 0 0
476 18 0.21160060167312622 0 0
477 18 0.21238185465335846 0 0
478 18 0.2131631076335907 0 0
479 18 0.21394436061382294 0 0
480 18 0.21472561359405518 0 0
481 18 0.21550685167312622 0 0
482 18 0.21628810465335846 0 0
483 18 0.2170693576335907 0 0
484 2 0.21785061061382294 0 0
485 2 0.21863186359405518 0 0
486 2 0.21941310167312622 0 0
487 2 0.22019435465335846 0 0
488 2 0.2209756076335907 0 0
489 2 0.22175686061382294 0 0
490 2 0.22253811359405518 0 0
491 2 0.22331935167312622 0 0
492 2 0.22410060465335846 0 0
493 2 0.2248818576335907 0 0
494 2 0.22566311061382294 0 0
495 2 0.22644436359405518 0 0
496 2 0.22722560167312622 0 0
497 0 0.22800685465335846 0 0
498 0 0.22877094149589539 0 0
499 0 0.229517862200737 0 0
500 0 0.2302476167678833 0 0
501 0 0.2309601902961731 0 0
502 0 0.23165561258792877 0 0
503 0 0.23233386874198914 0 0
504 0 0.2329949587583542 0 0
505 0 0.23363888263702393 0 0
506 0 0.23426562547683716 0 0
507 0 0.23487521708011627 0 0
508 0 0.23546764254570007 0 0
509 0 0.23604290187358856 0 0
510 0 0.23660099506378174 0 0
511 0 0.23697003722190857 0 0
512 0 0.23749379813671112 0 0
513 0 0.23751531541347504 0 0
514 0 0.23751531541347504 0 0
515 0 0.23751531541347504 0 0
516 0 0.23751531541347504 0 0
517 0 0.23751531541347504 0 0
518 0 0.23751531541347504 0 0
519 0 0.23751531541347504 0 0
520 0 0.23751531541347504 0 0
521 0 0.23751531541347504 0 0
522 0 0.23751531541347504 0 0
523 0 0.23751531541347504 0 0
524 0 0.23751531541347504 0 0
525 0 0.23751531541347504 0 0
526 0 0.23751531541347504 0 0
527 0 0.23751531541347504 0 0
528 0 0.23751531541347504 0 0
529 0 0.23751531541347504 0 0
530 0 0.23751531541347504 0 0
531 0 0.23751531541347504 0 0
532 0 0.23751531541347504 0 0
533 0 0.23751531541347504 0 0
534 0 0.23751531541347504 0 0
535 0 0.23751531541347504 0 0
536 0 0.23751531541347504 0 0
537 0 0.23751531541347504 0 0
538 0 0.23751531541347504 0 0
539 0 0.23751531541347504 0 0
540 0 0.23751531541347504 0 0
541 0 0.23751531541347504 0 0
542 0 0.23751531541347504 0 0
543 0 0.23751531541347504 0 0
544 0 0.23751531541347504 0 0
545 0 0.23751531541347504 0 0
546 0 0.23751531541347504 0 0
547 0 0.23751531541347504 0 0
548 0 0.23751531541347504 0 0
549 0 0.23751531541347504 0 0
550 0 0.23751531541347504 0 0
551 0 0.23751531541347504 0 0
552 0 0.23751531541347504 0 0
553 0 0.23751531541347504 0 0
554 0 0.23751531541347504 0 0
555 0 0.23751531541347504 0 0
556 0 0.23751531541347504 0 0
557 0 0.23751531541347504 0 0
558 0 0.23751531541347504 0 0
559 0 0.23751531541347504 0 0
560 0 0.23751531541347504 0 0
561 0 0.23751531541347504 0 0
562 0 0.23751531541347504 0 0
563 0 0.23751531541347504 0 0
564 0 0.23751531541347504 0 0
565 0 0.23751531541347504 0 0
566 0 0.23751531541347504 0 0
567 0 0.23751531541347504 0 0
568 0 0.23751531541347504 0 0
569 0 0.23751531541347504 0 0
570 0 0.23751531541347504 0 0
571 0 0.23751531541347504 0 0
572 0 0.23751531541347504 0 0
573 0 0.23751531541347504 0 0
574 0 0.23751531541347504 0 0
575 0 0.23751531541347504 0 0
576 0 0.23751531541347504 0 0
577 0 0.23751531541347504 0 0
578 0 0.23751531541347504 0 0
579 0 0.23751531541347504 0 0
580 0 0.23751531541347504 0 0
581 0 0.23751531541347504 0 0
582 0 0.23751531541347504 0 0
583 0 0.23751531541347504 0 0
584 0 0.23751531541347504 0 0
585 0 0.23751531541347504 0 0
586 0 0.23751531541347504 0 0
587 0 0.23751531541347504 0 0
588 0 0.23751531541347504 0 0
589 0 0.23751531541347504 0 0
590 0 0.23751531541347504 0 0
591 0 0.23751531541347504 0 0
592 0 0.23751531541347504 0 0
593 0 0.23751531541347504 0 0
594 0 0.23751531541347504 0 0
595 0 0.23751531541347504 0 0
596 0 0.23751531541347504 0 0
597 0 0.23751531541347504 0 0
598 0 0.23751531541347504 0 0
599 0 0.23751531541347504 0 0
600 0 0.23751531541347504 0 0
601 0 0.23751531541347504 0 0
602 0 0.23751531541347504 0 0
603 0 0.23751531541347504 0 0
604 0 0.23751531541347504 0 0
605 0 0.23751531541347504 0 0
606 0 0.23751531541347504 0 0
607 0 0.23751531541347504 0 0
608 0 0.23751531541347504 0 0
609 0 0.23751531541347504 0 0
610 0 0.23751531541347504 0 0
611 0 0.23751531541347504 0 0
612 0 0.23751531541347504 0 0
613 0 0.23751531541347504 0 0
614 0 0.23751531541347504 0 0
615 0 0.23751531541347504 0 0
616 0 0.23751531541347504 0 0
617 0 0.23751531541347504 0 0
618 0 0.23751531541347504 0 0
619 0 0.23751531541347504 0 0
620 0 0.23751531541347504 0 0
621 0 0.23751531541347504 0 0
622 0 0.23751531541347504 0 0
623 0 0.23751531541347504 0 0
624 0 0.23751531541347504 0 0
625 0 0.23751531541347504 0 0
626 0 0.23751531541347504 0 0
627 0 0.23751531541347504 0 0
628 0 0.23751531541347504 0 0
629 0 0.23751531541347504 0 0
630 0 0.23751531541347504 0 0
631 0 0.23751531541347504 0 0
632 0 0.23751531541347504 0 0
633 0 0.23751531541347504 0 0
634 0 0.23751531541347504 0 0
635 0 0.23751531541347504 0 0
636 0 0.23751531541347504 0 0
637 0 0.23751531541347504 0 0
638 0 0.23751531541347504 0 0
639 0 0.23751531541347504 0 0
640 0 0.23751531541347504 0 0
641 0 0.23751531541347504 0 0
642 0 0.23751531541347504 0 0
643 0 0.23751531541347504 0 0
644 0 0.23751531541347504 0 0
645 0 0.23751531541347504 0 0
646 0 0.23751531541347504 0 0
647 0 0.23751531541347504 0 0
648 0 0.23751531541347504 0 0
649 0 0.23751531541347504 0 0
650 0 0.23751531541347504 0 0
651 0 0.23751531541347504 0 0
652 0 0.23751531541347504 0 0
653 0 0.23751531541347504 0 0
654 0 0.23751531541347504 0 0
655 0 0.23751531541347504 0 0
656 0 0.23751531541347504 0 0
657 16 0.23751531541347504 0 0
658 18 0.23751531541347504 0 0
659 18 0.2377709001302719 0 0
660 18 0.23803792893886566 0 0
661 18 0.2383164018392563 0 0
662 18 0.2386063188314438 0 0
663 18 0.23890767991542816 0 0
664 18 0.2392204850912094 0 0
665 18 0.23954473435878754 0 0
666 18 0.23988042771816254 0 0
667 18 0.2402275651693344 0 0
668 18 0.24058614671230316 0 0
669 18 0.2409561723470688 0 0
670 18 0.2413376420736313 0 0
671 18 0.24173055589199066 0 0
672 18 0.2421349138021469 0 0
673 18 0.24255071580410004 0 0
674 18 0.24297796189785004 0 0
675 18 0.2434166520833969 0 0
676 18 0.24386678636074066 0 0
677 18 0.2443283647298813 0 0
678 18 0.2448013871908188 0 0
679 18 0.24528585374355316 0 0
680 18 0.2457817643880844 0 0
681 18 0.24628911912441254 0 0
682 18 0.24680791795253754 0 0
683 18 0.2473381608724594 0 0
684 18 0.24787984788417816 0 0
685 18 0.2484329789876938 0 0
686 18 0.2489975541830063 0 0
687 18 0.24974925816059113 0 0
688 18 0.2503443658351898 0 0
689 18 0.2509547173976898 0 0
690 2 0.2515803277492523 0 0
691 2 0.2522211968898773 0 0
692 2 0.25234344601631165 0 0
693 2 0.2524271607398987 0 0
694 2 0.2525153160095215 0 0
695 2 0.2525153160095215 0 0
696 2 0.2525153160095215 0 0
697 2 0.2525153160095215 0 0
698 2 0.2525153160095215 0 0
699 18 0.2525153160095215 0 0
700 18 0.2525153160095215 0 0
701 18 0.2525153160095215 0 0
702 18 0.2525153160095215 0 0
703 18 0.2525153160095215 0 0
704 18 0.25281667709350586 0 0
705 18 0.2531294822692871 0 0
706 18 0.25345373153686523 0 0
707 18 0.25378942489624023 0 0
708 18 0.2541365623474121 0 0
709 18 0.25449514389038086 0 0
710 18 0.2548651695251465 0 0
711 18 0.255246639251709 0 0
712 18 0.25563955307006836 0 0
713 18 0.2560439109802246 0 0
714 18 0.25645971298217773 0 0
715 18 0.25688695907592773 0 0
716 18 0.2573256492614746 0 0
717 18 0.25777578353881836 0 0
718 18 0.258237361907959 0 0
719 18 0.2587103843688965 0 0
720 18 0.25919485092163086 0 0
721 18 0.2596907615661621 0 0
722 18 0.26019811630249023 0 0
723 18 0.26071691513061523 0 0
724 18 0.2612471580505371 0 0
725 18 0.26178884506225586 0 0
726 18 0.2623419761657715 0 0
727 18 0.262906551361084 0 0
728 18 0.2636582553386688 0 0
729 18 0.2642533481121063 0 0
730 18 0.2648636996746063 0 0
731 18 0.2654893100261688 0 0
732 2 0.2661301791667938 0 0
733 2 0.2667863070964813 0 0
734 2 0.2674576938152313 0 0
735 2 0.2681443393230438 0 0
736 2 0.2688462436199188 0 0
737 2 0.2695634067058563 0 0
738 2 0.2702958285808563 0 0
739 2 0.2710435092449188 0 0
740 2 0.2718064486980438 0 0
741 2 0.2725846469402313 0 0
742 2 0.2733781039714813 0 0
743 2 0.27415934205055237 0 0
744 2 0.2749406099319458 0 0
745 2 0.27572184801101685 0 0
746 2 0.2765031158924103 0 0
747 2 0.2772843539714813 0 0
748 2 0.27806559205055237 0 0
749 2 0.2788468599319458 0 0
750 2 0.27962809801101685 0 0
751 2 0.2804093658924103 0 0
752 2 0.2811906039714813 0 0
753 2 0.28197184205055237 0 0
754 2 0.2827531099319458 0 0
755 2 0.28353434801101685 0 0
756 2 0.2843156158924103 0 0
757 2 0.2850968539714813 0 0
758 2 0.28587809205055237 0 0
759 2 0.2866593599319458 0 0
760 2 0.28744059801101685 0 0
761 2 0.2882218658924103 0 0
762 2 0.2890031039714813 0 0
763 2 0.28978434205055237 0 0
764 2 0.2905656099319458 0 0
765 2 0.29134684801101685 0 0
766 2 0.2921281158924103 0 0
767 2 0.2923434376716614 0 0
768 2 0.2924271523952484 0 0
769 2 0.2925153076648712 0 0
770 2 0.2925153076648712 0 0
771 2 0.2925153076648712 0 0
772 0 0.2925153076648712 0 0
773 0 0.2925153076648712 0 0
774 0 0.2925153076648712 0 0
775 0 0.2925153076648712 0 0
776 0 0.2925153076648712 0 0
777 0 0.2925153076648712 0 0
778 0 0.2925153076648712 0 0
779 0 0.2925153076648712 0 0
780 0 0.2925153076648712 0 0
781 0 0.2925153076648712 0 0
782 0 0.2925153076648712 0 0
783 0 0.2925153076648712 0 0
784 0 0.2925153076648712 0 0
785 0 0.2925153076648712 0 0
786 0 0.2925153076648712 0 0
787 0 0.2925153076648712 0 0
788 0 0.2925153076648712 0 0
789 0 0.2925153076648712 0 0
790 0 0.2925153076648712 0 0
791 0 0.2925153076648712 0 0
792 0 0.2925153076648712 0 0
793 0 0.2925153076648712 0 0
794 0 0.2925153076648712 0 0
795 0 0.2925153076648712 0 0
796 0 0.2925153076648712 0 0
797 0 0.2925153076648712 0 0
798 0 0.2925153076648712 0 0
799 0 0.2925153076648712 0 0
800 0 0.2925153076648712 0 0
801 0 0.2925153076648712 0 0
802 0 0.2925153076648712 0 0
803 0 0.2925153076648712 0 0
804 0 0.2925153076648712 0 0
805 0 0.2925153076648712 0 0
806 0 0.2925153076648712 0 0
807 0 0.2925153076648712 0 0
808 0 0.2925153076648712 0 0
809 0 0.2925153076648712 0 0
810 0 0.2925153076648712 0 0
811 0 0.2925153076648712 0 0
812 0 0.2925153076648712 0 0
813 0 0.2925153076648712 0 0
814 0 0.2925153076648712 0 0
815 0 0.2925153076648712 0 0
816 0 0.2925153076648712 0 0
817 0 0.2925153076648712 0 0
818 0 0.2925153076648712 0 0
819 0 0.2925153076648712 0 0
820 0 0.2925153076648712 0 0
821 0 0.2925153076648712 0 0
822 0 0.2925153076648712 0 0
823 0 0.2925153076648712 0 0
824 0 0.2925153076648712 0 0
825 0 0.2925153076648712 0 0
826 0 0.2925153076648712 0 0
827 0 0.2925153076648712 0 0
828 0 0.2925153076648712 0 0
829 0 0.2925153076648712 0 0
830 0 0.2925153076648712 0 0
831 0 0.2925153076648712 0 0
832 0 0.2925153076648712 0 0
833 0 0.2925153076648712 0 0
834 0 0.2925153076648712 0 0
835 0 0.2925153076648712 0 0
836 1 0.2925153076648712 0 0
837 1 0.29225972294807434 0 0
838 1 0.2919926941394806 0 0
839 1 0.29171422123908997 0 0
840 1 0.29142430424690247 0 0
841 1 0.2911229431629181 0 0
842 1 0.29081013798713684 0 0
843 1 0.2904858887195587 0 0
844 1 0.2901501953601837 0 0
845 1 0.28980305790901184 0 0
846 1 0.2894444763660431 0 0
847 1 0.28907445073127747 0 0
848 17 0.28869298100471497 0 0
849 17 0.2883000671863556 0 0
850 17 0.28789570927619934 0 0
851 17 0.2874799072742462 0 0
852 17 0.2870526611804962 0 0
853 17 0.28661397099494934 0 0
854 17 0.2861638367176056 0 0
855 17 0.28570225834846497 0 0
856 17 0.28522923588752747 0 0
857 17 0.2847447693347931 0 0
858 17 0.28424885869026184 0 0
859 17 0.2837415039539337 0 0
860 17 0.2832227051258087 0 0
861 17 0.28269246220588684 0 0
862 17 0.2821507751941681 0 0
863 17 0.28159764409065247 0 0
864 17 0.28103306889533997 0 0
865 17 0.2806251049041748 0 0
866 17 0.2800300121307373 0 0
867 17 0.2794196605682373 0 0
868 16 0.2787940502166748 0 0
869 16 0.2781856060028076 0 0
870 0 0.27759432792663574 0 0
871 0 0.2770202159881592 0 0
872 2 0.27646327018737793 0 0
873 2 0.2757573425769806 0 0
874 2 0.27524617314338684 0 0
875 2 0.27475789189338684 0 0
876 2 0.2742924988269806 0 0
877 2 0.2738499939441681 0 0
878 2 0.27343037724494934 0 0
879 2 0.27303364872932434 0 0
880 2 0.2726598083972931 0 0
881 2 0.2723088562488556 0 0
882 2 0.27198079228401184 0 0
883 2 0.27167561650276184 0 0
884 2 0.2713933289051056 0 0
885 2 0.2711339294910431 0 0
886 2 0.27089741826057434 0 0
887 2 0.2711530029773712 0 0
888 2 0.27142003178596497 0 0
889 2 0.2716985046863556 0 0
890 2 0.2719884216785431 0 0
891 2 0.27228978276252747 0 0
892 18 0.2726025879383087 0 0
893 18 0.27292683720588684 0 0
894 18 0.27326253056526184 0 0
895 18 0.2736096680164337 0 0
896 18 0.27396824955940247 0 0
897 18 0.2743382751941681 0 0
898 18 0.2747197449207306 0 0
899 18 0.27511265873908997 0 0
900 2 0.2755170166492462 0 0
901 2 0.27593281865119934 0 0
902 2 0.27636006474494934 0 0
903 2 0.2767987549304962 0 0
904 2 0.27724888920783997 0 0
905 2 0.2777104675769806 0 0
906 2 0.2781834900379181 0 0
907 2 0.27866795659065247 0 0
908 2 0.2791638672351837 0 0
909 2 0.27967122197151184 0 0
910 2 0.28019002079963684 0 0
911 2 0.2807202637195587 0 0
912 2 0.28126195073127747 0 0
913 2 0.2818150818347931 0 0
914 2 0.2823796570301056 0 0
915 2 0.28313136100769043 0 0
916 2 0.28372645378112793 0 0
917 2 0.28433680534362793 0 0
918 2 0.28496241569519043 0 0
919 2 0.28560328483581543 0 0
920 2 0.28625941276550293 0 0
921 2 0.28693079948425293 0 0
922 2 0.28761744499206543 0 0
923 2 0.28831934928894043 0 0
924 2 0.28903651237487793 0 0
925 2 0.28976893424987793 0 0
926 2 0.29051661491394043 0 0
927 2 0.29127955436706543 0 0
928 2 0.29205775260925293 0 0
929 2 0.2923434376716614 0 0
930 2 0.2924271523952484 0 0
931 2 0.2925153076648712 0 0
932 2 0.2925153076648712 0 0
933 2 0.2925153076648712 0 0
934 0 0.2925153076648712 0 0
935 0 0.2925153076648712 0 0
936 0 0.2925153076648712 0 0
937 0 0.2925153076648712 0 0
938 0 0.2925153076648712 0 0
939 0 0.2925153076648712 0 0
940 0 0.2925153076648712 0 0
941 0 0.2925153076648712 0 0
942 0 0.2925153076648712 0 0
943 0 0.2925153076648712 0 0
944 0 0.2925153076648712 0 0
945 0 0.2925153076648712 0 0
946 0 0.2925153076648712 0 0
947 0 0.2925153076648712 0 0
948 0 0.2925153076648712 0 0
949 0 0.2925153076648712 0 0
950 0 0.2925153076648712 0 0
951 0 0.2925153076648712 0 0
952 0 0.2925153076648712 0 0
953 0 0.2925153076648712 0 0
954 0 0.2925153076648712 0 0
955 0 0.2925153076648712 0 0
956 0 0.2925153076648712 0 0
957 0 0.2925153076648712 0 0
958 0 0.2925153076648712 0 0
959 0 0.2925153076648712 0 0
960 0 0.2925153076648712 0 0
961 0 0.2925153076648712 0 0
962 0 0.2925153076648712 0 0
963 0 0.2925153076648712 0 0
964 0 0.2925153076648712 0 0
965 0 0.2925153076648712 0 0
966 0 0.2925153076648712 0 0
967 0 0.2925153076648712 0 0
968 0 0.2925153076648712 0 0
969 0 0.2925153076648712 0 0
970 0 0.2925153076648712 0 0
971 0 0.2925153076648712 0 0
972 0 0.2925153076648712 0 0
973 0 0.2925153076648712 0 0
974 0 0.2925153076648712 0 0
975 0 0.2925153076648712 0 0
976 0 0.2925153076648712 0 0
977 0 0.2925153076648712 0 0
978 0 0.2925153076648712 0 0
979 0 0.2925153076648712 0 0
980 0 0.2925153076648712 0 0
981 0 0.2925153076648712 0 0
982 0 0.2925153076648712 0 0
983 0 0.2925153076648712 0 0
984 0 0.2925153076648712 0 0
985 0 0.2925153076648712 0 0
986 0 0.2925153076648712 0 0
987 0 0.2925153076648712 0 0
988 0 0.2925153076648712 0 0
989 0 0.2925153076648712 0 0
990 0 0.2925153076648712 0 0
991 0 0.2925153076648712 0 0
992 0 0.2925153076648712 0 0
993 0 0.2925153076648712 0 0
994 0 0.2925153076648712 0 0
995 0 0.2925153076648712 0 0
996 0 0.2925153076648712 0 0
997 0 0.2925153076648712 0 0
998 0 0.2925153076648712 0 0
999 0 0.2925153076648712 0 0
1000 0 0.2925153076648712 0 0
1001 0 0.2925153076648712 0 0
1002 1 0.2925153076648712 0 0
1003 1 0.29225972294807434 0 0
1004 1 0.2919926941394806 0 0
1005 1 0.29171422123908997 0 0
1006 1 0.29142430424690247 0 0
1007 1 0.2911229431629181 0 0
1008 1 0.29081013798713684 0 0
1009 1 0.2904858887195587 0 0
1010 1 0.2901501953601837 0 0
1011 1 0.28980305790901184 0 0
1012 1 0.2894444763660431 0 0
1013 1 0.28907445073127747 0 0
1014 1 0.28869298100471497 0 0
1015 1 0.2883000671863556 0 0
1016 1 0.28789570927619934 0 0
1017 1 0.2874799072742462 0 0
1018 1 0.2870526611804962 0 0
1019 1 0.28661397099494934 0 0
1020 17 0.2861638367176056 0 0
1021 17 0.28570225834846497 0 0
1022 17 0.28522923588752747 0 0
1023 17 0.2847447693347931 0 0
1024 17 0.28424885869026184 0 0
1025 17 0.2837415039539337 0 0
1026 17 0.2832227051258087 0 0
1027 17 0.28269246220588684 0 0
1028 17 0.2821507751941681 0 0
1029 17 0.28159764409065247 0 0
1030 17 0.28103306889533997 0 0
1031 17 0.2806251049041748 0 0
1032 17 0.2800300121307373 0 0
1033 17 0.2794196605682373 0 0
1034 17 0.2787940502166748 0 0
1035 17 0.2781531810760498 0 0
1036 17 0.2774970531463623 0 0
1037 17 0.2768256664276123 0 0
1038 17 0.2761390209197998 0 0
1039 17 0.2754371166229248 0 0
1040 17 0.2747199535369873 0 0
1041 17 0.2739875316619873 0 0
1042 17 0.2732398509979248 0 0
1043 17 0.27265655994415283 0 0
1044 17 0.272484689950943 0 0
1045 17 0.272484689950943 0 0
1046 0 0.27220621705055237 0 0
1047 0 0.27194491028785706 0 0
1048 0 0.27170076966285706 0 0
1049 0 0.27147379517555237 0 0
1050 0 0.271263986825943 0 0
1051 0 0.271263986825943 0 0
1052 0 0.271263986825943 0 0
1053 0 0.271263986825943 0 0
1054 0 0.271263986825943 0 0
1055 0 0.271263986825943 0 0
1056 0 0.271263986825943 0 0
1057 0 0.271263986825943 0 0
1058 0 0.271263986825943 0 0
1059 0 0.271263986825943 0 0
1060 1 0.271263986825943 0 0
1061 1 0.2710084021091461 0 0
1062 1 0.27074137330055237 0 0
1063 1 0.27046290040016174 0 0
1064 1 0.27017298340797424 0 0
1065 1 0.26987162232398987 0 0
1066 1 0.2695588171482086 0 0
1067 17 0.2692345678806305 0 0
1068 17 0.2688988745212555 0 0
1069 17 0.2685517370700836 0 0
1070 17 0.26819315552711487 0 0
1071 17 0.26782312989234924 0 0
1072 17 0.26744166016578674 0 0
1073 17 0.26704874634742737 0 0
1074 17 0.2666443884372711 0 0
1075 17 0.266228586435318 0 0
1076 17 0.265801340341568 0 0
1077 17 0.2653626501560211 0 0
1078 17 0.26491251587867737 0 0
1079 17 0.26445093750953674 0 0
1080 17 0.26397791504859924 0 0
1081 17 0.26349344849586487 0 0
1082 17 0.2629975378513336 0 0
1083 17 0.2624901831150055 0 0
1084 17 0.2619713842868805 0 0
1085 17 0.2614411413669586 0 0
1086 17 0.26089945435523987 0 0
1087 17 0.26034632325172424 0 0
1088 17 0.25978174805641174 0 0
1089 17 0.2593737840652466 0 0
1090 17 0.2587786912918091 0 0
1091 17 0.2581683397293091 0 0
1092 17 0.2575427293777466 0 0
1093 17 0.2569018602371216 0 0
1094 17 0.2562457323074341 0 0
1095 17 0.2555743455886841 0 0
1096 16 0.2548877000808716 0 0
1097 16 0.2542182207107544 0 0
1098 2 0.2535659074783325 0 0
1099 2 0.2529364824295044 0 0
1100 2 0.25232994556427 0 0
1101 2 0.2517462968826294 0 0
1102 2 0.2511855363845825 0 0
1103 2 0.25047579407691956 0 0
1104 2 0.24996080994606018 0 0
1105 2 0.24946871399879456 0 0
1106 0 0.24899950623512268 0 0
1107 0 0.24854746460914612 0 0
1108 0 0.24811258912086487 0 0
1109 0 0.24769487977027893 0 0
1110 2 0.2472943365573883 0 0
1111 2 0.24691668152809143 0 0
1112 2 0.2465619146823883 0 0
1113 2 0.24623003602027893 0 0
1114 2 0.2459210455417633 0 0
1115 2 0.24563494324684143 0 0
1116 2 0.2453717291355133 0 0
1117 2 0.24513140320777893 0 0
1118 2 0.2453869879245758 0 0
1119 2 0.24565401673316956 0 0
1120 2 0.24593248963356018 0 0
1121 2 0.24622240662574768 0 0
1122 2 0.24652376770973206 0 0
1123 2 0.2468365728855133 0 0
1124 2 0.24716082215309143 0 0
1125 2 0.24749651551246643 0 0
1126 2 0.2478436529636383 0 0
1127 2 0.24820223450660706 0 0
1128 2 0.24857226014137268 0 0
1129 2 0.24895372986793518 0 0
1130 2 0.24934664368629456 0 0
1131 2 0.2497510015964508 0 0
1132 2 0.25016680359840393 0 0
1133 2 0.25059404969215393 0 0
1134 2 0.2510327398777008 0 0
1135 2 0.25148287415504456 0 0
1136 2 0.2519444525241852 0 0
1137 2 0.2524174749851227 0 0
1138 2 0.2525153160095215 0 0
1139 2 0.2525153160095215 0 0
1140 18 0.2525153160095215 0 0
1141 18 0.2525153160095215 0 0
1142 18 0.2525153160095215 0 0
1143 18 0.2525153160095215 0 0
1144 18 0.2525153160095215 0 0
1145 18 0.25281667709350586 0 0
1146 18 0.2531294822692871 0 0
1147 18 0.25345373153686523 0 0
1148 18 0.25378942489624023 0 0
1149 18 0.2541365623474121 0 0
1150 18 0.25449514389038086 0 0
1151 18 0.2548651695251465 0 0
1152 18 0.255246639251709 0 0
1153 18 0.25563955307006836 0 0
1154 18 0.2560439109802246 0 0
1155 18 0.25645971298217773 0 0
1156 18 0.25688695907592773 0 0
1157 18 0.2573256492614746 0 0
1158 18 0.25777578353881836 0 0
1159 18 0.258237361907959 0 0
1160 18 0.2587103843688965 0 0
1161 18 0.25919485092163086 0 0
1162 18 0.2596907615661621 0 0
1163 18 0.26019811630249023 0 0
1164 18 0.26071691513061523 0 0
1165 18 0.2612471580505371 0 0
1166 2 0.26178884506225586 0 0
1167 2 0.2623419761657715 0 0
1168 2 0.262906551361084 0 0
1169 2 0.2636582553386688 0 0
1170 2 0.2642533481121063 0 0
1171 2 0.2648636996746063 0 0
1172 2 0.2654893100261688 0 0
1173 2 0.2661301791667938 0 0
1174 2 0.2667863070964813 0 0
1175 2 0.2674576938152313 0 0
1176 2 0.2681443393230438 0 0
1177 2 0.2688462436199188 0 0
1178 2 0.2695634067058563 0 0
1179 2 0.2702958285808563 0 0
1180 2 0.2710435092449188 0 0
1181 2 0.2718064486980438 0 0
1182 2 0.2725846469402313 0 0
1183 2 0.2733781039714813 0 0
1184 2 0.27415934205055237 0 0
1185 2 0.2749406099319458 0 0
1186 2 0.27572184801101685 0 0
1187 2 0.2765031158924103 0 0
1188 2 0.2772843539714813 0 0
1189 2 0.2773434519767761 0 0
1190 2 0.2773434519767761 0 0
1191 2 0.2773434519767761 0 0
1192 18 0.27742716670036316 0 0
1193 18 0.27751532196998596 0 0
1194 18 0.27751532196998596 0 0
1195 18 0.27751532196998596 0 0
1196 18 0.27751532196998596 0 0
1197 2 0.2778281271457672 0 0
1198 2 0.27815237641334534 0 0
1199 2 0.27848806977272034 0 0
1200 2 0.2788352072238922 0 0
1201 2 0.27919378876686096 0 0
1202 2 0.2795638144016266 0 0
1203 2 0.2799452841281891 0 0
1204 2 0.28033819794654846 0 0
1205 2 0.2807425558567047 0 0
1206 2 0.28115835785865784 0 0
1207 2 0.28158560395240784 0 0
1208 2 0.2820242941379547 0 0
1209 2 0.28247442841529846 0 0
1210 2 0.2829360067844391 0 0
1211 2 0.2834090292453766 0 0
1212 2 0.28389349579811096 0 0
1213 2 0.2843894064426422 0 0
1214 2 0.28489676117897034 0 0
1215 2 0.28541556000709534 0 0
1216 2 0.2859458029270172 0 0
1217 2 0.28648748993873596 0 0
1218 2 0.2870406210422516 0 0
1219 2 0.2876051962375641 0 0
1220 2 0.2883569002151489 0 0
1221 2 0.2889519929885864 0 0
1222 2 0.2895623445510864 0 0
1223 2 0.2901879549026489 0 0
1224 0 0.2908288240432739 0 0
1225 0 0.2914525270462036 0 0
1226 0 0.292059063911438 0 0
1227 0 0.2923434376716614 0 0
1228 0 0.29217156767845154 0 0
1229 0 0.29217156767845154 0 0
1230 0 0.29217156767845154 0 0
1231 0 0.29217156767845154 0 0
1232 0 0.29217156767845154 0 0
1233 0 0.29217156767845154 0 0
1234 0 0.29217156767845154 0 0
1235 0 0.29217156767845154 0 0
1236 0 0.29217156767845154 0 0
1237 0 0.29217156767845154 0 0
1238 0 0.29217156767845154 0 0
1239 0 0.29217156767845154 0 0
1240 0 0.29217156767845154 0 0
1241 0 0.29217156767845154 0 0
1242 0 0.29217156767845154 0 0
1243 0 0.29217156767845154 0 0
1244 0 0.29217156767845154 0 0
1245 0 0.29217156767845154 0 0
1246 0 0.29217156767845154 0 0
1247 0 0.29217156767845154 0 0
1248 0 0.29217156767845154 0 0
1249 0 0.29217156767845154 0 0
1250 0 0.29217156767845154 0 0
1251 0 0.29217156767845154 0 0
1252 0 0.29217156767845154 0 0
1253 0 0.29217156767845154 0 0
1254 0 0.29217156767845154 0 0
1255 0 0.29217156767845154 0 0
1256 0 0.29217156767845154 0 0
1257 0 0.29217156767845154 0 0
1258 0 0.29217156767845154 0 0
1259 0 0.29217156767845154 0 0
1260 0 0.29217156767845154 0 0
1261 0 0.29217156767845154 0 0
1262 0 0.29217156767845154 0 0
1263 0 0.29217156767845154 0 0
1264 0 0.29217156767845154 0 0
1265 0 0.29217156767845154 0 0
1266 0 0.29217156767845154 0 0
1267 0 0.29217156767845154 0 0
1268 0 0.29217156767845154 0 0
1269 0 0.29217156767845154 0 0
1270 0 0.29217156767845154 0 0
1271 0 0.29217156767845154 0 0
1272 0 0.29217156767845154 0 0
1273 0 0.29217156767845154 0 0
1274 0 0.29217156767845154 0 0
1275 0 0.29217156767845154 0 0
1276 0 0.29217156767845154 0 0
1277 0 0.29217156767845154 0 0
1278 0 0.29217156767845154 0 0
1279 0 0.29217156767845154 0 0
1280 0 0.29217156767845154 0 0
1281 0 0.29217156767845154 0 0
1282 0 0.29217156767845154 0 0
1283 0 0.29217156767845154 0 0
1284 0 0.29217156767845154 0 0
1285 0 0.29217156767845154 0 0
1286 0 0.29217156767845154 0 0
1287 0 0.29217156767845154 0 0
1288 0 0.29217156767845154 0 0
1289 0 0.29217156767845154 0 0
1290 0 0.29217156767845154 0 0
1291 0 0.29217156767845154 0 0
1292 0 0.29217156767845154 0 0
1293 0 0.29217156767845154 0 0
1294 0 0.29217156767845154 0 0
1295 0 0.29217156767845154 0 0
1296 0 0.29217156767845154 0 0
1297 0 0.29217156767845154 0 0
1298 0 0.29217156767845154 0 0
1299 0 0.29217156767845154 0 0
1300 0 0.29217156767845154 0 0
1301 0 0.29217156767845154 0 0
1302 0 0.29217156767845154 0 0
1303 0 0.29217156767845154 0 0
1304 0 0.29217156767845154 0 0
1305 0 0.29217156767845154 0 0
1306 0 0.29217156767845154 0 0
1307 0 0.29217156767845154 0 0
1308 0 0.29217156767845154 0 0
1309 0 0.29217156767845154 0 0
1310 1 0.29217156767845154 0 0
1311 1 0.29191598296165466 0 0
1312 1 0.2916489541530609 0 0
1313 1 0.2913704812526703 0 0
1314 1 0.2910805642604828 0 0
1315 1 0.2907792031764984 0 0
1316 1 0.29046639800071716 0 0
1317 1 0.29014214873313904 0 0
1318 1 0.28980645537376404 0 0
1319 1 0.28945931792259216 0 0
1320 1 0.2891007363796234 0 0
1321 17 0.2887307107448578 0 0
1322 17 0.2883492410182953 0 0
1323 17 0.2879563271999359 0 0
1324 17 0.28755196928977966 0 0
1325 17 0.28713616728782654 0 0
1326 17 0.28670892119407654 0 0
1327 17 0.28627023100852966 0 0
1328 17 0.2858200967311859 0 0
1329 17 0.2853585183620453 0 0
1330 17 0.2848854959011078 0 0
1331 17 0.2844010293483734 0 0
1332 17 0.28390511870384216 0 0
1333 17 0.28339776396751404 0 0
1334 17 0.28287896513938904 0 0
1335 17 0.28234872221946716 0 0
1336 17 0.2818070352077484 0 0
1337 17 0.2812539041042328 0 0
1338 17 0.2806893289089203 0 0
1339 17 0.2802813649177551 0 0
1340 17 0.2796862721443176 0 0
1341 17 0.2790759205818176 0 0
1342 16 0.2784503102302551 0 0
1343 16 0.27784186601638794 0 0
1344 2 0.27725058794021606 0 0
1345 2 0.27668219804763794 0 0
1346 2 0.27613669633865356 0 0
1347 2 0.2754422128200531 0 0
1348 2 0.2749424874782562 0 0
1349 2 0.2744656503200531 0 0
1350 2 0.2740117013454437 0 0
1351 2 0.2735806405544281 0 0
1352 2 0.2731724679470062 0 0
1353 2 0.2727871835231781 0 0
1354 2 0.2724247872829437 0 0
1355 2 0.2720852792263031 0 0
1356 2 0.2717686593532562 0 0
1357 2 0.2714749276638031 0 0
1358 2 0.2712040841579437 0 0
1359 2 0.2709561288356781 0 0
1360 2 0.2707310616970062 0 0
1361 2 0.2709866464138031 0 0
1362 18 0.27125367522239685 0 0
1363 18 0.2715321481227875 0 0
1364 18 0.271822065114975 0 0
1365 18 0.27212342619895935 0 0
1366 18 0.2724362313747406 0 0
1367 18 0.2727604806423187 0 0
1368 18 0.2730961740016937 0 0
1369 18 0.2734433114528656 0 0
1370 2 0.27380189299583435 0 0
1371 2 0.2741719186306 0 0
1372 2 0.2745533883571625 0 0
1373 2 0.27494630217552185 0 0
1374 2 0.2753506600856781 0 0
1375 2 0.2757664620876312 0 0
1376 2 0.2761937081813812 0 0
1377 2 0.2766323983669281 0 0
1378 2 0.27708253264427185 0 0
1379 2 0.2775441110134125 0 0
1380 2 0.27801713347435 0 0
1381 2 0.27850160002708435 0 0
1382 2 0.2789975106716156 0 0
1383 2 0.2795048654079437 0 0
1384 2 0.2800236642360687 0 0
1385 2 0.2805539071559906 0 0
1386 2 0.28109559416770935 0 0
1387 2 0.281648725271225 0 0
1388 2 0.2822133004665375 0 0
1389 2 0.2829650044441223 0 0
1390 2 0.2835600972175598 0 0
1391 2 0.2841704487800598 0 0
1392 2 0.2847960591316223 0 0
1393 2 0.2854369282722473 0 0
1394 2 0.2860930562019348 0 0
1395 2 0.2867644429206848 0 0
1396 2 0.2874510884284973 0 0
1397 2 0.2881529927253723 0 0
1398 2 0.2888701558113098 0 0
1399 2 0.2896025776863098 0 0
1400 2 0.2903502583503723 0 0
1401 2 0.2911131978034973 0 0
1402 2 0.2918913960456848 0 0
1403 2 0.2923434376716614 0 0
1404 0 0.2924271523952484 0 0
1405 0 0.2925153076648712 0 0
1406 0 0.2925153076648712 0 0
1407 0 0.2925153076648712 0 0
1408 0 0.2925153076648712 0 0
1409 0 0.2925153076648712 0 0
1410 0 0.2925153076648712 0 0
1411 0 0.2925153076648712 0 0
1412 0 0.2925153076648712 0 0
1413 0 0.2925153076648712 0 0
1414 0 0.2925153076648712 0 0
1415 0 0.2925153076648712 0 0
1416 0 0.2925153076648712 0 0
1417 0 0.2925153076648712 0 0
1418 0 0.2925153076648712 0 0
1419 0 0.2925153076648712 0 0
1420 0 0.2925153076648712 0 0
1421 0 0.2925153076648712 0 0
1422 0 0.2925153076648712 0 0
1423 0 0.2925153076648712 0 0
1424 0 0.2925153076648712 0 0
1425 0 0.2925153076648712 0 0
1426 0 0.2925153076648712 0 0
1427 0 0.2925153076648712 0 0
1428 0 0.2925153076648712 0 0
1429 0 0.2925153076648712 0 0
1430 0 0.2925153076648712 0 0
1431 0 0.2925153076648712 0 0
1432 0 0.2925153076648712 0 0
1433 0 0.2925153076648712 0 0
1434 0 0.2925153076648712 0 0
1435 0 0.2925153076648712 0 0
1436 0 0.2925153076648712 0 0
1437 0 0.2925153076648712 0 0
1438 0 0.2925153076648712 0 0
1439 0 0.2925153076648712 0 0
1440 0 0.2925153076648712 0 0
1441 0 0.2925153076648712 0 0
1442 0 0.2925153076648712 0 0
1443 0 0.2925153076648712 0 0
1444 0 0.2925153076648712 0 0
1445 0 0.2925153076648712 0 0
1446 0 0.2925153076648712 0 0
1447 0 0.2925153076648712 0 0
1448 0 0.2925153076648712 0 0
1449 0 0.2925153076648712 0 0
1450 0 0.2925153076648712 0 0
1451 0 0.2925153076648712 0 0
1452 0 0.2925153076648712 0 0
1453 0 0.2925153076648712 0 0
1454 0 0.2925153076648712 0 0
1455 0 0.2925153076648712 0 0
1456 0 0.2925153076648712 0 0
1457 0 0.2925153076648712 0 0
1458 0 0.2925153076648712 0 0
1459 0 0.2925153076648712 0 0
1460 0 0.2925153076648712 0 0
1461 0 0.2925153076648712 0 0
1462 0 0.2925153076648712 0 0
1463 0 0.2925153076648712 0 0
1464 0 0.2925153076648712 0 0
1465 0 0.2925153076648712 0 0
1466 0 0.2925153076648712 0 0
1467 0 0.2925153076648712 0 0
1468 0 0.2925153076648712 0 0
1469 0 0.2925153076648712 0 0
1470 0 0.2925153076648712 0 0
1471 0 0.2925153076648712 0 0
1472 0 0.2925153076648712 0 0
1473 0 0.2925153076648712 0 0
1474 0 0.2925153076648712 0 0
1475 0 0.2925153076648712 0 0
1476 0 0.2925153076648712 0 0
1477 0 0.2925153076648712 0 0
1478 0 0.2925153076648712 0 0
1479 0 0.2925153076648712 0 0
1480 0 0.2925153076648712 0 0
1481 0 0.2925153076648712 0 0
1482 1 0.2925153076648712 0 0
1483 1 0.29225972294807434 0 0
1484 1 0.2919926941394806 0 0
1485 1 0.29171422123908997 0 0
1486 1 0.29142430424690247 0 0
1487 1 0.2911229431629181 0 0
1488 1 0.29081013798713684 0 0
1489 1 0.2904858887195587 0 0
1490 1 0.2901501953601837 0 0
1491 1 0.28980305790901184 0 0
1492 1 0.2894444763660431 0 0
1493 1 0.28907445073127747 0 0
1494 1 0.28869298100471497 0 0
1495 1 0.2883000671863556 0 0
1496 1 0.28789570927619934 0 0
1497 1 0.2874799072742462 0 0
1498 1 0.2870526611804962 0 0
1499 1 0.28661397099494934 0 0
1500 17 0.2861638367176056 0 0
1501 17 0.28570225834846497 0 0
1502 17 0.28522923588752747 0 0
1503 17 0.2847447693347931 0 0
1504 17 0.28424885869026184 0 0
1505 17 0.2837415039539337 0 0
1506 17 0.2832227051258087 0 0
1507 17 0.28269246220588684 0 0
1508 17 0.2821507751941681 0 0
1509 17 0.28159764409065247 0 0
1510 17 0.28103306889533997 0 0
1511 17 0.2806251049041748 0 0
1512 17 0.2800300121307373 0 0
1513 17 0.2794196605682373 0 0
1514 17 0.2787940502166748 0 0
1515 17 0.2781531810760498 0 0
1516 17 0.2774970531463623 0 0
1517 17 0.2768256664276123 0 0
1518 17 0.2761390209197998 0 0
1519 17 0.2754371166229248 0 0
1520 17 0.2747199535369873 0 0
1521 17 0.2739875316619873 0 0
1522 17 0.2732398509979248 0 0
1523 17 0.27265655994415283 0 0
1524 17 0.272484689950943 0 0
1525 17 0.272484689950943 0 0
1526 17 0.27220621705055237 0 0
1527 17 0.27191630005836487 0 0
1528 0 0.2716149389743805 0 0
1529 0 0.27133074402809143 0 0
1530 0 0.2710637152194977 0 0
1531 0 0.27081385254859924 0 0
1532 0 0.2705811560153961 0 0
1533 0 0.2705811560153961 0 0
1534 0 0.2705811560153961 0 0
1535 0 0.2705811560153961 0 0
1536 0 0.2705811560153961 0 0
1537 0 0.2705811560153961 0 0
1538 0 0.2705811560153961 0 0
1539 0 0.2705811560153961 0 0
1540 1 0.2705811560153961 0 0
1541 1 0.27032557129859924 0 0
1542 1 0.2700585424900055 0 0
1543 1 0.26978006958961487 0 0
1544 1 0.26949015259742737 0 0
1545 1 0.269188791513443 0 0
1546 1 0.26887598633766174 0 0
1547 1 0.2685517370700836 0 0
1548 1 0.2682160437107086 0 0
1549 1 0.26786890625953674 0 0
1550 17 0.267510324716568 0 0
1551 17 0.26714029908180237 0 0
1552 17 0.26675882935523987 0 0
1553 17 0.2663659155368805 0 0
1554 17 0.26596155762672424 0 0
1555 17 0.2655457556247711 0 0
1556 17 0.2651185095310211 0 0
1557 17 0.26467981934547424 0 0
1558 17 0.2642296850681305 0 0
1559 17 0.26376810669898987 0 0
1560 17 0.26329508423805237 0 0
1561 17 0.262810617685318 0 0
1562 17 0.26231470704078674 0 0
1563 17 0.2618073523044586 0 0
1564 17 0.2612885534763336 0 0
1565 17 0.26075831055641174 0 0
1566 17 0.260216623544693 0 0
1567 17 0.25966349244117737 0 0
1568 17 0.25909891724586487 0 0
1569 17 0.2586909532546997 0 0
1570 17 0.2580958604812622 0 0
1571 17 0.2574855089187622 0 0
1572 17 0.2568598985671997 0 0
1573 17 0.2562190294265747 0 0
1574 17 0.2555629014968872 0 0
1575 17 0.2548915147781372 0 0
1576 17 0.2542048692703247 0 0
1577 17 0.2535029649734497 0 0
1578 17 0.2527858018875122 0 0
1579 17 0.2520533800125122 0 0
1580 17 0.2513056993484497 0 0
1581 17 0.2505427598953247 0 0
1582 17 0.2497645616531372 0 0
1583 17 0.2489711046218872 0 0
1584 17 0.24818985164165497 0 0
1585 17 0.24740859866142273 0 0
1586 17 0.2466273456811905 0 0
1587 17 0.24584609270095825 0 0
1588 17 0.2450648546218872 0 0
1589 17 0.24428360164165497 0 0
1590 17 0.24350234866142273 0 0
1591 17 0.2427210956811905 0 0
1592 17 0.24265655875205994 0 0
1593 17 0.24265655875205994 0 0
1594 17 0.24265655875205994 0 0
1595 17 0.24265655875205994 0 0
1596 17 0.24265655875205994 0 0
1597 17 0.24265655875205994 0 0
1598 17 0.24265655875205994 0 0
1599 17 0.24265655875205994 0 0
1600 17 0.24265655875205994 0 0
1601 17 0.24265655875205994 0 0
1602 17 0.24265655875205994 0 0
1603 17 0.2418753057718277 0 0
1604 17 0.24109405279159546 0 0
1605 17 0.24031279981136322 0 0
1606 17 0.23953156173229218 0 0
1607 17 0.23875030875205994 0 0
1608 1 0.2379690557718277 0 0
1609 1 0.23718780279159546 0 0
1610 1 0.23640654981136322 0 0
1611 1 0.23562531173229218 0 0
1612 0 0.23484405875205994 0 0
1613 0 0.234079971909523 0 0
1614 2 0.2333330512046814 0 0
1615 2 0.23260901868343353 0 0
1616 2 0.2319078892469406 0 0
1617 2 0.23122963309288025 0 0
1618 2 0.23057426512241364 0 0
1619 2 0.22994178533554077 0 0
1620 2 0.22933219373226166 0 0
1621 2 0.2287455052137375 0 0
1622 2 0.22818168997764587 0 0
1623 2 0.227640762925148 0 0
1624 2 0.22695085406303406 0 0
1625 2 0.2264557033777237 0 0
1626 2 0.22598344087600708 0 0
1627 2 0.2255340814590454 0 0
1628 2 0.2251075953245163 0 0
1629 2 0.22470399737358093 0 0
1630 2 0.22432328760623932 0 0
1631 2 0.22396546602249146 0 0
1632 2 0.223630890250206 0 0
1633 2 0.22332343459129333 0 0
1634 2 0.22304244339466095 0 0
1635 2 0.22278723120689392 0 0
1636 2 0.22255708277225494 0 0
1637 2 0.22279523313045502 0 0
1638 2 0.22304049134254456 0 0
1639 2 0.22329261898994446 0 0
1640 2 0.2235514521598816 0 0
1641 2 0.22381678223609924 0 0
1642 2 0.22408844530582428 0 0
1643 2 0.22436626255512238 0 0
1644 2 0.2246500849723816 0 0
1645 2 0.2249397337436676 0 0
1646 2 0.22523505985736847 0 0
1647 2 0.22553592920303345 0 0
1648 2 0.2258421927690506 0 0
1649 2 0.22615371644496918 0 0
1650 2 0.22647038102149963 0 0
1651 2 0.22688618302345276 0 0
1652 2 0.22731342911720276 0 0
1653 2 0.22775211930274963 0 0
1654 2 0.22820225358009338 0 0
1655 0 0.228663831949234 0 0
1656 0 0.22910824418067932 0 0
1657 0 0.22953549027442932 0 0
1658 0 0.229945570230484 0 0
1659 0 0.23033848404884338 0 0
1660 0 0.23071423172950745 0 0
1661 0 0.2310728132724762 0 0
1662 0 0.23141422867774963 0 0
1663 0 0.23173847794532776 0 0
1664 0 0.23204556107521057 0 0
1665 0 0.23233547806739807 0 0
1666 0 0.23260822892189026 0 0
1667 0 0.23286381363868713 0 0
1668 0 0.2331022322177887 0 0
1669 0 0.2331022322177887 0 0
1670 0 0.2331022322177887 0 0
1671 0 0.2331022322177887 0 0
1672 0 0.2331022322177887 0 0
1673 0 0.2331022322177887 0 0
1674 0 0.2331022322177887 0 0
1675 0 0.2331022322177887 0 0
1676 0 0.2331022322177887 0 0
1677 0 0.2331022322177887 0 0
1678 0 0.2331022322177887 0 0
1679 0 0.2331022322177887 0 0
1680 0 0.2331022322177887 0 0
1681 0 0.2331022322177887 0 0
1682 0 0.2331022322177887 0 0
1683 0 0.2331022322177887 0 0
1684 0 0.2331022322177887 0 0
1685 0 0.2331022322177887 0 0
1686 0 0.2331022322177887 0 0
1687 0 0.2331022322177887 0 0
1688 0 0.2331022322177887 0 0
1689 0 0.2331022322177887 0 0
1690 0 0.2331022322177887 0 0
1691 0 0.2331022322177887 0 0
1692 0 0.2331022322177887 0 0
1693 0 0.2331022322177887 0 0
1694 0 0.2331022322177887 0 0
1695 0 0.2331022322177887 0 0
1696 0 0.2331022322177887 0 0
1697 0 0.2331022322177887 0 0
1698 0 0.2331022322177887 0 0
1699 0 0.2331022322177887 0 0
1700 0 0.2331022322177887 0 0
1701 0 0.2331022322177887 0 0
1702 0 0.2331022322177887 0 0
1703 0 0.2331022322177887 0 0
1704 0 0.2331022322177887 0 0
1705 0 0.2331022322177887 0 0
1706 0 0.2331022322177887 0 0
1707 0 0.2331022322177887 0 0
1708 0 0.2331022322177887 0 0
1709 0 0.2331022322177887 0 0
1710 0 0.2331022322177887 0 0
1711 0 0.2331022322177887 0 0
1712 0 0.2331022322177887 0 0
1713 0 0.2331022322177887 0 0
1714 0 0.2331022322177887 0 0
1715 0 0.2331022322177887 0 0
1716 0 0.2331022322177887 0 0
1717 0 0.2331022322177887 0 0
1718 0 0.2331022322177887 0 0
1719 0 0.2331022322177887 0 0
1720 0 0.2331022322177887 0 0
1721 0 0.2331022322177887 0 0
1722 0 0.2331022322177887 0 0
1723 0 0.2331022322177887 0 0
1724 0 0.2331022322177887 0 0
1725 0 0.2331022322177887 0 0
1726 0 0.2331022322177887 0 0
1727 0 0.2331022322177887 0 0
1728 0 0.2331022322177887 0 0
1729 0 0.2331022322177887 0 0
1730 0 0.2331022322177887 0 0
1731 0 0.2331022322177887 0 0
1732 0 0.2331022322177887 0 0
1733 0 0.2331022322177887 0 0
1734 0 0.2331022322177887 0 0
1735 0 0.2331022322177887 0 0
1736 0 0.2331022322177887 0 0
1737 0 0.2331022322177887 0 0
1738 0 0.2331022322177887 0 0
1739 0 0.2331022322177887 0 0
1740 0 0.2331022322177887 0 0
1741 0 0.2331022322177887 0 0
1742 0 0.2331022322177887 0 0
1743 0 0.2331022322177887 0 0
1744 0 0.2331022322177887 0 0
1745 0 0.2331022322177887 0 0
1746 0 0.2331022322177887 0 0
1747 0 0.2331022322177887 0 0
1748 0 0.2331022322177887 0 0
1749 0 0.2331022322177887 0 0
1750 0 0.2331022322177887 0 0
1751 0 0.2331022322177887 0 0
1752 0 0.2331022322177887 0 0
1753 0 0.2331022322177887 0 0
1754 0 0.2331022322177887 0 0
1755 0 0.2331022322177887 0 0
1756 0 0.2331022322177887 0 0
1757 0 0.2331022322177887 0 0
1758 2 0.2331022322177887 0 0
1759 2 0.23335781693458557 0 0
1760 2 0.23362484574317932 0 0
1761 2 0.23390331864356995 0 0
1762 2 0.23419323563575745 0 0
1763 2 0.23449459671974182 0 0
1764 2 0.23480740189552307 0 0
1765 2 0.2351316511631012 0 0
1766 18 0.2354673445224762 0 0
1767 18 0.23581448197364807 0 0
1768 18 0.23617306351661682 0 0
1769 18 0.23654308915138245 0 0
1770 18 0.23692455887794495 0 0
1771 18 0.23731747269630432 0 0
1772 18 0.23772183060646057 0 0
1773 18 0.2381376326084137 0 0
1774 2 0.2385648787021637 0 0
1775 2 0.23900356888771057 0 0
1776 2 0.23945370316505432 0 0
1777 2 0.23991528153419495 0 0
1778 2 0.24038830399513245 0 0
1779 2 0.24087277054786682 0 0
1780 2 0.24136868119239807 0 0
1781 2 0.2418760359287262 0 0
1782 2 0.2423948347568512 0 0
1783 2 0.24292507767677307 0 0
1784 2 0.24346676468849182 0 0
1785 2 0.24401989579200745 0 0
1786 2 0.24458447098731995 0 0
1787 2 0.24533617496490479 0 0
1788 2 0.24593126773834229 0 0
1789 2 0.24654161930084229 0 0
1790 2 0.24716722965240479 0 0
1791 2 0.24780809879302979 0 0
1792 2 0.24846422672271729 0 0
1793 2 0.24913561344146729 0 0
1794 0 0.24982225894927979 0 0
1795 0 0.250491738319397 0 0
1796 0 0.25114405155181885 0 0
1797 0 0.2517791986465454 0 0
1798 0 0.25234344601631165 0 0
1799 0 0.25234344601631165 0 0
1800 0 0.25234344601631165 0 0
1801 0 0.25234344601631165 0 0
1802 0 0.25234344601631165 0 0
1803 0 0.2525153160095215 0 0
1804 0 0.2525153160095215 0 0
1805 0 0.2525153160095215 0 0
1806 0 0.2525153160095215 0 0
1807 0 0.2525153160095215 0 0
1808 0 0.2525153160095215 0 0
1809 0 0.2525153160095215 0 0
1810 0 0.2525153160095215 0 0
1811 0 0.2525153160095215 0 0
1812 0 0.2525153160095215 0 0
1813 0 0.2525153160095215 0 0
1814 0 0.2525153160095215 0 0
1815 0 0.2525153160095215 0 0
1816 1 0.2525153160095215 0 0
1817 1 0.2522597312927246 0 0
1818 1 0.25199270248413086 0 0
1819 1 0.25171422958374023 0 0
1820 1 0.25142431259155273 0 0
1821 1 0.25112295150756836 0 0
1822 1 0.2508101463317871 0 0
1823 1 0.250485897064209 0 0
1824 1 0.250150203704834 0 0
1825 1 0.2498030662536621 0 0
1826 1 0.24944448471069336 0 0
1827 1 0.24907445907592773 0 0
1828 0 0.24869298934936523 0 0
1829 0 0.24832868576049805 0 0
1830 0 0.24798154830932617 0 0
1831 0 0.2476515769958496 0 0
1832 0 0.24733877182006836 0 0
1833 0 0.24704313278198242 0 0
1834 0 0.2467646598815918 0 0
1835 0 0.24650335311889648 0 0
1836 0 0.24625921249389648 0 0
1837 0 0.2460322380065918 0 0
1838 0 0.2460322380065918 0 0
1839 0 0.2460322380065918 0 0
1840 0 0.2460322380065918 0 0
1841 0 0.2460322380065918 0 0
1842 0 0.2460322380065918 0 0
1843 0 0.2460322380065918 0 0
1844 0 0.2460322380065918 0 0
1845 0 0.2460322380065918 0 0
1846 0 0.2460322380065918 0 0
1847 0 0.2460322380065918 0 0
1848 0 0.2460322380065918 0 0
1849 0 0.2460322380065918 0 0
1850 0 0.2460322380065918 0 0
1851 0 0.2460322380065918 0 0
1852 0 0.2460322380065918 0 0
1853 0 0.2460322380065918 0 0
1854 1 0.2460322380065918 0 0
1855 1 0.24577665328979492 0 0
1856 1 0.24550962448120117 0 0
1857 1 0.24523115158081055 0 0
1858 1 0.24494123458862305 0 0
1859 1 0.24463987350463867 0 0
1860 1 0.24432706832885742 0 0
1861 1 0.2440028190612793 0 0
1862 1 0.2436671257019043 0 0
1863 1 0.24331998825073242 0 0
1864 1 0.24296140670776367 0 0
1865 1 0.24259138107299805 0 0
1866 1 0.24220991134643555 0 0
1867 1 0.24181699752807617 0 0
1868 1 0.24141263961791992 0 0
1869 1 0.2409968376159668 0 0
1870 1 0.2405695915222168 0 0
1871 1 0.24013090133666992 0 0
1872 1 0.23968076705932617 0 0
1873 1 0.23921918869018555 0 0
1874 1 0.23874616622924805 0 0
1875 1 0.23826169967651367 0 0
1876 1 0.23776578903198242 0 0
1877 1 0.2372584342956543 0 0
1878 1 0.2367396354675293 0 0
1879 1 0.23620939254760742 0 0
1880 1 0.23566770553588867 0 0
1881 1 0.23511457443237305 0 0
1882 0 0.23454999923706055 0 0
1883 0 0.2341744601726532 0 0
1884 0 0.23347234725952148 0 0
1885 0 0.23295927047729492 0 0
1886 0 0.23246335983276367 0 0
1887 0 0.23198461532592773 0 0
1888 2 0.2315230369567871 0 0
1889 2 0.23108434677124023 0 0
1890 2 0.2306685447692871 0 0
1891 2 0.23027563095092773 0 0
1892 2 0.2299056053161621 0 0
1893 2 0.22955846786499023 0 0
1894 2 0.2292342185974121 0 0
1895 2 0.22893285751342773 0 0
1896 2 0.2286543846130371 0 0
1897 2 0.22839879989624023 0 0
1898 2 0.2281661033630371 0 0
1899 2 0.22842168807983398 0 0
1900 2 0.22868871688842773 0 0
1901 2 0.22896718978881836 0 0
1902 2 0.22925710678100586 0 0
1903 2 0.22955846786499023 0 0
1904 2 0.22987127304077148 0 0
1905 2 0.2301955223083496 0 0
1906 2 0.2305312156677246 0 0
1907 2 0.23087835311889648 0 0
1908 2 0.23123693466186523 0 0
1909 2 0.23160696029663086 0 0
1910 2 0.23198843002319336 0 0
1911 2 0.23238134384155273 0 0
1912 2 0.23278570175170898 0 0
1913 2 0.2332015037536621 0 0
1914 2 0.2336287498474121 0 0
1915 2 0.23406744003295898 0 0
1916 18 0.23451757431030273 0 0
1917 18 0.23497915267944336 0 0
1918 18 0.23545217514038086 0 0
1919 18 0.23593664169311523 0 0
1920 18 0.23643255233764648 0 0
1921 18 0.2369399070739746 0 0
1922 18 0.2374587059020996 0 0
1923 18 0.23798894882202148 0 0
1924 18 0.23853063583374023 0 0
1925 18 0.23908376693725586 0 0
1926 18 0.23964834213256836 0 0
1927 18 0.2404000461101532 0 0
1928 18 0.2409951388835907 0 0
1929 18 0.2416054904460907 0 0
1930 18 0.2422311007976532 0 0
1931 18 0.2428719699382782 0 0
1932 18 0.2435280978679657 0 0
1933 18 0.2441994845867157 0 0
1934 18 0.2448861300945282 0 0
1935 18 0.2455880343914032 0 0
1936 18 0.2463051974773407 0 0
1937 18 0.2470376193523407 0 0
1938 18 0.24734345078468323 0 0
1939 18 0.24742716550827026 0 0
1940 18 0.24751532077789307 0 0
1941 18 0.24751532077789307 0 0
1942 18 0.24751532077789307 0 0
1943 18 0.24751532077789307 0 0
1944 18 0.24751532077789307 0 0
1945 18 0.24751532077789307 0 0
1946 18 0.24751532077789307 0 0
1947 18 0.24751532077789307 0 0
1948 18 0.24751532077789307 0 0
1949 18 0.24751532077789307 0 0
1950 18 0.24751532077789307 0 0
1951 18 0.24751532077789307 0 0
1952 1 0.24751532077789307 0 0
1953 1 0.2472597360610962 0 0
1954 1 0.24699270725250244 0 0
1955 1 0.24671423435211182 0 0
1956 1 0.24642431735992432 0 0
1957 1 0.24612295627593994 0 0
1958 1 0.2458101511001587 0 0
1959 1 0.24548590183258057 0 0
1960 1 0.24515020847320557 0 0
1961 1 0.2448030710220337 0 0
1962 1 0.24444448947906494 0 0
1963 1 0.24407446384429932 0 0
1964 1 0.24369299411773682 0 0
1965 1 0.24330008029937744 0 0
1966 1 0.2428957223892212 0 0
1967 1 0.24247992038726807 0 0
1968 1 0.24205267429351807 0 0
1969 1 0.2416139841079712 0 0
1970 1 0.24116384983062744 0 0
1971 1 0.24070227146148682 0 0
1972 1 0.24022924900054932 0 0
1973 1 0.23974478244781494 0 0
1974 1 0.2392488718032837 0 0
1975 1 0.23874151706695557 0 0
1976 1 0.23822271823883057 0 0
1977 1 0.2376924753189087 0 0
1978 1 0.23715078830718994 0 0
1979 1 0.23659765720367432 0 0
1980 1 0.23603308200836182 0 0
1981 1 0.23562511801719666 0 0
1982 1 0.23503002524375916 0 0
1983 1 0.23441967368125916 0 0
1984 1 0.23379406332969666 0 0
1985 1 0.23315319418907166 0 0
1986 1 0.23249706625938416 0 0
1987 1 0.23182567954063416 0 0
1988 1 0.23113903403282166 0 0
1989 1 0.23043712973594666 0 0
1990 1 0.22971996665000916 0 0
1991 1 0.22898754477500916 0 0
1992 1 0.22823986411094666 0 0
1993 1 0.22747692465782166 0 0
1994 1 0.22669872641563416 0 0
1995 1 0.22590526938438416 0 0
1996 1 0.22512401640415192 0 0
1997 1 0.22434276342391968 0 0
1998 1 0.22356151044368744 0 0
1999 1 0.2227802723646164 0 0
2000 1 0.22199901938438416 0 0
2001 1 0.22121776640415192 0 0
2002 1 0.22043651342391968 0 0
2003 1 0.21965526044368744 0 0
2004 1 0.2188740223646164 0 0
2005 1 0.21809276938438416 0 0
2006 1 0.21731151640415192 0 0
2007 1 0.21653026342391968 0 0
2008 1 0.21574901044368744 0 0
2009 1 0.2149677723646164 0 0
2010 1 0.21418651938438416 0 0
2011 1 0.21340526640415192 0 0
2012 1 0.21262401342391968 0 0
2013 1 0.21184276044368744 0 0
2014 0 0.2110615223646164 0 0
2015 1 0.21029743552207947 0 0
2016 1 0.20951808989048004 0 0
2017 1 0.20872348546981812 0 0
2018 1 0.20794223248958588 0 0
2019 1 0.20716099441051483 0 0
2020 1 0.2063797414302826 0 0
2021 1 0.20559848845005035 0 0
2022 1 0.20481723546981812 0 0
2023 1 0.20403598248958588 0 0
2024 18 0.20325474441051483 0 0
2025 18 0.20250210165977478 0 0
2026 18 0.20177234709262848 0 0
2027 18 0.20106548070907593 0 0
2028 18 0.20038150250911713 0 0
2029 18 0.19972042739391327 0 0
2030 18 0.19908222556114197 0 0
2031 18 0.19846691191196442 0 0
2032 18 0.19787448644638062 0 0
2033 18 0.19730494916439056 0 0
2034 16 0.19675831496715546 0 0
2035 16 0.19605696201324463 0 0
2036 0 0.19554464519023895 0 0
2037 0 0.1950494945049286 0 0
2038 0 0.19457150995731354 0 0
2039 0 0.1941106915473938 0 0
2040 2 0.19366705417633057 0 0
2041 2 0.1932462900876999 0 0
2042 2 0.19284841418266296 0 0
2043 2 0.1924734264612198 0 0
2044 2 0.19212132692337036 0 0
2045 2 0.19179213047027588 0 0
2046 2 0.19148580729961395 0 0
2047 2 0.19120237231254578 0 1
2047 2 0.19120237231254578 0 1
