data/levels/world2/Mouldy_Grotto.stl
1 0 0.022484373301267624 0 0
2 0 0.022484373301267624 0 0
3 0 0.022484373301267624 0 0
4 0 0.022484373301267624 0 0
5 0 0.022484373301267624 0 0
6 0 0.022484373301267624 0 0
7 0 0.022484373301267624 0 0
8 0 0.022484373301267624 0 0
9 0 0.022484373301267624 0 0
10 0 0.022484373301267624 0 0
11 0 0.022484373301267624 0 0
12 0 0.022484373301267624 0 0
13 0 0.022484373301267624 0 0
14 0 0.022484373301267624 0 0
15 0 0.022484373301267624 0 0
16 0 0.022484373301267624 0 0
17 0 0.022484373301267624 0 0
18 0 0.022484373301267624 0 0
19 0 0.022484373301267624 0 0
20 0 0.022484373301267624 0 0
21 0 0.022484373301267624 0 0
22 0 0.022484373301267624 0 0
23 0 0.022484373301267624 0 0
24 0 0.022484373301267624 0 0
25 0 0.022484373301267624 0 0
26 2 0.022484373301267624 0 0
27 2 0.0227399580180645 0 0
28 2 0.02300698682665825 0 0
29 2 0.023285459727048874 0 0
30 2 0.023575376719236374 0 0
31 2 0.02387673780322075 0 0
32 2 0.024189542979002 0 0
33 2 0.024513792246580124 0 0
34 2 0.024849485605955124 0 0
35 2 0.025196623057127 0 0
36 2 0.02555520460009575 0 0
37 2 0.025925230234861374 0 0
38 2 0.026306699961423874 0 0
39 2 0.02669961377978325 0 0
40 2 0.0271039716899395 0 0
41 2 0.027519773691892624 0 0
42 2 0.027947019785642624 0 0
43 2 0.0283857099711895 0 0
44 2 0.02883584424853325 0 0
45 2 0.029297422617673874 0 0
46 2 0.029770445078611374 0 0
47 2 0.03025491163134575 0 0
48 2 0.030750822275877 0 0
49 2 0.031258177012205124 0 0
50 2 0.031776975840330124 0 0
51 2 0.032307218760252 0 0
52 2 0.03284890577197075 0 0
53 2 0.033402036875486374 0 0
54 2 0.033966612070798874 0 0
55 2 0.03471832349896431 0 0
56 2 0.03531341627240181 0 0
57 2 0.03592376783490181 0 0
58 2 0.03654937818646431 0 0
59 2 0.03719024732708931 0 0
60 2 0.03784637525677681 0 0
61 2 0.03851776197552681 0 0
62 2 0.03920440748333931 0 0
63 2 0.03990631178021431 0 0
64 2 0.04062347486615181 0 0
65 2 0.04135589674115181 0 0
66 2 0.04210357740521431 0 0
67 2 0.04286651685833931 0 0
68 2 0.04364471510052681 0 0
69 2 0.04443817213177681 0 0
70 2 0.04521942138671875 0 0
71 2 0.04600067064166069 0 0
72 2 0.04678191989660263 0 0
73 2 0.04756317287683487 0 0
74 2 0.04834442213177681 0 0
75 2 0.04912567138671875 0 0
76 2 0.04990692064166069 0 0
77 2 0.05068816989660263 0 0
78 2 0.05146942287683487 0 0
79 2 0.05225067213177681 0 0
80 2 0.05303192138671875 0 0
81 2 0.05381317064166069 0 0
82 2 0.05459441989660263 0 0
83 2 0.05537567287683487 0 0
84 2 0.05615692213177681 0 0
85 2 0.05693817138671875 0 0
86 2 0.05771942064166069 0 0
87 2 0.05850066989660263 0 0
88 2 0.05928192287683487 0 0
89 2 0.06006317213177681 0 0
90 2 0.06084442138671875 0 0
91 2 0.06162567064166069 0 0
92 2 0.06240691989660263 0 0
93 2 0.06318817287683487 0 0
94 2 0.06396941840648651 0 0
95 2 0.06475067138671875 0 0
96 2 0.06553192436695099 0 0
97 2 0.06631316989660263 0 0
98 2 0.06709442287683487 0 0
99 2 0.06787566840648651 0 0
100 2 0.06865692138671875 0 0
101 2 0.06943817436695099 0 0
102 2 0.07021941989660263 0 0
103 2 0.07100067287683487 0 0
104 2 0.07178191840648651 0 0
105 2 0.07256317138671875 0 0
106 2 0.07334442436695099 0 0
107 2 0.07412566989660263 0 0
108 2 0.07490692287683487 0 0
109 2 0.07568816840648651 0 0
110 2 0.07646942138671875 0 0
111 2 0.07725067436695099 0 0
112 2 0.07803191989660263 0 0
113 2 0.07881317287683487 0 0
114 2 0.07959441840648651 0 0
115 2 0.08037567138671875 0 0
116 2 0.08115692436695099 0 0
117 2 0.08193816989660263 0 0
118 2 0.08271942287683487 0 0
119 2 0.08350066840648651 0 0
120 2 0.08428192138671875 0 0
121 2 0.08506317436695099 0 0
122 2 0.08584441989660263 0 0
123 2 0.08662567287683487 0 0
124 2 0.08740691840648651 0 0
125 2 0.08818817138671875 0 0
126 2 0.08896942436695099 0 0
127 2 0.08975066989660263 0 0
128 2 0.09053192287683487 0 0
129 2 0.09131316840648651 0 0
130 2 0.09209442138671875 0 0
131 2 0.09287567436695099 0 0
132 2 0.09365691989660263 0 0
133 2 0.09443817287683487 0 0
134 0 0.09521941840648651 0 0
135 0 0.09598350524902344 0 0
136 0 0.09673042595386505 0 0
137 0 0.09746017307043076 0 0
138 0 0.09817276149988174 0 0
139 0 0.09886817634105682 0 0
140 0 0.09954643249511719 0 0
141 0 0.10020752251148224 0 0
142 0 0.10085143893957138 0 0
143 0 0.1014781966805458 0 0
144 0 0.10208778083324432 0 0
145 0 0.10268020629882812 0 0
146 0 0.10325546562671661 0 0
147 0 0.1038135513663292 0 0
148 0 0.10418260842561722 0 0
149 0 0.10470636188983917 0 0
150 0 0.10521295666694641 0 0
151 0 0.10570237785577774 0 0
152 0 0.10617464035749435 0 0
153 1 0.10662973672151566 0 0
154 1 0.10706193745136261 0 0
155 1 0.10747125744819641 0 0
156 1 0.10785768181085587 0 0
157 1 0.10822122544050217 0 0
158 1 0.10856188088655472 0 0
159 1 0.10887964069843292 0 0
160 1 0.10917451977729797 0 0
161 1 0.10944650322198868 0 0
162 1 0.10969560593366623 0 0
163 1 0.10992182046175003 0 0
164 1 0.10966623574495316 0 0
165 1 0.1093992069363594 0 0
166 1 0.10912073403596878 0 0
167 0 0.10883081704378128 0 0
168 0 0.10855806618928909 0 0
169 0 0.10830248147249222 0 0
170 0 0.10806406289339066 0 0
171 0 0.1078428104519844 0 0
172 0 0.10763872414827347 0 0
173 0 0.10745180398225784 0 0
174 0 0.10728204995393753 0 0
175 0 0.10712946206331253 0 0
176 0 0.10699404031038284 0 0
177 0 0.10687578469514847 0 0
178 0 0.1067746952176094 0 0
179 0 0.10669077187776566 0 0
180 0 0.10662401467561722 0 0
181 0 0.10657442361116409 0 0
182 0 0.10654199868440628 0 0
183 0 0.10652673989534378 0 0
184 0 0.10652864724397659 0 0
185 0 0.10651338845491409 0 0
186 0 0.1065152958035469 0 0
187 0 0.1065000370144844 0 0
188 0 0.10650194436311722 0 0
189 0 0.10648668557405472 0 0
190 0 0.10648859292268753 0 0
191 0 0.10647333413362503 0 0
192 2 0.10647524148225784 0 0
193 2 0.10673082619905472 0 0
194 2 0.10699785500764847 0 0
195 2 0.10727632790803909 0 0
196 2 0.10756624490022659 0 0
197 2 0.10786760598421097 0 0
198 2 0.10818041115999222 0 0
199 2 0.10850466042757034 0 0
200 2 0.10884035378694534 0 0
201 2 0.10918749123811722 0 0
202 2 0.10954607278108597 0 0
203 2 0.10991609841585159 0 0
204 2 0.11029756814241409 0 0
205 2 0.11069048196077347 0 0
206 2 0.11109483987092972 0 0
207 2 0.11151064187288284 0 0
208 2 0.11193788796663284 0 0
209 2 0.11237657815217972 0 0
210 2 0.11282671242952347 0 0
211 2 0.11328829079866409 0 0
212 2 0.11376131325960159 0 0
213 2 0.11424577981233597 0 0
214 2 0.11474169045686722 0 0
215 2 0.11524904519319534 0 0
216 2 0.11576784402132034 0 0
217 2 0.11629808694124222 0 0
218 2 0.11683977395296097 0 0
219 2 0.11739290505647659 0 0
220 2 0.11795748025178909 0 0
221 2 0.11870918422937393 0 0
222 2 0.11930427700281143 0 0
223 2 0.11991462856531143 0 0
224 2 0.12054023891687393 0 0
225 2 0.12118110805749893 0 0
226 2 0.12183723598718643 0 0
227 2 0.12250862270593643 0 0
228 2 0.12319526821374893 0 0
229 2 0.12389717251062393 0 0
230 2 0.12461433559656143 0 0
231 2 0.12534675002098083 0 0
232 0 0.12609443068504333 0 0
233 0 0.12682494521141052 0 0
234 0 0.1275382936000824 0 0
235 0 0.12823447585105896 0 0
236 0 0.1289134919643402 0 0
237 0 0.12957534193992615 0 0
238 0 0.13022002577781677 0 0
239 0 0.13084754347801208 0 0
240 0 0.13145789504051208 0 0
241 1 0.13205108046531677 0 0
242 1 0.13261565566062927 0 0
243 1 0.13315734267234802 0 0
244 1 0.13350427150726318 0 0
245 1 0.13400018215179443 0 0
246 1 0.13447320461273193 0 0
247 1 0.13492333889007568 0 0
248 1 0.13535058498382568 0 0
249 1 0.13575494289398193 0 0
250 1 0.13613641262054443 0 0
251 1 0.13649499416351318 0 0
252 1 0.13683068752288818 0 0
253 1 0.13714349269866943 0 0
254 1 0.1372026652097702 0 1
254 1 0.1372026652097702 0 1
