data/levels/world2/Going_Underground.stl
1 0 0.02343629114329815 0 0
2 0 0.02343629114329815 0 0
3 0 0.02343629114329815 0 0
4 0 0.02343629114329815 0 0
5 0 0.02343629114329815 0 0
6 0 0.02343629114329815 0 0
7 0 0.02343629114329815 0 0
8 0 0.02343629114329815 0 0
9 0 0.02343629114329815 0 0
10 0 0.02343629114329815 0 0
11 0 0.02343629114329815 0 0
12 0 0.02343629114329815 0 0
13 0 0.02343629114329815 0 0
14 0 0.02343629114329815 0 0
15 0 0.02343629114329815 0 0
16 0 0.02343629114329815 0 0
17 0 0.02343629114329815 0 0
18 0 0.02343629114329815 0 0
19 0 0.02343629114329815 0 0
20 0 0.02343629114329815 0 0
21 0 0.02343629114329815 0 0
22 0 0.02343629114329815 0 0
23 0 0.02343629114329815 0 0
24 0 0.02343629114329815 0 0
25 0 0.02343629114329815 0 0
26 2 0.02343629114329815 0 0
27 2 0.0237770713865757 0 0
28 2 0.02413311041891575 0 0
29 2 0.02450440637767315 0 0
30 2 0.0248909629881382 0 0
31 2 0.02529277838766575 0 0
32 2 0.02570985071361065 0 0
33 2 0.0261421836912632 0 0
34 2 0.02658977545797825 0 0
35 2 0.02705262415111065 0 0
36 2 0.0275307334959507 0 0
37 2 0.02802410162985325 0 0
38 2 0.02853272669017315 0 0
39 2 0.0290566124022007 0 0
40 2 0.02959575690329075 0 0
41 2 0.03015015833079815 0 0
42 2 0.0307198204100132 0 0
43 2 0.0313047394156456 0 0
44 2 0.0319049209356308 0 0
45 2 0.0325203575193882 0 0
46 2 0.0331510528922081 0 0
47 2 0.0337970107793808 0 0
48 2 0.0344582237303257 0 0
49 2 0.0351346954703331 0 0
50 2 0.0358264297246933 0 0
51 2 0.0365334190428257 0 0
52 2 0.0372556671500206 0 0
53 2 0.0379931777715683 0 0
54 2 0.0387459434568882 0 0
55 2 0.03974822536110878 0 0
56 2 0.04054168239235878 0 0
57 2 0.04135548323392868 0 0
58 2 0.04218963161110878 0 0
59 2 0.04304412379860878 0 0
60 2 0.04391895979642868 0 0
61 2 0.04481414332985878 0 0
62 2 0.04572967067360878 0 0
63 2 0.04666554182767868 0 0
64 2 0.04762176051735878 0 0
65 2 0.04859832301735878 0 0
66 2 0.04959522932767868 0 0
67 2 0.05061248317360878 0 0
68 2 0.05165008082985878 0 0
69 2 0.05270802229642868 0 0
70 2 0.0537496879696846 0 0
71 2 0.05479135364294052 0 0
72 2 0.05583302304148674 0 0
73 2 0.05687468871474266 0 0
74 2 0.05791635438799858 0 0
75 2 0.0589580200612545 0 0
76 2 0.05999968945980072 0 0
77 2 0.06104135513305664 0 0
78 2 0.06208302080631256 0 0
79 2 0.06312468647956848 0 0
80 2 0.0641663521528244 0 0
81 2 0.06520802527666092 0 0
82 2 0.06624969094991684 0 0
83 2 0.06729135662317276 0 0
84 2 0.06833302229642868 0 0
85 2 0.0693746879696846 0 0
86 2 0.07041635364294052 0 0
87 2 0.07145801931619644 0 0
88 2 0.07249968498945236 0 0
89 2 0.07354135811328888 0 0
90 2 0.0745830237865448 0 0
91 2 0.07562468945980072 0 0
92 2 0.07666635513305664 0 0
93 2 0.07770802080631256 0 0
94 2 0.07874968647956848 0 0
95 2 0.0797913521528244 0 0
96 2 0.08083302527666092 0 0
97 2 0.08187469094991684 0 0
98 2 0.08291635662317276 0 0
99 2 0.08395802229642868 0 0
100 2 0.0849996879696846 0 0
101 2 0.08604135364294052 0 0
102 2 0.08708301931619644 0 0
103 2 0.08812468498945236 0 0
104 2 0.08916635811328888 0 0
105 2 0.0902080237865448 0 0
106 2 0.09124968945980072 0 0
107 2 0.09229135513305664 0 0
108 2 0.09333302080631256 0 0
109 2 0.09437468647956848 0 0
110 2 0.0954163521528244 0 0
111 2 0.09645802527666092 0 0
112 2 0.09749969094991684 0 0
113 2 0.09854135662317276 0 0
114 2 0.09958302229642868 0 0
115 2 0.1006246879696846 0 0
116 2 0.10166635364294052 0 0
117 2 0.10270801931619644 0 0
118 2 0.10374969244003296 0 0
119 2 0.10479135811328888 0 0
120 2 0.1058330312371254 0 0
121 2 0.10687469691038132 0 0
122 2 0.10791636258363724 0 0
123 2 0.10895802825689316 0 0
124 2 0.10999969393014908 0 0
125 2 0.111041359603405 0 0
126 2 0.11208302527666092 0 0
127 2 0.11312469840049744 0 0
128 2 0.11416636407375336 0 0
129 2 0.11520802974700928 0 0
130 2 0.1162496954202652 0 0
131 2 0.11729136109352112 0 0
132 2 0.11833302676677704 0 0
133 2 0.11937469244003296 0 0
134 2 0.12041635811328888 0 0
135 2 0.1214580312371254 0 0
136 2 0.12249969691038132 0 0
137 2 0.12354136258363724 0 0
138 2 0.12458302825689316 0 0
139 2 0.12562470138072968 0 0
140 2 0.1266663670539856 0 0
141 2 0.12770803272724152 0 0
142 2 0.12874969840049744 0 0
143 2 0.12979136407375336 0 0
144 2 0.13083302974700928 0 0
145 2 0.1318746954202652 0 0
146 2 0.13291636109352112 0 0
147 2 0.13395802676677704 0 0
148 2 0.13499969244003296 0 0
149 2 0.13604135811328888 0 0
150 2 0.1370830237865448 0 0
151 2 0.13812468945980072 0 0
152 2 0.13916635513305664 0 0
153 2 0.14020802080631256 0 0
154 18 0.14124970138072968 0 0
155 18 0.1422913670539856 0 0
156 18 0.14333303272724152 0 0
157 18 0.14437469840049744 0 0
158 18 0.14541636407375336 0 0
159 18 0.14645802974700928 0 0
160 18 0.1474996954202652 0 0
161 18 0.14854136109352112 0 0
162 18 0.14958302676677704 0 0
163 18 0.15062469244003296 0 0
164 18 0.15166635811328888 0 0
165 18 0.1527080237865448 0 0
166 18 0.15374968945980072 0 0
167 18 0.15479135513305664 0 0
168 2 0.15583302080631256 0 0
169 2 0.15687470138072968 0 0
170 2 0.1579163670539856 0 0
171 2 0.15895803272724152 0 0
172 2 0.15999969840049744 0 0
173 2 0.16104136407375336 0 0
174 2 0.16208302974700928 0 0
175 2 0.1631246954202652 0 0
176 2 0.16416636109352112 0 0
177 2 0.16520802676677704 0 0
178 2 0.16624969244003296 0 0
179 2 0.16729135811328888 0 0
180 2 0.1683330237865448 0 0
181 2 0.16937468945980072 0 0
182 2 0.17041635513305664 0 0
183 2 0.17145802080631256 0 0
184 2 0.17249970138072968 0 0
185 2 0.1735413670539856 0 0
186 2 0.17458303272724152 0 0
187 2 0.17562469840049744 0 0
188 2 0.17666636407375336 0 0
189 2 0.17770802974700928 0 0
190 2 0.1787496954202652 0 0
191 2 0.17979136109352112 0 0
192 2 0.18083302676677704 0 0
193 2 0.18187469244003296 0 0
194 2 0.18291635811328888 0 0
195 2 0.1839580237865448 0 0
196 2 0.18499968945980072 0 0
197 2 0.18604135513305664 0 0
198 2 0.18708302080631256 0 0
199 2 0.18812470138072968 0 0
200 18 0.1891663670539856 0 0
201 18 0.19020803272724152 0 0
202 18 0.19124969840049744 0 0
203 18 0.19229136407375336 0 0
204 18 0.19333302974700928 0 0
205 18 0.1943746954202652 0 0
206 18 0.19541636109352112 0 0
207 18 0.19645802676677704 0 0
208 2 0.19749969244003296 0 0
209 2 0.19854135811328888 0 0
210 2 0.1995830237865448 0 0
211 2 0.20062468945980072 0 0
212 2 0.20166635513305664 0 0
213 2 0.20270802080631256 0 0
214 2 0.20312458276748657 0 0
215 2 0.2032361924648285 0 0
216 2 0.20335374772548676 0 0
217 2 0.20335374772548676 0 0
218 2 0.20335374772548676 0 0
219 2 0.20335374772548676 0 0
220 2 0.20335374772548676 0 0
221 2 0.20335374772548676 0 0
222 2 0.20335374772548676 0 0
223 2 0.20335374772548676 0 0
224 2 0.20335374772548676 0 0
225 2 0.20335374772548676 0 0
226 2 0.20335374772548676 0 0
227 2 0.20335374772548676 0 0
228 2 0.20335374772548676 0 0
229 2 0.20335374772548676 0 0
230 2 0.20335374772548676 0 0
231 0 0.20335374772548676 0 0
232 0 0.20335374772548676 0 0
233 0 0.20375557243824005 0 0
234 0 0.2041344940662384 0 0
235 0 0.204490527510643 0 0
236 0 0.20482368767261505 0 0
237 0 0.20513394474983215 0 0
238 0 0.2054213136434555 0 0
239 0 0.2056858092546463 0 0
240 0 0.20592740178108215 0 0
241 0 0.20614610612392426 0 0
242 0 0.2063419371843338 0 0
243 0 0.2065148651599884 0 0
244 0 0.20666490495204926 0 0
245 0 0.20679207146167755 0 0
246 0 0.20679207146167755 0 0
247 0 0.20679207146167755 0 0
248 2 0.20679207146167755 0 0
249 2 0.20713284611701965 0 0
250 18 0.20748887956142426 0 0
251 18 0.20786018669605255 0 0
252 18 0.20824673771858215 0 0
253 18 0.20864854753017426 0 0
254 18 0.20906563103199005 0 0
255 18 0.20949795842170715 0 0
256 18 0.20994554460048676 0 0
257 18 0.21040840446949005 0 0
258 18 0.21088650822639465 0 0
259 18 0.21137987077236176 0 0
260 18 0.21188850700855255 0 0
261 18 0.21241238713264465 0 0
262 18 0.21295152604579926 0 0
263 18 0.21350593864917755 0 0
264 18 0.21407559514045715 0 0
265 18 0.21466051042079926 0 0
266 2 0.21526069939136505 0 0
267 2 0.21587613224983215 0 0
268 2 0.21650682389736176 0 0
269 2 0.21715278923511505 0 0
270 2 0.21781399846076965 0 0
271 2 0.21849046647548676 0 0
272 2 0.21918220818042755 0 0
273 2 0.21988919377326965 0 0
274 2 0.22061143815517426 0 0
275 2 0.22134895622730255 0 0
276 2 0.22210171818733215 0 0
277 2 0.22310400009155273 0 0
278 2 0.22389745712280273 0 0
279 2 0.22471125423908234 0 0
280 2 0.22554540634155273 0 0
281 2 0.22639989852905273 0 0
282 2 0.22727473080158234 0 0
283 2 0.22816991806030273 0 0
284 2 0.22908544540405273 0 0
285 2 0.23002131283283234 0 0
286 2 0.23097753524780273 0 0
287 2 0.23195409774780273 0 0
288 2 0.23295100033283234 0 0
289 2 0.23396825790405273 0 0
290 2 0.23500585556030273 0 0
291 2 0.23606379330158234 0 0
292 2 0.23710545897483826 0 0
293 2 0.23814712464809418 0 0
294 2 0.2391887903213501 0 0
295 2 0.24023045599460602 0 0
296 2 0.24127212166786194 0 0
297 2 0.24231378734111786 0 0
298 2 0.24335545301437378 0 0
299 2 0.2443971186876297 0 0
300 2 0.24543879926204681 0 0
301 2 0.24648046493530273 0 0
302 2 0.24752213060855865 0 0
303 2 0.24856379628181458 0 0
304 2 0.2496054619550705 0 0
305 2 0.2506471276283264 0 0
306 2 0.25168877840042114 0 0
307 2 0.25273045897483826 0 0
308 2 0.25377213954925537 0 0
309 2 0.2548137903213501 0 0
310 2 0.2558554708957672 0 0
311 2 0.25689712166786194 0 0
312 2 0.25793880224227905 0 0
313 2 0.2589804530143738 0 0
314 2 0.2600221335887909 0 0
315 2 0.2610637843608856 0 0
316 2 0.26210546493530273 0 0
317 2 0.26314711570739746 0 0
318 2 0.2641887962818146 0 0
319 2 0.2652304470539093 0 0
320 2 0.2662721276283264 0 0
321 2 0.26731377840042114 0 0
322 2 0.26835545897483826 0 0
323 2 0.26939713954925537 0 0
324 2 0.2704387903213501 0 0
325 2 0.2714804708957672 0 0
326 2 0.27252212166786194 0 0
327 2 0.27356380224227905 0 0
328 2 0.2746054530143738 0 0
329 2 0.2756471335887909 0 0
330 18 0.2766887843608856 0 0
331 18 0.27773046493530273 0 0
332 18 0.27877211570739746 0 0
333 18 0.2798137962818146 0 0
334 18 0.2808554470539093 0 0
335 18 0.2818971276283264 0 0
336 18 0.28293877840042114 0 0
337 18 0.28398045897483826 0 0
338 18 0.28502213954925537 0 0
339 18 0.2860637903213501 0 0
340 18 0.2871054708957672 0 0
341 18 0.28814712166786194 0 0
342 18 0.28918880224227905 0 0
343 18 0.2902304530143738 0 0
344 18 0.2912721335887909 0 0
345 18 0.2923137843608856 0 0
346 18 0.29335546493530273 0 0
347 18 0.29439711570739746 0 0
348 18 0.2954387962818146 0 0
349 18 0.2964804470539093 0 0
350 18 0.2975221276283264 0 0
351 18 0.29856377840042114 0 0
352 18 0.29960545897483826 0 0
353 18 0.30064713954925537 0 0
354 18 0.3016887903213501 0 0
355 18 0.3027304708957672 0 0
356 18 0.30377212166786194 0 0
357 18 0.30481380224227905 0 0
358 18 0.3058554530143738 0 0
359 18 0.3068971335887909 0 0
360 18 0.3079387843608856 0 0
361 18 0.30898046493530273 0 0
362 18 0.31002211570739746 0 0
363 18 0.3110637962818146 0 0
364 18 0.3121054470539093 0 0
365 18 0.3131471276283264 0 0
366 18 0.31418877840042114 0 0
367 18 0.31523045897483826 0 0
368 18 0.31627213954925537 0 0
369 18 0.3173137903213501 0 0
370 18 0.3183554708957672 0 0
371 18 0.31939712166786194 0 0
372 18 0.32043880224227905 0 0
373 18 0.3214804530143738 0 0
374 18 0.3225221335887909 0 0
375 18 0.3235637843608856 0 0
376 18 0.32460546493530273 0 0
377 18 0.32564711570739746 0 0
378 18 0.3266887962818146 0 0
379 18 0.3277304470539093 0 0
380 18 0.3287721276283264 0 0
381 18 0.32981377840042114 0 0
382 18 0.33085545897483826 0 0
383 18 0.33189713954925537 0 0
384 18 0.3329387903213501 0 0
385 18 0.3339804708957672 0 0
386 18 0.33502212166786194 0 0
387 18 0.33606380224227905 0 0
388 18 0.3371054530143738 0 0
389 18 0.3381471335887909 0 0
390 18 0.3391887843608856 0 0
391 18 0.34023046493530273 0 0
392 18 0.34127211570739746 0 0
393 18 0.3423137962818146 0 0
394 18 0.3433554470539093 0 0
395 18 0.3443971276283264 0 0
396 18 0.34543877840042114 0 0
397 18 0.34648045897483826 0 0
398 18 0.34752213954925537 0 0
399 2 0.3485637903213501 0 0
400 2 0.3496054708957672 0 0
401 2 0.35064712166786194 0 0
402 2 0.35168880224227905 0 0
403 2 0.3527304530143738 0 0
404 2 0.3537721335887909 0 0
405 2 0.3548137843608856 0 0
406 2 0.35585546493530273 0 0
407 2 0.35689711570739746 0 0
408 2 0.3579387962818146 0 0
409 2 0.3589804470539093 0 0
410 2 0.3600221276283264 0 0
411 2 0.36106377840042114 0 0
412 2 0.36210545897483826 0 0
413 2 0.36314713954925537 0 0
414 2 0.3641887903213501 0 0
415 2 0.3652304708957672 0 0
416 2 0.36627212166786194 0 0
417 2 0.36731380224227905 0 0
418 2 0.3683554530143738 0 0
419 2 0.3693971335887909 0 0
420 2 0.3704387843608856 0 0
421 2 0.37148046493530273 0 0
422 2 0.37252211570739746 0 0
423 2 0.3735637962818146 0 0
424 2 0.3746054470539093 0 0
425 2 0.3756471276283264 0 0
426 18 0.37668877840042114 0 0
427 18 0.37773045897483826 0 0
428 18 0.37877213954925537 0 0
429 18 0.3798137903213501 0 0
430 18 0.3808554708957672 0 0
431 18 0.38189712166786194 0 0
432 18 0.38293880224227905 0 0
433 18 0.3839804530143738 0 0
434 18 0.3850221335887909 0 0
435 18 0.3860637843608856 0 0
436 18 0.38710546493530273 0 0
437 18 0.38814711570739746 0 0
438 18 0.3891887962818146 0 0
439 18 0.3902304470539093 0 0
440 18 0.3912721276283264 0 0
441 18 0.39231377840042114 0 0
442 18 0.39335545897483826 0 0
443 18 0.39439713954925537 0 0
444 18 0.3954387903213501 0 0
445 18 0.3964804708957672 0 0
446 18 0.39752212166786194 0 0
447 18 0.39856380224227905 0 0
448 18 0.3996054530143738 0 0
449 18 0.4006471335887909 0 0
450 18 0.4016887843608856 0 0
451 18 0.40273046493530273 0 0
452 18 0.40312460064888 0 0
453 18 0.4032362103462219 0 0
454 18 0.403353750705719 0 0
455 18 0.403353750705719 0 0
456 18 0.4037403166294098 0 0
457 18 0.4041421115398407 0 0
458 18 0.4045591950416565 0 0
459 18 0.4049915373325348 0 0
460 18 0.4054391086101532 0 0
461 18 0.4059019684791565 0 0
462 18 0.4063800871372223 0 0
463 18 0.4068734347820282 0 0
464 18 0.407382071018219 0 0
465 18 0.4079059660434723 0 0
466 18 0.4084450900554657 0 0
467 18 0.408999502658844 0 0
468 0 0.4095691740512848 0 0
469 0 0.41011592745780945 0 0
470 0 0.41063982248306274 0 0
471 0 0.4111408293247223 0 0
472 0 0.4116189181804657 0 0
473 0 0.41207414865493774 0 0
474 0 0.41250649094581604 0 0
475 0 0.4129159152507782 0 0
476 0 0.413302481174469 0 0
477 0 0.41366615891456604 0 0
478 0 0.41400691866874695 0 0
479 0 0.4143248200416565 0 0
480 0 0.4143248200416565 0 0
481 0 0.4143248200416565 0 0
482 0 0.4143248200416565 0 0
483 0 0.4143248200416565 0 0
484 0 0.4143248200416565 0 0
485 0 0.4143248200416565 0 0
486 0 0.4143248200416565 0 0
487 0 0.4143248200416565 0 0
488 2 0.4143248200416565 0 0
489 2 0.4146656095981598 0 0
490 2 0.4150216281414032 0 0
491 18 0.4153929352760315 0 0
492 18 0.4157795011997223 0 0
493 18 0.4161812961101532 0 0
494 18 0.416598379611969 0 0
495 18 0.4170307219028473 0 0
496 18 0.4174782931804657 0 0
497 18 0.417941153049469 0 0
498 18 0.4184192717075348 0 0
499 18 0.4189126193523407 0 0
500 18 0.4194212555885315 0 0
501 18 0.4199451506137848 0 0
502 18 0.4204842746257782 0 0
503 18 0.4210386872291565 0 0
504 18 0.4216083586215973 0 0
505 18 0.4221932590007782 0 0
506 18 0.422793447971344 0 0
507 18 0.4234088957309723 0 0
508 18 0.4240395724773407 0 0
509 18 0.424685537815094 0 0
510 18 0.4253467619419098 0 0
511 18 0.4260232150554657 0 0
512 18 0.4267149865627289 0 0
513 18 0.4274219870567322 0 0
514 18 0.4281442165374756 0 0
515 18 0.4288817346096039 0 0
516 18 0.4296345114707947 0 0
517 18 0.43063676357269287 0 0
518 18 0.43143022060394287 0 0
519 18 0.4322440028190613 0 0
520 18 0.43307816982269287 0 0
521 18 0.43393266201019287 0 0
522 18 0.4348074793815613 0 0
523 18 0.43570268154144287 0 0
524 18 0.43661820888519287 0 0
525 18 0.4375540614128113 0 0
526 18 0.43851029872894287 0 0
527 18 0.43948686122894287 0 0
528 18 0.4404837489128113 0 0
529 18 0.44150102138519287 0 0
530 18 0.44253861904144287 0 0
531 18 0.4435965418815613 0 0
532 18 0.4446382224559784 0 0
533 18 0.4456798732280731 0 0
534 18 0.44672155380249023 0 0
535 18 0.44776320457458496 0 0
536 18 0.4488048851490021 0 0
537 18 0.4498465359210968 0 0
538 18 0.4508882164955139 0 0
539 18 0.45192986726760864 0 0
540 18 0.45297154784202576 0 0
541 18 0.45401322841644287 0 0
542 18 0.4550548791885376 0 0
543 18 0.4560965597629547 0 0
544 18 0.45713821053504944 0 0
545 18 0.45817989110946655 0 0
546 18 0.4592215418815613 0 0
547 18 0.4602632224559784 0 0
548 18 0.4613048732280731 0 0
549 18 0.46234655380249023 0 0
550 18 0.46338820457458496 0 0
551 18 0.4644298851490021 0 0
552 18 0.4654715359210968 0 0
553 18 0.4665132164955139 0 0
554 18 0.46755486726760864 0 0
555 18 0.46859654784202576 0 0
556 18 0.46963822841644287 0 0
557 18 0.4706798791885376 0 0
558 18 0.4717215597629547 0 0
559 18 0.47276321053504944 0 0
560 18 0.47380489110946655 0 0
561 18 0.4748465418815613 0 0
562 18 0.4758882224559784 0 0
563 18 0.4769298732280731 0 0
564 18 0.47797155380249023 0 0
565 18 0.47901320457458496 0 0
566 18 0.4800548851490021 0 0
567 18 0.4810965359210968 0 0
568 18 0.4821382164955139 0 0
569 18 0.48317986726760864 0 0
570 18 0.48422154784202576 0 0
571 18 0.48526322841644287 0 0
572 2 0.4863048791885376 0 0
573 2 0.4873465597629547 0 0
574 2 0.48838821053504944 0 0
575 2 0.48942989110946655 0 0
576 2 0.4904715418815613 0 0
577 2 0.4915132224559784 0 0
578 2 0.4925548732280731 0 0
579 2 0.49359655380249023 0 0
580 0 0.49463820457458496 0 0
581 0 0.4956569969654083 0 0
582 0 0.49665287137031555 0 0
583 0 0.4976258873939514 0 0
584 0 0.49857598543167114 0 0
585 0 0.4995032250881195 0 0
586 0 0.5004075765609741 0 0
587 0 0.5012890100479126 0 0
588 0 0.5021475553512573 0 0
589 0 0.5029832720756531 0 0
590 0 0.5037960410118103 0 0
591 0 0.5045859217643738 0 0
592 0 0.5053529143333435 0 0
593 0 0.5060970783233643 0 0
594 0 0.5065891742706299 0 0
595 0 0.5072875022888184 0 0
596 0 0.5079629421234131 0 0
597 0 0.5086154937744141 0 0
598 0 0.5092452168464661 0 0
599 0 0.5098519921302795 0 0
600 0 0.5104358792304993 0 0
601 0 0.5109968781471252 0 0
602 0 0.5115350484848022 0 0
603 0 0.5120502710342407 0 0
604 0 0.5125426054000854 0 0
605 0 0.5130121111869812 0 0
606 0 0.5134586691856384 0 0
607 0 0.5138823390007019 0 0
608 0 0.5142831206321716 0 0
609 0 0.5146610736846924 0 0
610 0 0.5150160789489746 0 0
611 0 0.5153481960296631 0 0
612 0 0.5156574249267578 0 0
613 0 0.5159438252449036 0 0
614 0 0.5162072777748108 0 0
615 0 0.5164478421211243 0 0
616 0 0.516665518283844 0 0
617 0 0.5166870951652527 0 0
618 0 0.5166870951652527 0 0
619 0 0.5166870951652527 0 0
620 0 0.5166870951652527 0 0
621 1 0.5166870951652527 0 0
622 1 0.5163463354110718 0 0
623 1 0.5159903168678284 0 0
624 1 0.5156189799308777 0 0
625 1 0.5152324438095093 0 0
626 1 0.5148306488990784 0 0
627 1 0.5144135355949402 0 0
628 1 0.5139812231063843 0 0
629 1 0.5135336518287659 0 0
630 1 0.5130707621574402 0 0
631 1 0.5125926733016968 0 0
632 1 0.5120993256568909 0 0
633 1 0.5115906596183777 0 0
634 1 0.5110667943954468 0 0
635 1 0.5105276703834534 0 0
636 1 0.5099732279777527 0 0
637 1 0.5094035863876343 0 0
638 1 0.5088186860084534 0 0
639 1 0.5082184672355652 0 0
640 0 0.5076030492782593 0 0
641 0 0.5070105195045471 0 0
642 2 0.5064408183097839 0 0
643 2 0.5059016942977905 0 0
644 2 0.5053930878639221 0 0
645 2 0.5049149394035339 0 0
646 2 0.5044673681259155 0 0
647 2 0.5040503144264221 0 0
648 2 0.5036637187004089 0 0
649 2 0.5033077001571655 0 0
650 2 0.5029821991920471 0 0
651 2 0.5026871562004089 0 0
652 2 0.5030279755592346 0 0
653 2 0.503383994102478 0 0
654 2 0.5037552714347839 0 0
655 2 0.5041418671607971 0 0
656 2 0.504543662071228 0 0
657 2 0.5049607157707214 0 0
658 2 0.5053930878639221 0 0
659 2 0.5058406591415405 0 0
660 2 0.5063034892082214 0 0
661 2 0.5067816376686096 0 0
662 2 0.5072749853134155 0 0
663 2 0.5077835917472839 0 0
664 2 0.5083075165748596 0 0
665 2 0.508846640586853 0 0
666 2 0.5094010233879089 0 0
667 2 0.5099707245826721 0 0
668 2 0.510555624961853 0 0
669 2 0.5111557841300964 0 0
670 2 0.5117712616920471 0 0
671 2 0.5124019384384155 0 0
672 2 0.5130478739738464 0 0
673 2 0.5137091279029846 0 0
674 2 0.5143855810165405 0 0
675 2 0.5150772929191589 0 0
676 18 0.5157843232154846 0 0
677 18 0.516506552696228 0 0
678 18 0.5166870951652527 0 0
679 18 0.5166870951652527 0 0
680 18 0.5164579153060913 0 0
681 18 0.5172513723373413 0 0
682 2 0.5180652141571045 0 0
683 2 0.5188993215560913 0 0
684 0 0.5197538137435913 0 0
685 0 0.5205854177474976 0 0
686 0 0.5213941335678101 0 0
687 0 0.5221799612045288 0 0
688 0 0.5229429006576538 0 0
689 0 0.5236829519271851 0 0
690 0 0.5241709351539612 0 0
691 0 0.5248652100563049 0 0
692 0 0.5255365967750549 0 0
693 0 0.5261850953102112 0 0
694 0 0.5268107056617737 0 0
695 0 0.5274134278297424 0 0
696 0 0.5279932618141174 0 0
697 0 0.5285502076148987 0 0
698 0 0.5290842652320862 0 0
699 0 0.5295954346656799 0 0
700 0 0.5300837159156799 0 0
701 0 0.5305491089820862 0 0
702 0 0.5309916138648987 0 0
703 0 0.5314112305641174 0 0
704 0 0.5318079590797424 0 0
705 0 0.5321817994117737 0 0
706 0 0.5325327515602112 0 0
707 0 0.5328608155250549 0 0
708 0 0.5331659913063049 0 0
709 0 0.5331659913063049 0 0
710 0 0.5331659913063049 0 0
711 0 0.5331659913063049 0 0
712 0 0.5331659913063049 0 0
713 0 0.5331659913063049 0 0
714 0 0.5331659913063049 0 0
715 0 0.5331659913063049 0 0
716 2 0.5331659913063049 0 0
717 2 0.5335067510604858 0 0
718 2 0.533862829208374 0 0
719 2 0.5342341065406799 0 0
720 2 0.5346206426620483 0 0
721 2 0.535022497177124 0 0
722 2 0.5354395508766174 0 0
723 2 0.5358718633651733 0 0
724 2 0.5363194942474365 0 0
725 2 0.5367823243141174 0 0
726 0 0.5372604131698608 0 0
727 0 0.5377156734466553 0 0
728 0 0.5381479859352112 0 0
729 0 0.5385574102401733 0 0
730 0 0.5389440059661865 0 0
731 0 0.5393076539039612 0 0
732 2 0.5396484136581421 0 0
733 2 0.5400044918060303 0 0
734 2 0.5403757691383362 0 0
735 2 0.5407623052597046 0 0
736 2 0.5411641597747803 0 0
737 2 0.5415812134742737 0 0
738 0 0.5420135259628296 0 0
739 0 0.5424230098724365 0 0
740 0 0.5428095459938049 0 0
741 0 0.5431731939315796 0 0
742 0 0.5435140132904053 0 0
743 0 0.5438318848609924 0 0
744 0 0.5441268682479858 0 0
745 0 0.5443990230560303 0 0
746 0 0.5446482300758362 0 0
747 0 0.5448745489120483 0 0
748 0 0.5450780391693115 0 0
749 0 0.5452585816383362 0 0
750 0 0.5454162359237671 0 0
751 0 0.545551061630249 0 0
752 0 0.5456629395484924 0 0
753 0 0.5457519292831421 0 0
754 0 0.5458180904388428 0 0
755 0 0.5458613038063049 0 0
756 2 0.5458816289901733 0 0
757 2 0.546222448348999 0 0
758 2 0.5465784668922424 0 0
759 2 0.5469497442245483 0 0
760 2 0.5473363399505615 0 0
761 2 0.5477381348609924 0 0
762 2 0.5481551885604858 0 0
763 2 0.5485875606536865 0 0
764 2 0.5490351319313049 0 0
765 2 0.5494979619979858 0 0
766 2 0.549976110458374 0 0
767 2 0.5504694581031799 0 0
768 2 0.5509780645370483 0 0
769 0 0.551501989364624 0 0
770 0 0.5520029664039612 0 0
771 0 0.5524810552597046 0 0
772 0 0.552936315536499 0 0
773 0 0.5533686280250549 0 0
774 0 0.5537780523300171 0 0
775 0 0.5541646480560303 0 0
776 0 0.5545282959938049 0 0
777 0 0.5548690557479858 0 0
778 0 0.5551869869232178 0 0
779 0 0.5551869869232178 0 0
780 0 0.5551869869232178 0 0
781 0 0.5551869869232178 0 0
782 0 0.5551869869232178 0 0
783 0 0.5551869869232178 0 0
784 0 0.5551869869232178 0 0
785 0 0.5551869869232178 0 0
786 0 0.5551869869232178 0 0
787 0 0.5551869869232178 0 0
788 0 0.5551869869232178 0 0
789 0 0.5551869869232178 0 0
790 0 0.5551869869232178 0 0
791 0 0.5551869869232178 0 0
792 0 0.5551869869232178 0 0
793 0 0.5551869869232178 0 0
794 0 0.5551869869232178 0 0
795 0 0.5551869869232178 0 0
796 0 0.5551869869232178 0 0
797 2 0.5551869869232178 0 0
798 2 0.5555277466773987 0 0
799 2 0.5558837652206421 0 0
800 2 0.5562551021575928 0 0
801 2 0.5566416382789612 0 0
802 2 0.5570434331893921 0 0
803 2 0.5574605464935303 0 0
804 2 0.5578928589820862 0 0
805 2 0.5583404302597046 0 0
806 2 0.5588033199310303 0 0
807 2 0.5592814087867737 0 0
808 2 0.5597747564315796 0 0
809 2 0.5602834224700928 0 0
810 2 0.5608072876930237 0 0
811 2 0.5613464117050171 0 0
812 2 0.5619008541107178 0 0
813 2 0.5624704957008362 0 0
814 0 0.5630553960800171 0 0
815 0 0.563617467880249 0 0
816 0 0.5641565918922424 0 0
817 0 0.5646728277206421 0 0
818 0 0.5651662349700928 0 0
819 0 0.5656366944313049 0 0
820 0 0.5660842657089233 0 0
821 0 0.5665090084075928 0 0
822 0 0.5669108033180237 0 0
823 0 0.5672897100448608 0 0
824 0 0.567645788192749 0 0
825 0 0.5679789185523987 0 0
826 0 0.5682891607284546 0 0
827 0 0.5682891607284546 0 0
828 0 0.5682891607284546 0 0
829 0 0.5682891607284546 0 0
830 0 0.5682891607284546 0 0
831 0 0.5682891607284546 0 0
832 0 0.5682891607284546 0 0
833 0 0.5682891607284546 0 0
834 0 0.5682891607284546 0 0
835 0 0.5682891607284546 0 0
836 0 0.5682891607284546 0 0
837 0 0.5682891607284546 0 0
838 0 0.5682891607284546 0 0
839 0 0.5682891607284546 0 0
840 2 0.5682891607284546 0 0
841 2 0.5686299800872803 0 0
842 2 0.5689859986305237 0 0
843 2 0.5693572759628296 0 0
844 2 0.5697438716888428 0 0
845 2 0.5701456665992737 0 0
846 2 0.5705627202987671 0 0
847 2 0.5709950923919678 0 0
848 2 0.5714426636695862 0 0
849 2 0.5719054937362671 0 0
850 2 0.5723836421966553 0 0
851 2 0.5728769898414612 0 0
852 2 0.5733855962753296 0 0
853 2 0.5739095211029053 0 0
854 2 0.5744486451148987 0 0
855 2 0.5750030279159546 0 0
856 2 0.5755727291107178 0 0
857 2 0.5761576294898987 0 0
858 0 0.5767577886581421 0 0
859 0 0.5773351192474365 0 0
860 0 0.5778895020484924 0 0
861 0 0.5784209966659546 0 0
862 0 0.5789296627044678 0 0
863 0 0.5794153809547424 0 0
864 2 0.5798782110214233 0 0
865 2 0.5803563594818115 0 0
866 2 0.5808497071266174 0 0
867 2 0.5813583135604858 0 0
868 2 0.5818822383880615 0 0
869 2 0.5824213624000549 0 0
870 2 0.5829757452011108 0 0
871 2 0.583545446395874 0 0
872 0 0.5841303467750549 0 0
873 0 0.5846923589706421 0 0
874 0 0.5852315425872803 0 0
875 0 0.5857477784156799 0 0
876 0 0.5862411260604858 0 0
877 0 0.5867116451263428 0 0
878 0 0.5871592164039612 0 0
879 0 0.5875838994979858 0 0
880 0 0.5879857540130615 0 0
881 0 0.5883646607398987 0 0
882 0 0.5887206792831421 0 0
883 0 0.5890538692474365 0 0
884 0 0.5893641114234924 0 0
885 0 0.5896514654159546 0 0
886 0 0.5899159908294678 0 0
887 0 0.5901575684547424 0 0
888 1 0.5903762578964233 0 0
889 1 0.5900354981422424 0 0
890 1 0.589679479598999 0 0
891 0 0.5893081426620483 0 0
892 0 0.5889597535133362 0 0
893 0 0.5886342525482178 0 0
894 0 0.5883315801620483 0 0
895 0 0.5880518555641174 0 0
896 0 0.5877950191497803 0 0
897 0 0.5875610113143921 0 0
898 0 0.5873499512672424 0 0
899 0 0.5871617794036865 0 0
900 0 0.5869964361190796 0 0
901 0 0.5868540406227112 0 0
902 2 0.5867345333099365 0 0
903 2 0.5870752930641174 0 0
904 2 0.5874313116073608 0 0
905 2 0.5878026485443115 0 0
906 0 0.5881891846656799 0 0
907 0 0.5885528326034546 0 0
908 0 0.5888936519622803 0 0
909 0 0.5892115235328674 0 0
910 0 0.5895065069198608 0 0
911 0 0.5897786617279053 0 0
912 0 0.5900278687477112 0 0
913 0 0.5902541875839233 0 0
914 0 0.5904576778411865 0 0
915 0 0.5906382203102112 0 0
916 1 0.5907958745956421 0 0
917 1 0.5904551148414612 0 0
918 1 0.5900990962982178 0 0
919 1 0.5897277593612671 0 0
920 1 0.5893412232398987 0 0
921 1 0.5889394283294678 0 0
922 1 0.5885223150253296 0 0
923 1 0.5880900025367737 0 0
924 1 0.5876424312591553 0 0
925 1 0.5871795415878296 0 0
926 1 0.5867014527320862 0 0
927 1 0.5862081050872803 0 0
928 1 0.5856994390487671 0 0
929 1 0.5851755738258362 0 0
930 1 0.5846364498138428 0 0
931 1 0.5840820074081421 0 0
932 1 0.5835123658180237 0 0
933 1 0.5829274654388428 0 0
934 17 0.5823272466659546 0 0
935 17 0.5817118287086487 0 0
936 17 0.5810811519622803 0 0
937 17 0.5804351568222046 0 0
938 17 0.5797739624977112 0 0
939 17 0.5790975093841553 0 0
940 17 0.5784057378768921 0 0
941 17 0.5776987671852112 0 0
942 17 0.5769765377044678 0 0
943 17 0.5762389898300171 0 0
944 17 0.5754862427711487 0 0
945 17 0.5749423503875732 0 0
946 17 0.5741488933563232 0 0
947 17 0.5733350515365601 0 0
948 1 0.5725009441375732 0 0
949 1 0.5716464519500732 0 0
950 1 0.5707715749740601 0 0
951 1 0.5698764324188232 0 0
952 1 0.5689609050750732 0 0
953 1 0.5680249929428101 0 0
954 1 0.5670688152313232 0 0
955 1 0.5660922527313232 0 0
956 1 0.5650953054428101 0 0
957 1 0.5640780925750732 0 0
958 1 0.5630404949188232 0 0
959 1 0.5619825124740601 0 0
960 1 0.5609408617019653 0 0
961 1 0.5598992109298706 0 0
962 0 0.5588575005531311 0 0
963 0 0.5578387379646301 0 0
964 0 0.5568428635597229 0 0
965 0 0.5558698773384094 0 0
966 0 0.5549197196960449 0 0
967 0 0.553992509841919 0 0
968 0 0.5530881881713867 0 0
969 0 0.5522067546844482 0 0
970 0 0.5513481497764587 0 0
971 0 0.5505124926567078 0 0
972 1 0.5496997237205505 0 0
973 1 0.5488665699958801 0 0
974 1 0.5480130910873413 0 0
975 1 0.5471392869949341 0 0
976 1 0.5462450981140137 0 0
977 1 0.5453305840492249 0 0
978 1 0.5443957448005676 0 0
979 1 0.543440580368042 0 0
980 1 0.5424650311470032 0 0
981 1 0.5414690971374512 0 0
982 1 0.5404528975486755 0 0
983 1 0.5394163131713867 0 0
984 17 0.5383594036102295 0 0
985 17 0.53731769323349 0 0
986 17 0.5362760424613953 0 0
987 17 0.5352343916893005 0 0
988 17 0.534192681312561 0 0
989 17 0.5331510305404663 0 0
990 17 0.5321093797683716 0 0
991 17 0.5310677289962769 0 0
992 1 0.5300260186195374 0 0
993 1 0.5289843678474426 0 0
994 1 0.5279427170753479 0 0
995 1 0.5269010663032532 0 0
996 1 0.5258593559265137 0 0
997 1 0.524817705154419 0 0
998 1 0.5237760543823242 0 0
999 1 0.5227344036102295 0 0
1000 1 0.52169269323349 0 0
1001 1 0.5206510424613953 0 0
1002 1 0.5196093916893005 0 0
1003 1 0.518567681312561 0 0
1004 1 0.5175260305404663 0 0
1005 1 0.5164843797683716 0 0
1006 1 0.5154427289962769 0 0
1007 1 0.5144010186195374 0 0
1008 1 0.5133593678474426 0 0
1009 1 0.5123177170753479 0 0
1010 1 0.5112760663032532 0 0
1011 1 0.5102343559265137 0 0
1012 1 0.509192705154419 0 0
1013 1 0.5081510543823242 0 0
1014 1 0.5071094036102295 0 0
1015 1 0.50606769323349 0 0
1016 1 0.5050260424613953 0 0
1017 1 0.5039843916893005 0 0
1018 0 0.502942681312561 0 0
1019 0 0.5019239187240601 0 0
1020 0 0.5009280443191528 0 0
1021 0 0.49995502829551697 0 0
1022 0 0.49900493025779724 0 0
1023 0 0.4980776906013489 0 0
1024 0 0.49717336893081665 0 0
1025 0 0.4962919056415558 0 0
1026 0 0.49543336033821106 0 0
1027 0 0.4945976734161377 0 0
1028 0 0.49378490447998047 0 0
1029 0 0.4929949939250946 0 0
1030 0 0.4922280013561249 0 0
1031 0 0.4914838671684265 0 0
1032 0 0.4905334413051605 0 0
1033 0 0.48983511328697205 0 0
1034 0 0.48915964365005493 0 0
1035 0 0.48850709199905396 0 0
1036 0 0.48787739872932434 0 0
1037 0 0.48727062344551086 0 0
1038 0 0.48668670654296875 0 0
1039 0 0.4861256778240204 0 0
1040 0 0.48558756709098816 0 0
1041 0 0.4850723147392273 0 0
1042 0 0.48457998037338257 0 0
1043 0 0.4841105043888092 0 0
1044 0 0.483663946390152 0 0
1045 0 0.4832402467727661 0 0
1046 0 0.4828394651412964 0 0
1047 0 0.482461541891098 0 0
1048 0 0.4821065366268158 0 0
1049 0 0.48177438974380493 0 0
1050 0 0.4814651608467102 0 0
1051 0 0.4814651608467102 0 0
1052 0 0.4814651608467102 0 0
1053 0 0.4814651608467102 0 0
1054 0 0.4814651608467102 0 0
1055 0 0.4814651608467102 0 0
1056 0 0.4814651608467102 0 0
1057 0 0.4814651608467102 0 0
1058 0 0.4814651608467102 0 0
1059 0 0.4814651608467102 0 0
1060 0 0.4814651608467102 0 0
1061 0 0.4814651608467102 0 0
1062 0 0.4814651608467102 0 0
1063 0 0.4814651608467102 0 0
1064 0 0.4814651608467102 0 0
1065 0 0.4814651608467102 0 0
1066 0 0.4814651608467102 0 0
1067 0 0.4814651608467102 0 0
1068 0 0.4814651608467102 0 0
1069 0 0.4814651608467102 0 0
1070 0 0.4814651608467102 0 0
1071 0 0.4814651608467102 0 0
1072 0 0.4814651608467102 0 0
1073 0 0.4814651608467102 0 0
1074 0 0.4814651608467102 0 0
1075 0 0.4814651608467102 0 0
1076 0 0.4814651608467102 0 0
1077 0 0.4814651608467102 0 0
1078 0 0.4814651608467102 0 0
1079 0 0.4814651608467102 0 0
1080 0 0.4814651608467102 0 0
1081 0 0.4814651608467102 0 0
1082 0 0.4814651608467102 0 0
1083 0 0.4814651608467102 0 0
1084 0 0.4814651608467102 0 0
1085 0 0.4814651608467102 0 0
1086 0 0.4814651608467102 0 0
1087 0 0.4814651608467102 0 0
1088 0 0.4814651608467102 0 0
1089 0 0.4814651608467102 0 0
1090 0 0.4814651608467102 0 0
1091 0 0.4814651608467102 0 0
1092 0 0.4814651608467102 0 0
1093 0 0.4814651608467102 0 0
1094 0 0.4814651608467102 0 0
1095 0 0.4814651608467102 0 0
1096 1 0.4814651608467102 0 0
1097 1 0.4811243712902069 0 0
1098 1 0.4807683229446411 0 0
1099 1 0.4803970456123352 0 0
1100 1 0.4800104796886444 0 0
1101 1 0.4796086549758911 0 0
1102 1 0.4791916012763977 0 0
1103 1 0.4787592589855194 0 0
1104 1 0.4783116579055786 0 0
1105 1 0.4778488278388977 0 0
1106 1 0.4773707091808319 0 0
1107 17 0.4768773317337036 0 0
1108 17 0.4763687252998352 0 0
1109 17 0.4758448302745819 0 0
1110 17 0.4753056764602661 0 0
1111 17 0.4747512936592102 0 0
1112 17 0.4741816222667694 0 0
1113 17 0.4735966920852661 0 0
1114 17 0.4729965329170227 0 0
1115 17 0.4723810851573944 0 0
1116 17 0.4717503786087036 0 0
1117 17 0.4711044430732727 0 0
1118 17 0.4704432189464569 0 0
1119 17 0.4697667360305786 0 0
1120 17 0.4690750241279602 0 0
1121 17 0.4683680236339569 0 0
1122 17 0.4676457643508911 0 0
1123 17 0.4669082760810852 0 0
1124 17 0.4661554992198944 0 0
1125 17 0.4656115770339966 0 0
1126 17 0.4648181200027466 0 0
1127 17 0.4640043079853058 0 0
1128 17 0.4631701707839966 0 0
1129 17 0.4623156785964966 0 0
1130 17 0.4614408314228058 0 0
1131 17 0.4605456590652466 0 0
1132 17 0.4596301317214966 0 0
1133 17 0.4586942493915558 0 0
1134 17 0.4577380418777466 0 0
1135 17 0.4567614793777466 0 0
1136 1 0.4557645618915558 0 0
1137 1 0.4547473192214966 0 0
1138 1 0.4537097215652466 0 0
1139 1 0.4526517689228058 0 0
1140 1 0.45161011815071106 0 0
1141 1 0.45056843757629395 0 0
1142 1 0.4495267868041992 0 0
1143 1 0.4484851062297821 0 0
1144 1 0.4474434554576874 0 0
1145 1 0.44640177488327026 0 0
1146 0 0.44536009430885315 0 0
1147 0 0.4443413317203522 0 0
1148 0 0.44334542751312256 0 0
1149 0 0.4423724412918091 0 0
1150 0 0.44142231345176697 0 0
1151 0 0.440495103597641 0 0
1152 0 0.4395907521247864 0 0
1153 0 0.4387093186378479 0 0
1154 2 0.4378507435321808 0 0
1155 2 0.43702271580696106 0 0
1156 2 0.43622517585754395 0 0
1157 0 0.4354581832885742 0 0
1158 0 0.43471404910087585 0 0
1159 0 0.43376362323760986 0 0
1160 0 0.4330652952194214 0 0
1161 0 0.4323898255825043 0 0
1162 0 0.4317372739315033 0 0
1163 0 0.4311075806617737 0 0
1164 0 0.4305008053779602 0 0
1165 0 0.4299168884754181 0 0
1166 0 0.4293558895587921 0 0
1167 0 0.4288177490234375 0 0
1168 0 0.42830249667167664 0 0
1169 0 0.4278101623058319 0 0
1170 0 0.42734068632125854 0 0
1171 0 0.4268941283226013 0 0
1172 0 0.42647045850753784 0 0
1173 0 0.4260696768760681 0 0
1174 1 0.42569175362586975 0 0
1175 1 0.4252986013889313 0 0
1176 1 0.4248901605606079 0 0
1177 1 0.42446649074554443 0 0
1178 1 0.42402753233909607 0 0
1179 1 0.4235733151435852 0 0
1180 1 0.42310386896133423 0 0
1181 1 0.42261913418769836 0 0
1182 1 0.4221191704273224 0 0
1183 1 0.4216039180755615 0 0
1184 0 0.42107343673706055 0 0
1185 0 0.42056581377983093 0 0
1186 0 0.42008110880851746 0 0
1187 0 0.41961926221847534 0 0
1188 0 0.41918033361434937 0 0
1189 0 0.41876426339149475 0 0
1190 0 0.4183711111545563 0 0
1191 0 0.41800081729888916 0 0
1192 0 0.4176534414291382 0 0
1193 0 0.41732892394065857 0 0
1194 0 0.4170272946357727 0 0
1195 0 0.416748583316803 0 0
1196 0 0.4164927303791046 0 0
1197 0 0.4162597954273224 0 0
1198 0 0.4160497188568115 0 0
1199 0 0.4158625602722168 0 0
1200 0 0.4158625602722168 0 0
1201 0 0.4158625602722168 0 0
1202 1 0.4158625602722168 0 0
1203 1 0.4155217707157135 0 0
1204 1 0.4151657223701477 0 0
1205 1 0.4147944450378418 0 0
1206 1 0.414407879114151 0 0
1207 1 0.4140060544013977 0 0
1208 1 0.4135890007019043 0 0
1209 1 0.413156658411026 0 0
1210 1 0.4127090573310852 0 0
1211 1 0.4122462272644043 0 0
1212 1 0.4117681086063385 0 0
1213 1 0.4112747311592102 0 0
1214 3 0.4107661247253418 0 0
1215 3 0.41028037667274475 0 0
1216 19 0.40981751680374146 0 0
1217 19 0.4093775749206543 0 0
1218 17 0.4089604914188385 0 0
1219 17 0.4085281491279602 0 0
1220 17 0.4080805778503418 0 0
1221 17 0.4076177179813385 0 0
1222 17 0.4071395993232727 0 0
1223 17 0.4066462516784668 0 0
1224 17 0.4063967764377594 0 1
1224 17 0.4063967764377594 0 1
