data/levels/world2/Mouldy_Grotto.stl
1 0 0.022484373301267624 0 0
2 0 0.022484373301267624 0 0
3 0 0.022484373301267624 0 0
4 0 0.022484373301267624 0 0
5 0 0.022484373301267624 0 0
6 0 0.022484373301267624 0 0
7 0 0.022484373301267624 0 0
8 0 0.022484373301267624 0 0
9 0 0.022484373301267624 0 0
10 0 0.022484373301267624 0 0
11 0 0.022484373301267624 0 0
12 0 0.022484373301267624 0 0
13 0 0.022484373301267624 0 0
14 0 0.022484373301267624 0 0
15 0 0.022484373301267624 0 0
16 0 0.022484373301267624 0 0
17 0 0.022484373301267624 0 0
18 0 0.022484373301267624 0 0
19 0 0.022484373301267624 0 0
20 0 0.022484373301267624 0 0
21 0 0.022484373301267624 0 0
22 0 0.022484373301267624 0 0
23 0 0.022484373301267624 0 0
24 0 0.022484373301267624 0 0
25 0 0.022484373301267624 0 0
26 0 0.022484373301267624 0 0
27 0 0.022484373301267624 0 0
28 0 0.022484373301267624 0 0
29 0 0.022484373301267624 0 0
30 2 0.022484373301267624 0 0
31 2 0.0227399580180645 0 0
32 2 0.02300698682665825 0 0
33 2 0.023285459727048874 0 0
34 2 0.023575376719236374 0 0
35 2 0.02387673780322075 0 0
36 2 0.024189542979002 0 0
37 2 0.024513792246580124 0 0
38 2 0.024849485605955124 0 0
39 2 0.025196623057127 0 0
40 2 0.02555520460009575 0 0
41 2 0.025925230234861374 0 0
42 2 0.026306699961423874 0 0
43 2 0.02669961377978325 0 0
44 2 0.0271039716899395 0 0
45 2 0.027519773691892624 0 0
46 2 0.027947019785642624 0 0
47 2 0.0283857099711895 0 0
48 2 0.02883584424853325 0 0
49 2 0.029297422617673874 0 0
50 2 0.029770445078611374 0 0
51 2 0.03025491163134575 0 0
52 2 0.030750822275877 0 0
53 2 0.031258177012205124 0 0
54 2 0.031776975840330124 0 0
55 2 0.032307218760252 0 0
56 2 0.03284890577197075 0 0
57 2 0.033402036875486374 0 0
58 2 0.033966612070798874 0 0
59 2 0.03471832349896431 0 0
60 2 0.03531341627240181 0 0
61 2 0.03592376783490181 0 0
62 2 0.03654937818646431 0 0
63 2 0.03719024732708931 0 0
64 0 0.03784637525677681 0 0
65 0 0.038485337048769 0 0
66 0 0.03910713270306587 0 0
67 0 0.039711762219667435 0 0
68 0 0.040299225598573685 0 0
69 0 0.04086952283978462 0 0
70 0 0.04142265394330025 0 0
71 0 0.041786741465330124 0 0
72 0 0.042305540293455124 0 0
73 0 0.04280717298388481 0 0
74 0 0.043291639536619186 0 0
75 0 0.04375893995165825 0 0
76 0 0.044209074229002 0 0
77 0 0.044642042368650436 0 0
78 0 0.04505784437060356 0 0
79 0 0.045456480234861374 0 0
80 0 0.045837949961423874 0 0
81 0 0.04620225355029106 0 0
82 0 0.046549391001462936 0 0
83 0 0.0468793623149395 0 0
84 0 0.04719216749072075 0 0
85 0 0.047487806528806686 0 0
86 0 0.04776627942919731 0 0
87 0 0.048027586191892624 0 0
88 0 0.048271726816892624 0 0
89 0 0.04849870130419731 0 0
90 0 0.048708509653806686 0 0
91 0 0.04890115186572075 0 0
92 0 0.0490766279399395 0 0
93 0 0.049234937876462936 0 0
94 0 0.04937608167529106 0 0
95 0 0.049500059336423874 0 0
96 0 0.049606870859861374 0 0
97 0 0.04969651624560356 0 0
98 0 0.04969651624560356 0 0
99 0 0.04969651624560356 0 0
100 0 0.04969651624560356 0 0
101 0 0.04969651624560356 0 0
102 0 0.04969651624560356 0 0
103 0 0.04969651624560356 0 0
104 0 0.04969651624560356 0 0
105 0 0.04969651624560356 0 0
106 0 0.04969651624560356 0 0
107 0 0.04969651624560356 0 0
108 0 0.04969651624560356 0 0
109 0 0.04969651624560356 0 0
110 0 0.04969651624560356 0 0
111 0 0.04969651624560356 0 0
112 0 0.04969651624560356 0 0
113 0 0.04969651624560356 0 0
114 0 0.04969651624560356 0 0
115 0 0.04969651624560356 0 0
116 0 0.04969651624560356 0 0
117 0 0.04969651624560356 0 0
118 0 0.04969651624560356 0 0
119 0 0.04969651624560356 0 0
120 0 0.04969651624560356 0 0
121 0 0.04969651624560356 0 0
122 0 0.04969651624560356 0 0
123 0 0.04969651624560356 0 0
124 0 0.04969651624560356 0 0
125 0 0.04969651624560356 0 0
126 0 0.04969651624560356 0 0
127 0 0.04969651624560356 0 0
128 0 0.04969651624560356 0 0
129 0 0.04969651624560356 0 0
129 0 0.04969651624560356 0 0
