data/levels/bonus2/level15.stl
1 0 0.009991071186959743 0 0
2 0 0.009991071186959743 0 0
3 0 0.009991071186959743 0 0
4 0 0.009991071186959743 0 0
5 0 0.009991071186959743 0 0
6 0 0.009991071186959743 0 0
7 0 0.009991071186959743 0 0
8 0 0.009991071186959743 0 0
9 0 0.009991071186959743 0 0
10 0 0.009991071186959743 0 0
11 0 0.009991071186959743 0 0
12 0 0.009991071186959743 0 0
13 0 0.009991071186959743 0 0
14 0 0.009991071186959743 0 0
15 0 0.009991071186959743 0 0
16 0 0.009991071186959743 0 0
17 0 0.009991071186959743 0 0
18 0 0.009991071186959743 0 0
19 0 0.009991071186959743 0 0
20 0 0.009991071186959743 0 0
21 0 0.009991071186959743 0 0
22 0 0.009991071186959743 0 0
23 0 0.009991071186959743 0 0
24 2 0.009991071186959743 0 0
25 2 0.010137120261788368 0 0
26 2 0.010289708152413368 0 0
27 2 0.010448834858834743 0 0
28 2 0.010614502243697643 0 0
29 2 0.010786708444356918 0 0
30 2 0.010965454392135143 0 0
31 2 0.011150739155709743 0 0
32 2 0.011342564597725868 0 0
33 2 0.011540927924215794 0 0
34 2 0.011745831929147243 0 0
35 2 0.011957274749875069 0 0
36 2 0.012175257317721844 0 0
37 2 0.012399779632687569 0 0
38 2 0.012630841694772243 0 0
39 2 0.012868442572653294 0 0
40 2 0.013112583197653294 0 0
41 2 0.013363263569772243 0 0
42 2 0.013620482757687569 0 0
43 2 0.013884241692721844 0 0
44 2 0.014154540374875069 0 0
45 2 0.014431378804147243 0 0
46 2 0.014714756049215794 0 0
47 2 0.015004673041403294 0 0
48 2 0.015301129780709743 0 0
49 2 0.015604125335812569 0 0
50 2 0.01591366156935692 0 0
51 2 0.01622973568737507 0 0
52 2 0.01655234955251217 0 0
53 2 0.01698189787566662 0 0
54 2 0.017321951687335968 0 0
55 2 0.017670724540948868 0 0
56 18 0.018028216436505318 0 0
57 18 0.018394427374005318 0 0
58 18 0.018769357353448868 0 0
59 18 0.019153006374835968 0 0
60 18 0.01954537443816662 0 0
61 18 0.019946463406085968 0 0
62 18 0.020356271415948868 0 0
63 18 0.020774798467755318 0 0
64 18 0.021202044561505318 0 0
65 18 0.021638009697198868 0 0
66 0 0.022082693874835968 0 0
67 0 0.022517569363117218 0 0
68 0 0.022942636162042618 0 0
69 0 0.023357892408967018 0 0
70 0 0.023763339966535568 0 0
71 0 0.024158978834748268 0 0
72 0 0.024544809013605118 0 0
73 0 0.024920828640460968 0 0
74 1 0.025287039577960968 0 0
75 1 0.025640171021223068 0 0
76 1 0.025980224832892418 0 0
77 1 0.026307199150323868 0 0
78 1 0.026621093973517418 0 0
79 1 0.02682369574904442 0 0
80 1 0.02711143158376217 0 0
81 1 0.02738608978688717 0 0
82 1 0.02764767035841942 0 0
83 1 0.02789616957306862 0 0
84 0 0.02813159115612507 0 0
85 0 0.02835720404982567 0 0
86 0 0.02857300639152527 0 0
87 0 0.02877900004386902 0 0
88 0 0.02897518500685692 0 0
89 0 0.02916155941784382 0 0
90 0 0.02933812513947487 0 0
91 0 0.02950488217175007 0 0
92 0 0.02966183051466942 0 0
93 0 0.02980896830558777 0 0
94 0 0.02994629740715027 0 0
95 0 0.03007381781935692 0 0
96 0 0.03019152767956257 0 0
97 0 0.03029942885041237 0 0
98 0 0.03039752133190632 0 0
99 0 0.03048580512404442 0 0
100 0 0.03048580512404442 0 0
101 0 0.03048580512404442 0 0
102 0 0.03048580512404442 0 0
103 0 0.03048580512404442 0 0
104 2 0.03048580512404442 0 0
105 18 0.03063185326755047 0 0
106 18 0.03078444115817547 0 0
107 18 0.03094356879591942 0 0
108 18 0.03110923431813717 0 0
109 18 0.03128144145011902 0 0
110 18 0.03146018832921982 0 0
111 18 0.03164547309279442 0 0
112 18 0.03183729574084282 0 0
113 18 0.03203565999865532 0 0
114 18 0.03224056586623192 0 0
115 18 0.03245200961828232 0 0
116 18 0.03266999125480652 0 0
117 18 0.03289451450109482 0 0
118 18 0.03312557563185692 0 0
119 18 0.03336317464709282 0 0
120 18 0.03360731527209282 0 0
121 18 0.03385799750685692 0 0
122 2 0.03411521762609482 0 0
123 0 0.03437897562980652 0 0
124 1 0.03463292494416237 0 0
125 1 0.03487379476428032 0 0
126 1 0.03510158881545067 0 0
127 1 0.03531629964709282 0 0
128 1 0.03551793470978737 0 0
129 1 0.03570649027824402 0 0
130 1 0.03588196635246277 0 0
131 1 0.03604436293244362 0 0
132 1 0.03619368001818657 0 0
133 1 0.03632992133498192 0 0
134 0 0.03618387132883072 0 0
135 0 0.03604763373732567 0 0
136 0 0.03592120483517647 0 0
137 1 0.03580458089709282 0 0
138 1 0.03565853461623192 0 0
139 1 0.03550594672560692 0 0
140 1 0.03534681722521782 0 0
141 1 0.03518115356564522 0 0
142 1 0.03500894457101822 0 0
143 0 0.03483020141720772 0 0
144 0 0.03466126322746277 0 0
145 0 0.03450213745236397 0 0
146 0 0.03435281664133072 0 0
147 0 0.03421330824494362 0 0
148 0 0.03408360853791237 0 0
149 0 0.03396371752023697 0 0
150 0 0.03385363891720772 0 0
151 0 0.03375336527824402 0 0
152 0 0.03366290405392647 0 0
153 0 0.03358224779367447 0 0
154 2 0.03351140394806862 0 0
155 2 0.03365745395421982 0 0
156 2 0.03381004184484482 0 0
157 2 0.03396916761994362 0 0
158 2 0.03413483500480652 0 0
159 2 0.03430704027414322 0 0
160 2 0.03448578715324402 0 0
161 2 0.03467107191681862 0 0
162 18 0.03486289829015732 0 0
163 18 0.03506126254796982 0 0
164 18 0.03526616469025612 0 0
165 18 0.03547760844230652 0 0
166 18 0.03569559007883072 0 0
167 18 0.03592011332511902 0 0
168 18 0.03615117445588112 0 0
169 18 0.03638877719640732 0 0
170 18 0.03663291782140732 0 0
171 18 0.03688359633088112 0 0
172 18 0.03714081645011902 0 0
173 2 0.03740457445383072 0 0
174 2 0.03767487406730652 0 0
175 2 0.03795171156525612 0 0
176 2 0.03823509067296982 0 0
177 2 0.03852500766515732 0 0
178 2 0.03882146254181862 0 0
179 2 0.03912445902824402 0 0
180 2 0.03943399339914322 0 0
181 2 0.03975006937980652 0 0
182 2 0.04007268324494362 0 0
183 2 0.04050223156809807 0 0
184 2 0.04084228351712227 0 0
185 2 0.04119105637073517 0 0
186 2 0.04154855012893677 0 0
187 2 0.04191476106643677 0 0
188 2 0.04228968918323517 0 0
189 2 0.04267333820462227 0 0
190 2 0.04306570813059807 0 0
191 2 0.04346679523587227 0 0
192 2 0.04387660324573517 0 0
193 2 0.044196248054504395 0 0
194 2 0.044196248054504395 0 0
195 2 0.044196248054504395 0 0
196 2 0.044196248054504395 0 0
197 18 0.044196248054504395 0 0
198 18 0.044244080781936646 0 0
199 18 0.04429446533322334 0 0
200 18 0.04429446533322334 0 0
201 18 0.04429446533322334 0 0
202 18 0.04446667060256004 0 0
203 18 0.04464541748166084 0 0
204 18 0.04483070224523544 0 0
205 18 0.045022524893283844 0 0
206 18 0.045220889151096344 0 0
207 18 0.04542579501867294 0 0
208 18 0.04563723877072334 0 0
209 18 0.04585522413253784 0 0
210 18 0.04607974365353584 0 0
211 18 0.04631080478429794 0 0
212 18 0.04654840752482414 0 0
213 18 0.04679254814982414 0 0
214 18 0.04704322665929794 0 0
215 18 0.04730044677853584 0 0
216 18 0.04756420850753784 0 0
217 18 0.04783450439572334 0 0
218 18 0.04811134189367294 0 0
219 18 0.04839472100138664 0 0
220 18 0.04868463799357414 0 0
221 18 0.04898109287023544 0 0
222 2 0.04928408935666084 0 0
223 2 0.04959362745285034 0 0
224 2 0.04990969970822334 0 0
225 2 0.05023231357336044 0 0
226 2 0.05066186189651489 0 0
227 2 0.05100191384553909 0 0
228 2 0.05135068669915199 0 0
229 2 0.05170817673206329 0 0
230 2 0.05207438766956329 0 0
231 2 0.05244931951165199 0 0
232 2 0.05276767909526825 0 0
233 2 0.0528155080974102 0 0
234 2 0.0528658963739872 0 0
235 2 0.0528658963739872 0 0
236 2 0.0528658963739872 0 0
237 2 0.0528658963739872 0 0
238 2 0.0528658963739872 0 0
239 2 0.0528658963739872 0 0
240 2 0.0528658963739872 0 0
241 2 0.0528658963739872 0 0
242 18 0.0528658963739872 0 0
243 18 0.0528658963739872 0 0
244 18 0.0528658963739872 0 0
245 18 0.0528658963739872 0 0
246 18 0.0528658963739872 0 0
247 18 0.0530381016433239 0 0
248 18 0.0532168485224247 0 0
249 18 0.0534021332859993 0 0
250 18 0.0535939559340477 0 0
251 18 0.0537923201918602 0 0
252 2 0.0539972260594368 0 0
253 2 0.0542086698114872 0 0
254 2 0.0544266514480114 0 0
255 2 0.0546511746942997 0 0
256 2 0.0548822358250618 0 0
257 2 0.0551198348402977 0 0
258 2 0.0553639754652977 0 0
259 2 0.0556146577000618 0 0
260 2 0.0558718778192997 0 0
261 2 0.0561356358230114 0 0
262 2 0.0564059354364872 0 0
263 2 0.0566827729344368 0 0
264 2 0.0569661483168602 0 0
265 2 0.0572560653090477 0 0
266 2 0.0575525239109993 0 0
267 2 0.0578555203974247 0 0
268 2 0.0581650547683239 0 0
269 2 0.0584811307489872 0 0
270 2 0.0588037446141243 0 0
271 2 0.05923328921198845 0 0
272 2 0.05957334116101265 0 0
273 2 0.05992211401462555 0 0
274 2 0.06027960777282715 0 0
275 2 0.06064581871032715 0 0
276 2 0.06102074682712555 0 0
277 2 0.06140439584851265 0 0
278 2 0.06179676577448845 0 0
279 2 0.06219785287976265 0 0
280 2 0.06260766088962555 0 0
281 2 0.06302618980407715 0 0
282 18 0.06345343589782715 0 0
283 18 0.06388939917087555 0 0
284 18 0.06433408707380295 0 0
285 18 0.06478749215602875 0 0
286 18 0.06523391604423523 0 0
287 18 0.06568034738302231 0 0
288 18 0.06612677127122879 0 0
289 18 0.06657320261001587 0 0
290 2 0.06701963394880295 0 0
291 2 0.06746605783700943 0 0
292 2 0.06791248917579651 0 0
293 2 0.06835892051458359 0 0
294 2 0.06880534440279007 0 0
295 2 0.06925177574157715 0 0
296 2 0.06969819962978363 0 0
297 2 0.07014463096857071 0 0
298 2 0.07059106230735779 0 0
299 2 0.07103748619556427 0 0
300 2 0.07148391753435135 0 0
301 2 0.07193034887313843 0 0
302 2 0.07237677276134491 0 0
303 2 0.07282320410013199 0 0
304 2 0.07326962798833847 0 0
305 2 0.07371605932712555 0 0
306 2 0.07416249066591263 0 0
307 2 0.07460891455411911 0 0
308 2 0.07505534589290619 0 0
309 2 0.07550177723169327 0 0
310 2 0.07594820111989975 0 0
311 2 0.07639463245868683 0 0
312 0 0.07684106379747391 0 0
313 0 0.07727768272161484 0 0
314 0 0.07770448923110962 0 0
315 0 0.07812149077653885 0 0
316 0 0.07852867990732193 0 0
317 0 0.07892606407403946 0 0
318 0 0.07931363582611084 0 0
319 0 0.07969140261411667 0 0
320 2 0.08005935698747635 0 0
321 2 0.08043602854013443 0 0
322 2 0.08082142472267151 0 0
323 2 0.08121553808450699 0 0
324 0 0.08161836862564087 0 0
325 0 0.0820113942027092 0 0
326 0 0.08239460736513138 0 0
327 0 0.08276800811290741 0 0
328 0 0.08313160389661789 0 0
329 0 0.08348538726568222 0 0
330 2 0.083829365670681 0 0
331 2 0.08418206125497818 0 0
332 2 0.08454348146915436 0 0
333 2 0.08491361141204834 0 0
334 0 0.08529246598482132 0 0
335 0 0.08566151559352875 0 0
336 0 0.08602074533700943 0 0
337 0 0.08637017756700516 0 0
338 0 0.08670978993177414 0 0
339 0 0.08703959733247757 0 0
340 1 0.08735959976911545 0 0
341 1 0.08756830543279648 0 0
342 1 0.08786214888095856 0 0
343 1 0.08814290910959244 0 0
344 1 0.08841059356927872 0 0
345 1 0.0886651948094368 0 0
346 1 0.08890672028064728 0 0
347 1 0.08913516253232956 0 0
348 1 0.08935052901506424 0 0
349 1 0.08955281972885132 0 0
350 1 0.0897420272231102 0 0
351 1 0.08991815894842148 0 0
352 1 0.09008120745420456 0 0
353 1 0.09023118019104004 0 0
354 1 0.09036807715892792 0 0
355 1 0.09022202342748642 0 0
356 1 0.09006943553686142 0 0
357 1 0.08991031348705292 0 0
358 1 0.08974464237689972 0 0
359 1 0.08957243710756302 0 0
360 1 0.08939369022846222 0 0
361 1 0.08920840919017792 0 0
362 1 0.08901657909154892 0 0
363 1 0.08881821483373642 0 0
364 1 0.08861331641674042 0 0
365 1 0.08840186893939972 0 0
366 1 0.08818388730287552 0 0
367 1 0.08795936405658722 0 0
368 1 0.08772830665111542 0 0
369 1 0.08749070018529892 0 0
370 0 0.08724655956029892 0 0
371 0 0.08713410794734955 0 0
372 0 0.08713410794734955 0 0
373 0 0.08713410794734955 0 0
374 0 0.08713410794734955 0 0
375 0 0.08713410794734955 0 0
376 0 0.08713410794734955 0 0
377 0 0.08713410794734955 0 0
378 0 0.08713410794734955 0 0
379 0 0.08713410794734955 0 0
380 0 0.08713410794734955 0 0
381 0 0.08713410794734955 0 0
382 0 0.08713410794734955 0 0
383 0 0.08713410794734955 0 0
384 0 0.08713410794734955 0 0
385 0 0.08713410794734955 0 0
386 0 0.08713410794734955 0 0
387 0 0.08713410794734955 0 0
388 0 0.08713410794734955 0 0
389 0 0.08713410794734955 0 0
390 0 0.08713410794734955 0 0
391 0 0.08713410794734955 0 0
392 0 0.08713410794734955 0 0
393 0 0.08713410794734955 0 0
394 0 0.08713410794734955 0 0
395 0 0.08713410794734955 0 0
396 18 0.08713410794734955 0 0
397 18 0.08728015422821045 0 0
398 18 0.08743274211883545 0 0
399 18 0.08759187161922455 0 0
400 18 0.08775753527879715 0 0
401 18 0.08766482770442963 0 1
401 18 0.08766482770442963 0 1
