data/levels/world2/Mouldy_Grotto.stl
1 16 0.022484373301267624 0 0
2 16 0.022484373301267624 0 0
3 16 0.022484373301267624 0 0
4 16 0.022484373301267624 0 0
5 16 0.022484373301267624 0 0
6 16 0.022484373301267624 0 0
7 16 0.022484373301267624 0 0
8 16 0.022484373301267624 0 0
9 0 0.022484373301267624 0 0
10 0 0.022484373301267624 0 0
11 0 0.022484373301267624 0 0
12 0 0.022484373301267624 0 0
13 0 0.022484373301267624 0 0
14 0 0.022484373301267624 0 0
15 0 0.022484373301267624 0 0
16 0 0.022484373301267624 0 0
17 2 0.022484373301267624 0 0
18 2 0.0227399580180645 0 0
19 2 0.02300698682665825 0 0
20 2 0.023285459727048874 0 0
21 2 0.023575376719236374 0 0
22 2 0.02387673780322075 0 0
23 2 0.024189542979002 0 0
24 2 0.024513792246580124 0 0
25 2 0.024849485605955124 0 0
26 2 0.025196623057127 0 0
27 2 0.02555520460009575 0 0
28 2 0.025925230234861374 0 0
29 2 0.026306699961423874 0 0
30 2 0.02669961377978325 0 0
31 2 0.0271039716899395 0 0
32 2 0.027519773691892624 0 0
33 2 0.027947019785642624 0 0
34 2 0.0283857099711895 0 0
35 2 0.02883584424853325 0 0
36 2 0.029297422617673874 0 0
37 2 0.029770445078611374 0 0
38 2 0.03025491163134575 0 0
39 2 0.030750822275877 0 0
40 2 0.031258177012205124 0 0
41 2 0.031776975840330124 0 0
42 2 0.032307218760252 0 0
43 2 0.03284890577197075 0 0
44 2 0.033402036875486374 0 0
45 2 0.033966612070798874 0 0
46 2 0.03471832349896431 0 0
47 2 0.03531341627240181 0 0
48 2 0.03592376783490181 0 0
49 2 0.03654937818646431 0 0
50 2 0.03719024732708931 0 0
51 2 0.03784637525677681 0 0
52 2 0.03851776197552681 0 0
53 2 0.03920440748333931 0 0
54 2 0.03990631178021431 0 0
55 2 0.04062347486615181 0 0
56 2 0.04135589674115181 0 0
57 2 0.04210357740521431 0 0
58 2 0.04286651685833931 0 0
59 2 0.04364471510052681 0 0
60 2 0.04443817213177681 0 0
61 2 0.04521942138671875 0 0
62 2 0.04600067064166069 0 0
63 2 0.04678191989660263 0 0
64 2 0.04756317287683487 0 0
65 2 0.04834442213177681 0 0
66 2 0.04912567138671875 0 0
67 2 0.04990692064166069 0 0
68 2 0.05068816989660263 0 0
69 2 0.05146942287683487 0 0
70 2 0.05225067213177681 0 0
71 2 0.05303192138671875 0 0
72 2 0.05381317064166069 0 0
73 2 0.05459441989660263 0 0
74 2 0.05537567287683487 0 0
75 2 0.05615692213177681 0 0
76 2 0.05693817138671875 0 0
77 2 0.05771942064166069 0 0
78 2 0.05850066989660263 0 0
79 2 0.05928192287683487 0 0
80 2 0.06006317213177681 0 0
81 2 0.06084442138671875 0 0
82 2 0.06162567064166069 0 0
83 2 0.06240691989660263 0 0
84 2 0.06318817287683487 0 0
85 2 0.06396941840648651 0 0
86 2 0.06475067138671875 0 0
87 2 0.06553192436695099 0 0
88 2 0.06631316989660263 0 0
89 2 0.06709442287683487 0 0
90 2 0.06787566840648651 0 0
91 2 0.06865692138671875 0 0
92 2 0.06943817436695099 0 0
93 2 0.07021941989660263 0 0
94 2 0.07100067287683487 0 0
95 2 0.07178191840648651 0 0
96 2 0.07256317138671875 0 0
97 2 0.07334442436695099 0 0
98 2 0.07412566989660263 0 0
99 2 0.07490692287683487 0 0
100 2 0.07568816840648651 0 0
101 2 0.07646942138671875 0 0
102 2 0.07725067436695099 0 0
103 2 0.07803191989660263 0 0
104 2 0.07881317287683487 0 0
105 2 0.07959441840648651 0 0
106 2 0.08037567138671875 0 0
107 2 0.08115692436695099 0 0
108 2 0.08193816989660263 0 0
109 2 0.08271942287683487 0 0
110 2 0.08350066840648651 0 0
111 2 0.08428192138671875 0 0
112 2 0.08506317436695099 0 0
113 2 0.08584441989660263 0 0
114 2 0.08662567287683487 0 0
115 2 0.08740691840648651 0 0
116 2 0.08818817138671875 0 0
117 2 0.08896942436695099 0 0
118 2 0.08975066989660263 0 0
119 2 0.09053192287683487 0 0
120 2 0.09131316840648651 0 0
121 2 0.09209442138671875 0 0
122 2 0.09287567436695099 0 0
123 2 0.09365691989660263 0 0
124 2 0.09443817287683487 0 0
125 2 0.09521941840648651 0 0
126 2 0.09600067138671875 0 0
127 2 0.09678192436695099 0 0
128 2 0.09756316989660263 0 0
129 2 0.09834442287683487 0 0
130 2 0.09912566840648651 0 0
131 2 0.09990692138671875 0 0
132 0 0.10068817436695099 0 0
133 0 0.10145225375890732 0 0
134 0 0.10219917446374893 0 0
135 0 0.10292892158031464 0 0
136 0 0.10364151000976562 0 0
137 0 0.1043369323015213 0 0
138 0 0.10501518100500107 0 0
139 0 0.10567627102136612 0 0
140 0 0.10632018744945526 0 0
141 0 0.10694694519042969 0 0
142 0 0.1075565367937088 0 0
143 0 0.108148954808712 0 0
144 0 0.1087242141366005 0 0
145 0 0.10928229987621307 0 0
146 1 0.1096513569355011 0 0
147 1 0.11016938835382462 0 0
148 1 0.11066453903913498 0 0
149 1 0.11113680154085159 0 0
150 1 0.11158616840839386 0 0
151 1 0.11201265454292297 0 0
152 1 0.11241624504327774 0 0
153 1 0.11279695481061935 0 0
154 1 0.11315477639436722 0 0
155 1 0.11348970234394073 0 0
156 1 0.1138017475605011 0 0
157 1 0.11409089714288712 0 0
158 1 0.11435716599225998 0 0
159 1 0.11460054665803909 0 0
160 1 0.11434496194124222 0 0
161 1 0.11407793313264847 0 0
162 1 0.11379946023225784 0 0
163 1 0.11350954324007034 0 0
164 1 0.11320818215608597 0 0
165 1 0.11289537698030472 0 0
166 1 0.11257112771272659 0 0
167 1 0.11223543435335159 0 0
168 1 0.11188829690217972 0 0
169 1 0.11152971535921097 0 0
170 1 0.11115968972444534 0 0
171 1 0.11077821999788284 0 0
172 1 0.11038530617952347 0 0
173 1 0.10998094826936722 0 0
174 1 0.10956514626741409 0 0
175 0 0.10913790017366409 0 0
176 0 0.1087278202176094 0 0
177 0 0.10833490639925003 0 0
178 0 0.10795915871858597 0 0
179 0 0.10760057717561722 0 0
180 2 0.10725916177034378 0 0
181 2 0.10694063454866409 0 0
182 2 0.10664499551057816 0 0
183 2 0.10637224465608597 0 0
184 2 0.10612238198518753 0 0
185 2 0.10589540749788284 0 0
186 2 0.10615099221467972 0 0
187 2 0.10641802102327347 0 0
188 2 0.10669649392366409 0 0
189 2 0.10698641091585159 0 0
190 2 0.10728777199983597 0 0
191 2 0.10760057717561722 0 0
192 2 0.10792482644319534 0 0
193 2 0.10826051980257034 0 0
194 2 0.10860765725374222 0 0
195 2 0.10896623879671097 0 0
196 2 0.10933626443147659 0 0
197 2 0.10971773415803909 0 0
198 2 0.11011064797639847 0 0
199 2 0.11051500588655472 0 0
200 2 0.11093080788850784 0 0
201 2 0.11135805398225784 0 0
202 2 0.11179674416780472 0 0
203 2 0.11224687844514847 0 0
204 2 0.11270845681428909 0 0
205 2 0.11318147927522659 0 0
206 2 0.11366594582796097 0 0
207 2 0.11416185647249222 0 0
208 2 0.11466921120882034 0 0
209 2 0.11518801003694534 0 0
210 2 0.11571825295686722 0 0
211 2 0.11625993996858597 0 0
212 2 0.11681307107210159 0 0
213 2 0.11737764626741409 0 0
214 2 0.11812935024499893 0 0
215 2 0.11872444301843643 0 0
216 2 0.11933479458093643 0 0
217 2 0.11996040493249893 0 0
218 2 0.12060127407312393 0 0
219 2 0.12125740200281143 0 0
220 2 0.12192878872156143 0 0
221 2 0.12261543422937393 0 0
222 2 0.12331733852624893 0 0
223 2 0.12403450161218643 0 0
224 2 0.12476692348718643 0 0
225 2 0.12551459670066833 0 0
226 2 0.12627753615379333 0 0
227 2 0.12705573439598083 0 0
228 2 0.12784919142723083 0 0
229 2 0.12863044440746307 0 0
230 2 0.1294116973876953 0 0
231 2 0.13019295036792755 0 0
232 2 0.1309742033481598 0 0
233 2 0.13175544142723083 0 0
234 2 0.13253669440746307 0 0
235 2 0.1333179473876953 0 0
236 2 0.13409920036792755 0 0
237 2 0.1348804533481598 0 0
238 2 0.13566169142723083 0 0
239 2 0.13644294440746307 0 0
240 2 0.1372241973876953 0 0
241 2 0.13800545036792755 0 0
242 2 0.1387867033481598 0 0
243 2 0.13956794142723083 0 0
244 2 0.14034919440746307 0 0
245 2 0.1411304473876953 0 0
246 2 0.14191170036792755 0 0
247 2 0.1426929533481598 0 0
248 2 0.14347419142723083 0 0
249 2 0.14425544440746307 0 1
249 2 0.14425544440746307 0 1
