data/levels/bonus2/level15.stl
1 0 0.009991071186959743 0 0
2 0 0.009991071186959743 0 0
3 0 0.009991071186959743 0 0
4 0 0.009991071186959743 0 0
5 0 0.009991071186959743 0 0
6 0 0.009991071186959743 0 0
7 0 0.009991071186959743 0 0
8 0 0.009991071186959743 0 0
9 0 0.009991071186959743 0 0
10 0 0.009991071186959743 0 0
11 0 0.009991071186959743 0 0
12 0 0.009991071186959743 0 0
13 0 0.009991071186959743 0 0
14 0 0.009991071186959743 0 0
15 0 0.009991071186959743 0 0
16 0 0.009991071186959743 0 0
17 0 0.009991071186959743 0 0
18 0 0.009991071186959743 0 0
19 0 0.009991071186959743 0 0
20 0 0.009991071186959743 0 0
21 0 0.009991071186959743 0 0
22 0 0.009991071186959743 0 0
23 0 0.009991071186959743 0 0
24 0 0.009991071186959743 0 0
25 0 0.009991071186959743 0 0
26 2 0.009991071186959743 0 0
27 2 0.010137120261788368 0 0
28 2 0.010289708152413368 0 0
29 2 0.010448834858834743 0 0
30 2 0.010614502243697643 0 0
31 2 0.010786708444356918 0 0
32 2 0.010965454392135143 0 0
33 2 0.011150739155709743 0 0
34 2 0.011342564597725868 0 0
35 2 0.011540927924215794 0 0
36 2 0.011745831929147243 0 0
37 2 0.011957274749875069 0 0
38 2 0.012175257317721844 0 0
39 2 0.012399779632687569 0 0
40 2 0.012630841694772243 0 0
41 2 0.012868442572653294 0 0
42 2 0.013112583197653294 0 0
43 2 0.013363263569772243 0 0
44 2 0.013620482757687569 0 0
45 2 0.013884241692721844 0 0
46 2 0.014154540374875069 0 0
47 2 0.014431378804147243 0 0
48 2 0.014714756049215794 0 0
49 2 0.015004673041403294 0 0
50 2 0.015301129780709743 0 0
51 2 0.015604125335812569 0 0
52 2 0.01591366156935692 0 0
53 2 0.01622973568737507 0 0
54 2 0.01655234955251217 0 0
55 2 0.01698189787566662 0 0
56 2 0.017321951687335968 0 0
57 2 0.017670724540948868 0 0
58 2 0.018028216436505318 0 0
59 2 0.018394427374005318 0 0
60 18 0.018769357353448868 0 0
61 18 0.019153006374835968 0 0
62 18 0.01954537443816662 0 0
63 18 0.019946463406085968 0 0
64 18 0.020356271415948868 0 0
65 18 0.020774798467755318 0 0
66 16 0.021202044561505318 0 0
67 16 0.021619480103254318 0 0
68 16 0.022027108818292618 0 0
69 16 0.022424926981329918 0 0
70 16 0.022812936455011368 0 0
71 16 0.023191135376691818 0 0
72 0 0.023559527471661568 0 0
73 1 0.023918109014630318 0 0
74 1 0.024263611063361168 0 0
75 1 0.02459603361785412 0 0
76 1 0.024915378540754318 0 0
77 1 0.02512343041598797 0 0
78 1 0.02541661635041237 0 0
79 0 0.02569672465324402 0 0
80 1 0.02596702240407467 0 0
81 1 0.02622424252331257 0 0
82 1 0.02646838314831257 0 0
83 1 0.02669944427907467 0 0
84 1 0.02691742777824402 0 0
85 1 0.02712233178317547 0 0
86 0 0.02731415629386902 0 0
87 0 0.02749617211520672 0 0
88 0 0.02766837738454342 0 0
89 0 0.02783077582716942 0 0
90 0 0.02798336371779442 0 0
91 0 0.02812614105641842 0 0
92 0 0.02825911156833172 0 0
93 0 0.02838227152824402 0 0
94 0 0.02849562279880047 0 0
95 0 0.02859916351735592 0 0
96 0 0.02869289740920067 0 0
97 0 0.02877682074904442 0 0
98 0 0.02885093353688717 0 0
99 0 0.02891523949801922 0 0
100 0 0.02896973490715027 0 0
101 0 0.02901442162692547 0 0
102 0 0.02904929779469967 0 0
103 0 0.02904929779469967 0 0
104 0 0.02904929779469967 0 0
105 2 0.02904929779469967 0 0
106 2 0.02919534593820572 0 0
107 2 0.02934793382883072 0 0
108 2 0.02950706146657467 0 0
109 2 0.02967272885143757 0 0
110 2 0.02984493598341942 0 0
111 2 0.03002368099987507 0 0
112 2 0.03020896576344967 0 0
113 2 0.03040079027414322 0 0
114 18 0.03059915453195572 0 0
115 18 0.03080405853688717 0 0
116 18 0.03101550228893757 0 0
117 18 0.03123348578810692 0 0
118 18 0.03145800903439522 0 0
119 18 0.03168907016515732 0 0
120 18 0.03192666918039322 0 0
121 18 0.03217080980539322 0 0
122 18 0.03242149204015732 0 0
123 18 0.03267871215939522 0 0
124 18 0.03294247016310692 0 0
125 18 0.03321276977658272 0 0
126 18 0.03348960727453232 0 0
127 18 0.03377298265695572 0 0
128 18 0.03406289964914322 0 0
129 18 0.03435935825109482 0 0
130 18 0.03466235473752022 0 0
131 18 0.03497188910841942 0 0
132 18 0.03528796508908272 0 0
133 18 0.03561057895421982 0 0
134 18 0.03604012727737427 0 0
135 18 0.03638017922639847 0 0
136 2 0.03672895208001137 0 0
137 2 0.03708644211292267 0 0
138 2 0.03745265305042267 0 0
139 2 0.03782758489251137 0 0
140 2 0.03821123391389847 0 0
141 2 0.03860360383987427 0 0
142 2 0.03900469094514847 0 0
143 2 0.03941449895501137 0 0
144 2 0.03983302414417267 0 0
145 2 0.04026027023792267 0 0
146 2 0.04069623723626137 0 0
147 2 0.04114092141389847 0 0
148 2 0.04159432649612427 0 0
149 2 0.04204075410962105 0 0
150 2 0.04248718172311783 0 0
151 2 0.04293360933661461 0 0
152 2 0.04338004067540169 0 0
153 2 0.04382646828889847 0 0
154 2 0.04427289590239525 0 0
155 2 0.04471932724118233 0 0
156 2 0.04516575485467911 0 0
157 2 0.04561218246817589 0 0
158 2 0.04605861008167267 0 0
159 2 0.04650504142045975 0 0
160 0 0.04695146903395653 0 0
161 0 0.047053392976522446 0 0
162 0 0.047053392976522446 0 0
163 0 0.047053392976522446 0 0
164 0 0.047053392976522446 0 0
165 0 0.047053392976522446 0 0
166 0 0.047053392976522446 0 0
167 0 0.047053392976522446 0 0
168 0 0.0469551756978035 0 0
169 0 0.0469551756978035 0 0
170 0 0.0469551756978035 0 0
171 0 0.0469551756978035 0 0
172 18 0.0469551756978035 0 0
173 18 0.0471012219786644 0 0
174 18 0.047151610255241394 0 0
175 18 0.047151610255241394 0 0
176 18 0.047151610255241394 0 0
177 18 0.047323815524578094 0 0
178 18 0.047502562403678894 0 0
179 18 0.047687847167253494 0 0
180 18 0.047879669815301895 0 0
181 18 0.048078034073114395 0 0
182 18 0.048282939940690994 0 0
183 18 0.048494383692741394 0 0
184 18 0.048712365329265594 0 0
185 18 0.048936888575553894 0 0
186 18 0.049167949706315994 0 0
187 18 0.049405548721551895 0 0
188 18 0.049649689346551895 0 0
189 18 0.049900371581315994 0 0
190 18 0.050157591700553894 0 0
191 18 0.050421349704265594 0 0
192 18 0.050691649317741394 0 0
193 18 0.050968486815690994 0 0
194 18 0.051251862198114395 0 0
195 18 0.051541779190301895 0 0
196 18 0.051838237792253494 0 0
197 18 0.052141234278678894 0 0
198 18 0.052450768649578094 0 0
199 18 0.052766844630241394 0 0
200 18 0.053089458495378494 0 0
201 18 0.053519003093242645 0 0
202 18 0.053859055042266846 0 0
203 18 0.054207827895879745 0 0
204 2 0.054565321654081345 0 0
205 2 0.054931532591581345 0 0
206 2 0.055306460708379745 0 0
207 2 0.055690109729766846 0 0
208 0 0.056082479655742645 0 0
209 0 0.056465040892362595 0 0
210 0 0.056837789714336395 0 0
211 0 0.057200729846954346 0 0
212 0 0.057553865015506744 0 0
213 0 0.057897187769412994 0 0
214 0 0.058230698108673096 0 0
215 0 0.058554403483867645 0 0
216 0 0.058868300169706345 0 0
217 0 0.059074174612760544 0 0
218 18 0.059368450194597244 0 0
219 18 0.059669267386198044 0 0
220 18 0.059976622462272644 0 0
221 18 0.060290515422821045 0 0
222 18 0.060610949993133545 0 0
223 18 0.060937926173210144 0 0
224 18 0.061371829360723495 0 0
225 18 0.061716243624687195 0 0
226 18 0.062069375067949295 0 0
227 18 0.062431227415800095 0 0
228 18 0.0628018006682396 0 0
229 18 0.0631810873746872 0 0
230 18 0.0635690987110138 0 0
231 18 0.0639658272266388 0 0
232 18 0.0643712729215622 0 0
233 18 0.0647854432463646 0 0
234 18 0.0652083232998848 0 0
235 18 0.0656399354338646 0 0
236 18 0.0660802572965622 0 0
237 18 0.0665293037891388 0 0
238 18 0.06697572767734528 0 0
239 18 0.06742215901613235 0 0
240 18 0.06786859035491943 0 0
241 18 0.06831501424312592 0 0
242 18 0.068761445581913 0 0
243 18 0.06920786947011948 0 0
244 18 0.06965430080890656 0 0
245 18 0.07010073214769363 0 0
246 18 0.07054715603590012 0 0
247 18 0.0709935873746872 0 0
248 18 0.07144001871347427 0 0
249 18 0.07188644260168076 0 0
250 18 0.07233287394046783 0 0
251 18 0.07277929782867432 0 0
252 18 0.0732257291674614 0 0
253 18 0.07367216050624847 0 0
254 18 0.07411858439445496 0 0
255 18 0.07456501573324203 0 0
256 18 0.07501144707202911 0 0
257 18 0.0754578709602356 0 0
258 18 0.07590430229902267 0 0
259 18 0.07635072618722916 0 0
260 18 0.07679715752601624 0 0
261 18 0.07724358886480331 0 0
262 18 0.0776900127530098 0 0
263 18 0.07813644409179688 0 0
264 18 0.07858287543058395 0 0
265 18 0.07902929931879044 0 0
266 2 0.07947573065757751 0 0
267 2 0.0799221619963646 0 0
268 2 0.08036858588457108 0 0
269 2 0.08081501722335815 0 0
270 2 0.08126144111156464 0 0
271 2 0.08170787245035172 0 0
272 2 0.0821543037891388 0 0
273 2 0.08260072767734528 0 0
274 2 0.08304715901613235 0 0
275 2 0.08349359035491943 0 0
276 2 0.08394001424312592 0 0
277 2 0.084386445581913 0 0
278 2 0.08483286947011948 0 0
279 2 0.08527930080890656 0 0
280 2 0.08572573214769363 0 0
281 2 0.08617215603590012 0 0
282 2 0.0866185873746872 0 0
283 2 0.08706501871347427 0 0
284 2 0.08751144260168076 0 0
285 2 0.08795787394046783 0 0
286 2 0.08840429782867432 0 0
287 2 0.0888507291674614 0 0
288 2 0.08929716050624847 0 0
289 2 0.08974358439445496 0 0
290 2 0.09019001573324203 0 0
291 2 0.09063644707202911 0 0
292 2 0.0910828709602356 0 0
293 2 0.09152930229902267 0 0
294 2 0.09197572618722916 0 0
295 2 0.09242215752601624 0 0
296 2 0.09286858886480331 0 0
297 2 0.0933150127530098 0 0
298 2 0.09376144409179688 0 0
299 2 0.09420787543058395 0 0
300 2 0.09465429931879044 0 0
301 2 0.09510073065757751 0 0
302 2 0.0955471619963646 0 0
303 2 0.09562482684850693 0 0
304 2 0.09562482684850693 0 0
305 2 0.09562482684850693 0 0
306 2 0.09562482684850693 0 0
307 2 0.09562482684850693 0 0
308 2 0.09562482684850693 0 0
309 2 0.09562482684850693 0 0
310 2 0.09562482684850693 0 0
311 2 0.09562482684850693 0 0
312 2 0.09562482684850693 0 0
313 2 0.09562482684850693 0 0
314 2 0.09562482684850693 0 0
315 2 0.09607125073671341 0 0
316 2 0.09651768207550049 0 0
317 0 0.09696411341428757 0 0
318 0 0.0974007323384285 0 0
319 0 0.09782753884792328 0 0
320 0 0.09824454039335251 0 0
321 0 0.09865173697471619 0 0
322 0 0.09904911369085312 0 0
323 0 0.0994366854429245 0 0
324 2 0.09971990436315536 0 1
324 2 0.09971990436315536 0 1
