data/levels/world2/Going_Underground.stl
1 16 0.02343629114329815 0 0
2 16 0.02343629114329815 0 0
3 16 0.02343629114329815 0 0
4 16 0.02343629114329815 0 0
5 16 0.02343629114329815 0 0
6 16 0.02343629114329815 0 0
7 16 0.02343629114329815 0 0
8 16 0.02343629114329815 0 0
9 16 0.02343629114329815 0 0
10 16 0.02343629114329815 0 0
11 0 0.02343629114329815 0 0
12 0 0.02343629114329815 0 0
13 2 0.02343629114329815 0 0
14 2 0.0237770713865757 0 0
15 2 0.02413311041891575 0 0
16 2 0.02450440637767315 0 0
17 2 0.0248909629881382 0 0
18 2 0.02529277838766575 0 0
19 2 0.02570985071361065 0 0
20 2 0.0261421836912632 0 0
21 2 0.02658977545797825 0 0
22 2 0.02705262415111065 0 0
23 2 0.0275307334959507 0 0
24 2 0.02802410162985325 0 0
25 2 0.02853272669017315 0 0
26 2 0.0290566124022007 0 0
27 2 0.02959575690329075 0 0
28 2 0.03015015833079815 0 0
29 2 0.0307198204100132 0 0
30 2 0.0313047394156456 0 0
31 2 0.0319049209356308 0 0
32 2 0.0325203575193882 0 0
33 2 0.0331510528922081 0 0
34 2 0.0337970107793808 0 0
35 2 0.0344582237303257 0 0
36 2 0.0351346954703331 0 0
37 2 0.0358264297246933 0 0
38 2 0.0365334190428257 0 0
39 2 0.0372556671500206 0 0
40 2 0.0379931777715683 0 0
41 2 0.0387459434568882 0 0
42 2 0.03974822536110878 0 0
43 2 0.04054168239235878 0 0
44 2 0.04135548323392868 0 0
45 2 0.04218963161110878 0 0
46 2 0.04304412379860878 0 0
47 2 0.04391895979642868 0 0
48 2 0.04481414332985878 0 0
49 2 0.04572967067360878 0 0
50 2 0.04666554182767868 0 0
51 2 0.04762176051735878 0 0
52 2 0.04859832301735878 0 0
53 2 0.04959522932767868 0 0
54 2 0.05061248317360878 0 0
55 2 0.05165008082985878 0 0
56 2 0.05270802229642868 0 0
57 2 0.0537496879696846 0 0
58 2 0.05479135364294052 0 0
59 2 0.05583302304148674 0 0
60 2 0.05687468871474266 0 0
61 2 0.05791635438799858 0 0
62 2 0.0589580200612545 0 0
63 2 0.05999968945980072 0 0
64 2 0.06104135513305664 0 0
65 2 0.06208302080631256 0 0
66 2 0.06312468647956848 0 0
67 2 0.0641663521528244 0 0
68 2 0.06520802527666092 0 0
69 2 0.06624969094991684 0 0
70 2 0.06729135662317276 0 0
71 2 0.06833302229642868 0 0
72 2 0.0693746879696846 0 0
73 2 0.07041635364294052 0 0
74 2 0.07145801931619644 0 0
75 2 0.07249968498945236 0 0
76 2 0.07354135811328888 0 0
77 2 0.0745830237865448 0 0
78 2 0.07562468945980072 0 0
79 2 0.07666635513305664 0 0
80 2 0.07770802080631256 0 0
81 2 0.07874968647956848 0 0
82 2 0.0797913521528244 0 0
83 2 0.08083302527666092 0 0
84 2 0.08187469094991684 0 0
85 2 0.08291635662317276 0 0
86 2 0.08395802229642868 0 0
87 2 0.0849996879696846 0 0
88 2 0.08604135364294052 0 0
89 2 0.08708301931619644 0 0
90 2 0.08812468498945236 0 0
91 2 0.08916635811328888 0 0
92 2 0.0902080237865448 0 0
93 2 0.09124968945980072 0 0
94 2 0.09229135513305664 0 0
95 2 0.09333302080631256 0 0
96 2 0.09437468647956848 0 0
97 2 0.0954163521528244 0 0
98 2 0.09645802527666092 0 0
99 2 0.09749969094991684 0 0
100 2 0.09854135662317276 0 0
101 2 0.09958302229642868 0 0
102 2 0.1006246879696846 0 0
103 2 0.10166635364294052 0 0
104 2 0.10270801931619644 0 0
105 2 0.10374969244003296 0 0
106 2 0.10479135811328888 0 0
107 2 0.1058330312371254 0 0
108 2 0.10687469691038132 0 0
109 2 0.10791636258363724 0 0
110 2 0.10895802825689316 0 0
111 2 0.10999969393014908 0 0
112 2 0.111041359603405 0 0
113 2 0.11208302527666092 0 0
114 2 0.11312469840049744 0 0
115 2 0.11416636407375336 0 0
116 2 0.11520802974700928 0 0
117 2 0.1162496954202652 0 0
118 2 0.11729136109352112 0 0
119 2 0.11833302676677704 0 0
120 2 0.11937469244003296 0 0
121 2 0.12041635811328888 0 0
122 2 0.1214580312371254 0 0
123 2 0.12249969691038132 0 0
124 2 0.12354136258363724 0 0
125 2 0.12458302825689316 0 0
126 2 0.12562470138072968 0 0
127 2 0.1266663670539856 0 0
128 2 0.12770803272724152 0 0
129 2 0.12874969840049744 0 0
130 2 0.12979136407375336 0 0
131 2 0.13083302974700928 0 0
132 2 0.1318746954202652 0 0
133 2 0.13291636109352112 0 0
134 2 0.13395802676677704 0 0
135 2 0.13499969244003296 0 0
136 2 0.13604135811328888 0 0
137 2 0.1370830237865448 0 0
138 2 0.13812468945980072 0 0
139 2 0.13916635513305664 0 0
140 2 0.14020802080631256 0 0
141 2 0.14124970138072968 0 0
142 2 0.1422913670539856 0 0
143 2 0.14333303272724152 0 0
144 2 0.14437469840049744 0 0
145 18 0.14541636407375336 0 0
146 18 0.14645802974700928 0 0
147 18 0.1474996954202652 0 0
148 18 0.14854136109352112 0 0
149 18 0.14958302676677704 0 0
150 18 0.15062469244003296 0 0
151 18 0.15166635811328888 0 0
152 18 0.1527080237865448 0 0
153 18 0.15374968945980072 0 0
154 18 0.15479135513305664 0 0
155 18 0.15583302080631256 0 0
156 18 0.15687470138072968 0 0
157 18 0.1579163670539856 0 0
158 18 0.15895803272724152 0 0
159 18 0.15999969840049744 0 0
160 18 0.16104136407375336 0 0
161 18 0.16208302974700928 0 0
162 18 0.1631246954202652 0 0
163 18 0.16416636109352112 0 0
164 18 0.16520802676677704 0 0
165 2 0.16624969244003296 0 0
166 2 0.16729135811328888 0 0
167 2 0.1683330237865448 0 0
168 2 0.16937468945980072 0 0
169 2 0.17041635513305664 0 0
170 2 0.17145802080631256 0 0
171 0 0.17249970138072968 0 0
172 0 0.17351847887039185 0 0
173 0 0.17451436817646027 0 0
174 0 0.17548736929893494 0 0
175 0 0.17643748223781586 0 0
176 0 0.17736470699310303 0 0
177 0 0.17826904356479645 0 0
178 0 0.17915049195289612 0 0
179 0 0.18000905215740204 0 0
180 0 0.1808447241783142 0 0
181 0 0.18165750801563263 0 0
182 0 0.1824474036693573 0 0
183 1 0.18321441113948822 0 0
184 1 0.18395090103149414 0 0
185 1 0.18442772328853607 0 0
186 0 0.185103178024292 0 0
187 0 0.18575574457645416 0 0
188 0 0.18638542294502258 0 0
189 0 0.18699221312999725 0 0
190 1 0.18757611513137817 0 0
191 1 0.1881294995546341 0 0
192 1 0.18865236639976501 0 0
193 1 0.18914471566677094 0 0
194 1 0.18960654735565186 0 0
195 1 0.19003786146640778 0 0
196 1 0.1904386579990387 0 0
197 1 0.1908089518547058 0 0
198 1 0.19114871323108673 0 0
199 1 0.19145795702934265 0 0
200 1 0.19111716747283936 0 0
201 1 0.19076113402843475 0 0
202 1 0.19038984179496765 0 0
203 1 0.19000327587127686 0 0
204 1 0.18960146605968475 0 0
205 1 0.18918439745903015 0 0
206 1 0.18875205516815186 0 0
207 1 0.18830446898937225 0 0
208 1 0.18784162402153015 0 0
209 1 0.18736350536346436 0 0
210 1 0.18687014281749725 0 0
211 0 0.18636152148246765 0 0
212 0 0.1858757734298706 0 0
213 2 0.1854129284620285 0 0
214 2 0.1849806010723114 0 0
215 2 0.1845787763595581 0 0
216 2 0.184207484126091 0 0
217 18 0.1838667094707489 0 0
218 18 0.1835564374923706 0 0
219 18 0.1838972270488739 0 0
220 18 0.1842532604932785 0 0
221 18 0.1846245527267456 0 0
222 18 0.1850111186504364 0 0
223 18 0.1854129284620285 0 0
224 18 0.1858299970626831 0 0
225 18 0.1862623393535614 0 0
226 18 0.186709925532341 0 0
227 18 0.1871727705001831 0 0
228 18 0.1876508891582489 0 0
229 18 0.188144251704216 0 0
230 18 0.1886528730392456 0 0
231 18 0.1891767680644989 0 0
232 18 0.1897159069776535 0 0
233 18 0.1902703046798706 0 0
234 18 0.1908399760723114 0 0
235 2 0.1914248913526535 0 0
236 2 0.1920250654220581 0 0
237 2 0.1926405131816864 0 0
238 2 0.193271204829216 0 0
239 2 0.1939171552658081 0 0
240 2 0.1945783793926239 0 0
241 0 0.195254847407341 0 0
242 0 0.19590842723846436 0 0
243 0 0.19653913378715515 0 0
244 0 0.197146937251091 0 0
245 0 0.1977318525314331 0 0
246 0 0.19829389452934265 0 0
247 0 0.19883303344249725 0 0
248 0 0.1993492841720581 0 0
249 0 0.1998426616191864 0 0
250 0 0.20031313598155975 0 0
251 0 0.20076072216033936 0 0
252 0 0.2011854350566864 0 0
253 0 0.2015872448682785 0 0
254 0 0.20196616649627686 0 0
255 0 0.20232221484184265 0 0
256 0 0.2026553601026535 0 0
257 0 0.2029656171798706 0 0
258 0 0.20325300097465515 0 0
259 0 0.20351748168468475 0 0
260 0 0.2037590742111206 0 0
261 0 0.2039777934551239 0 0
262 0 0.20417360961437225 0 0
263 0 0.20434653759002686 0 0
264 0 0.2044965922832489 0 0
265 0 0.204623743891716 0 0
266 0 0.20472800731658936 0 0
267 0 0.20480939745903015 0 0
268 0 0.204867884516716 0 0
269 0 0.2049034833908081 0 0
270 0 0.2049034833908081 0 0
271 0 0.2049034833908081 0 0
272 16 0.2049034833908081 0 0
273 18 0.2049034833908081 0 0
274 18 0.2052442729473114 0 0
275 18 0.205600306391716 0 0
276 18 0.2059715986251831 0 0
277 18 0.2063581645488739 0 0
278 18 0.206759974360466 0 0
279 18 0.2071770429611206 0 0
280 18 0.2076093852519989 0 0
281 18 0.2080569714307785 0 0
282 18 0.2085198163986206 0 0
283 18 0.2089979350566864 0 0
284 18 0.2094912976026535 0 0
285 18 0.2099999189376831 0 0
286 18 0.2105238139629364 0 0
287 18 0.211062952876091 0 0
288 18 0.2116173505783081 0 0
289 2 0.2121870219707489 0 0
290 2 0.212771937251091 0 0
291 2 0.2133721113204956 0 0
292 2 0.2139875590801239 0 0
293 2 0.2146182507276535 0 0
294 2 0.2152642011642456 0 0
295 2 0.2159254252910614 0 0
296 2 0.2166018933057785 0 0
297 2 0.2172936201095581 0 0
298 2 0.2180006206035614 0 0
299 2 0.218722864985466 0 0
300 2 0.2194603681564331 0 0
301 2 0.2202131450176239 0 0
302 2 0.2212154120206833 0 0
303 2 0.2220088690519333 0 0
304 2 0.2228226661682129 0 0
305 2 0.2236568182706833 0 0
306 2 0.2245113104581833 0 0
307 2 0.2253861427307129 0 0
308 2 0.2262813299894333 0 0
309 2 0.2271968573331833 0 0
310 2 0.2281327247619629 0 0
311 2 0.2290889471769333 0 0
312 2 0.2300655096769333 0 0
313 2 0.2310624122619629 0 0
314 2 0.2320796698331833 0 0
315 2 0.2331172674894333 0 0
316 2 0.2341752052307129 0 0
317 2 0.2352168709039688 0 0
318 2 0.23625855147838593 0 0
319 2 0.23730021715164185 0 0
320 2 0.23834188282489777 0 0
321 2 0.2393835484981537 0 0
322 2 0.2404252141714096 0 0
323 2 0.24146687984466553 0 0
324 2 0.24250854551792145 0 0
325 2 0.24355021119117737 0 0
326 2 0.2445918768644333 0 0
327 2 0.2456335425376892 0 0
328 2 0.24667520821094513 0 0
329 2 0.24771687388420105 0 0
330 2 0.24875853955745697 0 0
331 2 0.2498002052307129 0 0
332 2 0.25084188580513 0 0
333 2 0.25188353657722473 0 0
334 2 0.25292521715164185 0 0
335 2 0.2539668679237366 0 0
336 2 0.2550085484981537 0 0
337 2 0.2560501992702484 0 0
338 2 0.2570918798446655 0 0
339 2 0.25813353061676025 0 0
340 2 0.25917521119117737 0 0
341 2 0.2602168917655945 0 0
342 2 0.2612585425376892 0 0
343 2 0.2623002231121063 0 0
344 2 0.26334187388420105 0 0
345 2 0.26438355445861816 0 0
346 2 0.2654252052307129 0 0
347 2 0.26646688580513 0 0
348 2 0.26750853657722473 0 0
349 2 0.26855021715164185 0 0
350 2 0.2695918679237366 0 0
351 2 0.2706335484981537 0 0
352 2 0.2716751992702484 0 0
353 2 0.2727168798446655 0 0
354 2 0.27375853061676025 0 0
355 2 0.27480021119117737 0 0
356 2 0.2758418917655945 0 0
357 18 0.2768835425376892 0 0
358 18 0.2779252231121063 0 0
359 18 0.27896687388420105 0 0
360 18 0.28000855445861816 0 0
361 18 0.2810502052307129 0 0
362 18 0.28209188580513 0 0
363 18 0.28313353657722473 0 0
364 18 0.28417521715164185 0 0
365 18 0.2852168679237366 0 0
366 18 0.2862585484981537 0 0
367 18 0.2873001992702484 0 0
368 18 0.2883418798446655 0 0
369 18 0.28938353061676025 0 0
370 18 0.29042521119117737 0 0
371 18 0.2914668917655945 0 0
372 18 0.2925085425376892 0 0
373 0 0.2935502231121063 0 0
374 0 0.2945689857006073 0 0
375 0 0.2955648899078369 0 0
376 0 0.2965378761291504 0 0
377 1 0.2974880039691925 0 0
378 1 0.29840758442878723 0 0
379 1 0.29929667711257935 0 0
380 1 0.3001552224159241 0 0
381 1 0.3009832799434662 0 0
382 1 0.3017807900905609 0 0
383 1 0.302547812461853 0 0
384 1 0.30328428745269775 0 0
385 0 0.3037611246109009 0 0
386 0 0.30444419384002686 0 0
387 0 0.30510440468788147 0 0
388 0 0.30574169754981995 0 0
389 0 0.30635613203048706 0 0
390 0 0.30694764852523804 0 0
391 0 0.30751630663871765 0 0
392 0 0.30806204676628113 0 0
393 1 0.30858492851257324 0 0
394 1 0.30907726287841797 0 0
395 1 0.3095391094684601 0 0
396 1 0.3099704086780548 0 0
397 1 0.3103712201118469 0 0
398 1 0.31074151396751404 0 0
399 0 0.31108126044273376 0 0
400 0 0.31139814853668213 0 0
401 0 0.31169211864471436 0 0
402 0 0.3119632303714752 0 0
403 0 0.31221142411231995 0 0
404 0 0.3124367594718933 0 0
405 0 0.31263917684555054 0 0
406 0 0.3128187358379364 0 0
407 0 0.31297537684440613 0 0
408 0 0.3131091594696045 0 0
409 0 0.3132200241088867 0 0
410 0 0.3133080303668976 0 0
411 0 0.3133731186389923 0 0
412 0 0.3134153485298157 0 0
413 0 0.3134346902370453 0 0
414 0 0.31343111395835876 0 0
415 2 0.3134504556655884 0 0
416 2 0.3137912154197693 0 0
417 2 0.3141472637653351 0 0
418 2 0.3145185708999634 0 0
419 2 0.3149051070213318 0 0
420 2 0.3153069317340851 0 0
421 2 0.3157240152359009 0 0
422 2 0.3161563277244568 0 0
423 2 0.3166039288043976 0 0
424 2 0.3170667886734009 0 0
425 2 0.3175448775291443 0 0
426 2 0.3180382549762726 0 0
427 2 0.3185468912124634 0 0
428 2 0.3190707564353943 0 0
429 2 0.3196099102497101 0 0
430 2 0.3201643228530884 0 0
431 2 0.3207339644432068 0 0
432 2 0.3213188946247101 0 0
433 2 0.3219190835952759 0 0
434 2 0.3225345015525818 0 0
435 2 0.3231652081012726 0 0
436 2 0.3238111734390259 0 0
437 2 0.3244723677635193 0 0
438 2 0.3251488506793976 0 0
439 2 0.3258405923843384 0 0
440 2 0.3265475630760193 0 0
441 2 0.3272698223590851 0 0
442 2 0.3280073404312134 0 0
443 2 0.3287600874900818 0 0
444 2 0.32976236939430237 0 0
445 2 0.33055582642555237 0 0
446 2 0.33136963844299316 0 0
447 2 0.33220377564430237 0 0
448 2 0.33305826783180237 0 0
449 2 0.33393311500549316 0 0
450 2 0.33482828736305237 0 0
451 2 0.33574381470680237 0 0
452 2 0.33667969703674316 0 0
453 2 0.33763590455055237 0 0
454 2 0.33861246705055237 0 0
455 2 0.33960938453674316 0 0
456 2 0.34062662720680237 0 0
457 2 0.34166422486305237 0 0
458 2 0.34272217750549316 0 0
459 2 0.3437638282775879 0 0
460 2 0.344805508852005 0 0
461 2 0.34584715962409973 0 0
462 2 0.34688884019851685 0 0
463 2 0.3479304909706116 0 0
464 2 0.3489721715450287 0 0
465 2 0.3500138223171234 0 0
466 2 0.3510555028915405 0 0
467 2 0.35209715366363525 0 0
468 2 0.35313883423805237 0 0
469 2 0.3541805148124695 0 0
470 2 0.3552221655845642 0 0
471 2 0.3562638461589813 0 0
472 2 0.35730549693107605 0 0
473 2 0.35834717750549316 0 0
474 2 0.3593888282775879 0 0
475 2 0.360430508852005 0 0
476 2 0.36147215962409973 0 0
477 2 0.36251384019851685 0 0
478 2 0.3635554909706116 0 0
479 2 0.3645971715450287 0 0
480 2 0.3656388223171234 0 0
481 2 0.3666805028915405 0 0
482 2 0.36772215366363525 0 0
483 2 0.36876383423805237 0 0
484 2 0.3698055148124695 0 0
485 2 0.3708471655845642 0 0
486 2 0.3718888461589813 0 0
487 2 0.37293049693107605 0 0
488 2 0.37397217750549316 0 0
489 2 0.3750138282775879 0 0
490 2 0.376055508852005 0 0
491 2 0.37709715962409973 0 0
492 2 0.37813884019851685 0 0
493 2 0.3791804909706116 0 0
494 2 0.3802221715450287 0 0
495 2 0.3812638223171234 0 0
496 2 0.3823055028915405 0 0
497 2 0.38334715366363525 0 0
498 2 0.38438883423805237 0 0
499 2 0.3854305148124695 0 0
500 2 0.3864721655845642 0 0
501 2 0.3875138461589813 0 0
502 2 0.38855549693107605 0 0
503 2 0.38959717750549316 0 0
504 2 0.3906388282775879 0 0
505 2 0.391680508852005 0 0
506 2 0.39272215962409973 0 0
507 2 0.39376384019851685 0 0
508 2 0.3948054909706116 0 0
509 18 0.3958471715450287 0 0
510 18 0.3964579403400421 0 0
511 18 0.3964579403400421 0 0
512 18 0.3964579403400421 0 0
513 18 0.39749959111213684 0 0
514 2 0.39854127168655396 0 0
515 2 0.3995829224586487 0 0
516 2 0.4006246030330658 0 0
517 2 0.4016662538051605 0 0
518 2 0.40270793437957764 0 0
519 2 0.40374958515167236 0 0
520 2 0.4047912657260895 0 0
521 2 0.4058329164981842 0 0
522 2 0.4068745970726013 0 0
523 2 0.40791624784469604 0 0
524 2 0.40895792841911316 0 0
525 2 0.4099995791912079 0 0
526 2 0.411041259765625 0 0
527 2 0.4120829403400421 0 0
528 2 0.41312459111213684 0 0
529 2 0.41416627168655396 0 0
530 2 0.4152079224586487 0 0
531 2 0.4162496030330658 0 0
532 2 0.4172912538051605 0 0
533 2 0.41833293437957764 0 0
534 2 0.41937458515167236 0 0
535 2 0.4204162657260895 0 0
536 2 0.4214579164981842 0 0
537 2 0.4224995970726013 0 0
538 2 0.42354124784469604 0 0
539 2 0.42458292841911316 0 0
540 2 0.4256245791912079 0 0
541 2 0.426666259765625 0 0
542 2 0.4277079403400421 0 0
543 2 0.42874959111213684 0 0
544 2 0.42979127168655396 0 0
545 2 0.4308329224586487 0 0
546 2 0.4318746030330658 0 0
547 2 0.4329162538051605 0 0
548 2 0.43395793437957764 0 0
549 2 0.43499958515167236 0 0
550 2 0.4360412657260895 0 0
551 2 0.4370829164981842 0 0
552 2 0.4381245970726013 0 0
553 2 0.43916624784469604 0 0
554 2 0.44020792841911316 0 0
555 2 0.4412495791912079 0 0
556 2 0.442291259765625 0 0
557 2 0.4433329403400421 0 0
558 2 0.44437459111213684 0 0
559 2 0.44541627168655396 0 0
560 2 0.4464579224586487 0 0
561 2 0.4474996030330658 0 0
562 2 0.4485412538051605 0 0
563 2 0.44958293437957764 0 0
564 2 0.45062458515167236 0 0
565 2 0.4516662657260895 0 0
566 2 0.4527079164981842 0 0
567 18 0.4537495970726013 0 0
568 18 0.45479124784469604 0 0
569 18 0.45583292841911316 0 0
570 18 0.4564579129219055 0 0
571 18 0.4564579129219055 0 0
572 18 0.4564579129219055 0 0
573 18 0.4564579129219055 0 0
574 18 0.4564579129219055 0 0
575 18 0.4564579129219055 0 0
576 18 0.4564579129219055 0 0
577 18 0.4564579129219055 0 0
578 18 0.4564579129219055 0 0
579 2 0.4564579129219055 0 0
580 2 0.4564579129219055 0 0
581 2 0.45749959349632263 0 0
582 2 0.45854127407073975 0 0
583 2 0.4595829248428345 0 0
584 2 0.4606246054172516 0 0
585 2 0.4616662561893463 0 0
586 2 0.4627079367637634 0 0
587 2 0.46374958753585815 0 0
588 2 0.46479126811027527 0 0
589 2 0.46583291888237 0 0
590 2 0.4668745994567871 0 0
591 2 0.46791625022888184 0 0
592 2 0.46895793080329895 0 0
593 2 0.4699995815753937 0 0
594 2 0.4710412621498108 0 0
595 2 0.4720829129219055 0 0
596 2 0.47312459349632263 0 0
597 2 0.47416627407073975 0 0
598 2 0.4752079248428345 0 0
599 2 0.4762496054172516 0 0
600 2 0.4772912561893463 0 0
601 2 0.4783329367637634 0 0
602 2 0.47937458753585815 0 0
603 2 0.48041626811027527 0 0
604 2 0.48145791888237 0 0
605 2 0.4824995994567871 0 0
606 2 0.48354125022888184 0 0
607 2 0.48458293080329895 0 0
608 2 0.4856245815753937 0 0
609 2 0.4866662621498108 0 0
610 2 0.4877079129219055 0 0
611 2 0.48874959349632263 0 0
612 2 0.48979127407073975 0 0
613 2 0.4908329248428345 0 0
614 2 0.4918746054172516 0 0
615 2 0.4929162561893463 0 0
616 2 0.4939579367637634 0 0
617 2 0.49499958753585815 0 0
618 2 0.49604126811027527 0 0
619 2 0.49708291888237 0 0
620 2 0.4981245994567871 0 0
621 2 0.49916625022888184 0 0
622 2 0.5002079010009766 0 0
623 2 0.5012496113777161 0 0
624 2 0.5022912621498108 0 0
625 2 0.5033329129219055 0 0
626 2 0.5043745636940002 0 0
627 2 0.5054162740707397 0 0
628 2 0.5064579248428345 0 0
629 2 0.5074995756149292 0 0
630 2 0.5085412859916687 0 0
631 2 0.5095829367637634 0 0
632 2 0.5106245875358582 0 0
633 18 0.5116662383079529 0 0
634 18 0.5127079486846924 0 0
635 18 0.5137495994567871 0 0
636 18 0.5147912502288818 0 0
637 18 0.5158329010009766 0 0
638 18 0.5164579153060913 0 0
639 18 0.5164579153060913 0 0
640 18 0.5164579153060913 0 0
641 18 0.5165694952011108 0 0
642 18 0.5166870951652527 0 0
643 2 0.5166870951652527 0 0
644 2 0.5166870951652527 0 0
645 2 0.5166870951652527 0 0
646 2 0.5166870951652527 0 0
647 2 0.5166870951652527 0 0
648 2 0.5166870951652527 0 0
649 2 0.5166870951652527 0 0
650 2 0.5166870951652527 0 0
651 2 0.5166870951652527 0 0
652 2 0.5166870951652527 0 0
653 18 0.5166870951652527 0 0
654 18 0.5166870951652527 0 0
655 18 0.5166870951652527 0 0
656 18 0.5166870951652527 0 0
657 2 0.5166870951652527 0 0
658 2 0.5170889496803284 0 0
659 2 0.5175060033798218 0 0
660 2 0.5179383158683777 0 0
661 2 0.5183859467506409 0 0
662 2 0.5188487768173218 0 0
663 2 0.5193268656730652 0 0
664 2 0.5198202729225159 0 0
665 2 0.5203288793563843 0 0
666 2 0.5208527445793152 0 0
667 2 0.5213919281959534 0 0
668 2 0.5219463109970093 0 0
669 2 0.5225159525871277 0 0
670 2 0.5231009125709534 0 0
671 2 0.5237010717391968 0 0
672 2 0.5243164896965027 0 0
673 2 0.5249472260475159 0 0
674 2 0.5255931615829468 0 0
675 2 0.5262543559074402 0 0
676 2 0.5269308686256409 0 0
677 2 0.5276225805282593 0 0
678 2 0.5283295512199402 0 0
679 2 0.5290518403053284 0 0
680 2 0.5297893285751343 0 0
681 2 0.5305420756340027 0 0
682 2 0.5315443277359009 0 0
683 2 0.5323377847671509 0 0
684 2 0.5331516265869141 0 0
685 2 0.5339857339859009 0 0
686 2 0.5348402261734009 0 0
687 2 0.5357151031494141 0 0
688 2 0.5366102457046509 0 0
689 2 0.5375257730484009 0 0
690 2 0.5384616851806641 0 0
691 2 0.5394178628921509 0 0
692 2 0.5403944253921509 0 0
693 2 0.5413913726806641 0 0
694 2 0.5424085855484009 0 0
695 2 0.5434461832046509 0 0
696 2 0.5445041656494141 0 0
697 2 0.5455458164215088 0 0
698 2 0.5465874671936035 0 0
699 2 0.5476291179656982 0 0
700 2 0.5486708283424377 0 0
701 2 0.5497124791145325 0 0
702 2 0.5507541298866272 0 0
703 2 0.5517957806587219 0 0
704 2 0.5528374910354614 0 0
705 2 0.5538791418075562 0 0
706 2 0.5549207925796509 0 0
707 2 0.5559625029563904 0 0
708 2 0.5570041537284851 0 0
709 2 0.5580458045005798 0 0
710 2 0.5590874552726746 0 0
711 2 0.5601291656494141 0 0
712 2 0.5611708164215088 0 0
713 2 0.5622124671936035 0 0
714 2 0.5632541179656982 0 0
715 2 0.5642958283424377 0 0
716 2 0.5653374791145325 0 0
717 2 0.5663791298866272 0 0
718 2 0.5674207806587219 0 0
719 2 0.5684624910354614 0 0
720 2 0.5695041418075562 0 0
721 2 0.5705457925796509 0 0
722 2 0.5715875029563904 0 0
723 2 0.5726291537284851 0 0
724 2 0.5736708045005798 0 0
725 2 0.5747124552726746 0 0
726 2 0.5757541656494141 0 0
727 2 0.5767958164215088 0 0
728 2 0.5778374671936035 0 0
729 2 0.5788791179656982 0 0
730 2 0.5799208283424377 0 0
731 2 0.5809624791145325 0 0
732 2 0.5820041298866272 0 0
733 2 0.5830457806587219 0 0
734 2 0.5840874910354614 0 0
735 0 0.5851291418075562 0 0
736 0 0.5861479043960571 0 0
737 0 0.5871438384056091 0 0
738 0 0.5881168246269226 0 0
739 0 0.5890669226646423 0 0
740 0 0.5899941325187683 0 0
741 0 0.5908985137939453 0 0
742 0 0.5917799472808838 0 0
743 1 0.5926384925842285 0 0
744 1 0.5934665203094482 0 0
745 1 0.5942640900611877 0 0
746 1 0.5950310826301575 0 0
747 1 0.5957675576210022 0 0
748 1 0.5962443947792053 0 0
749 1 0.5969198346138 0 0
750 1 0.5975648164749146 0 0
751 1 0.5981792211532593 0 0
752 1 0.598763108253479 0 0
753 1 0.5993165373802185 0 0
754 1 0.5998393893241882 0 0
755 1 0.600331723690033 0 0
756 1 0.6007935404777527 0 0
757 1 0.6012248992919922 0 0
758 1 0.6016256809234619 0 0
759 1 0.6019959449768066 0 0
760 1 0.6023356914520264 0 0
761 1 0.6026449799537659 0 0
762 1 0.6023041605949402 0 0
763 1 0.6019481420516968 0 0
764 1 0.6015768647193909 0 0
765 1 0.6011902689933777 0 0
766 1 0.6007884740829468 0 0
767 1 0.6003714203834534 0 0
768 1 0.5999390482902527 0 0
769 1 0.5994914770126343 0 0
770 1 0.5990286469459534 0 0
771 1 0.5985504984855652 0 0
772 1 0.5980571508407593 0 0
773 1 0.5975485444068909 0 0
774 1 0.5970246195793152 0 0
775 1 0.5964854955673218 0 0
776 1 0.5959311127662659 0 0
777 1 0.5953614115715027 0 0
778 1 0.5947765111923218 0 0
779 1 0.5941763520240784 0 0
780 1 0.5935608744621277 0 0
781 1 0.5929301977157593 0 0
782 1 0.5922842621803284 0 0
783 1 0.5916230082511902 0 0
784 1 0.5909465551376343 0 0
785 1 0.5902548432350159 0 0
786 1 0.5895478129386902 0 0
787 1 0.5888255834579468 0 0
788 1 0.5880880951881409 0 0
789 1 0.5873352885246277 0 0
790 1 0.5867913365364075 0 0
791 1 0.5859978795051575 0 0
792 1 0.5851840972900391 0 0
793 1 0.5843499302864075 0 0
794 1 0.5834954380989075 0 0
795 1 0.5826206207275391 0 0
796 1 0.5817254185676575 0 0
797 1 0.5808098912239075 0 0
798 1 0.5798740386962891 0 0
799 1 0.5789178013801575 0 0
800 1 0.5779412388801575 0 0
801 1 0.5769443511962891 0 0
802 1 0.5759270787239075 0 0
803 1 0.5748894810676575 0 0
804 1 0.5738315582275391 0 0
805 17 0.5727898478507996 0 0
806 17 0.5717481970787048 0 0
807 17 0.5707065463066101 0 0
808 17 0.570208728313446 0 0
809 17 0.5691670775413513 0 0
810 17 0.5681254267692566 0 0
811 17 0.5670837163925171 0 0
812 17 0.5660420656204224 0 0
813 17 0.5650004148483276 0 0
814 17 0.5639587640762329 0 0
815 17 0.5629170536994934 0 0
816 17 0.5618754029273987 0 0
817 17 0.560833752155304 0 0
818 17 0.5597921013832092 0 0
819 17 0.5587503910064697 0 0
820 17 0.557708740234375 0 0
821 1 0.5566670894622803 0 0
822 1 0.5556253790855408 0 0
823 1 0.554583728313446 0 0
824 1 0.5535420775413513 0 0
825 1 0.5525004267692566 0 0
826 1 0.5514587163925171 0 0
827 1 0.5504170656204224 0 0
828 1 0.5493754148483276 0 0
829 1 0.5483337640762329 0 0
830 1 0.5472920536994934 0 0
831 1 0.5462504029273987 0 0
832 1 0.545208752155304 0 0
833 1 0.5441671013832092 0 0
834 1 0.5431253910064697 0 0
835 1 0.542083740234375 0 0
836 1 0.5410420894622803 0 0
837 1 0.5400003790855408 0 0
838 1 0.538958728313446 0 0
839 1 0.5379170775413513 0 0
840 1 0.5368754267692566 0 0
841 1 0.5358337163925171 0 0
842 1 0.5347920656204224 0 0
843 1 0.5337504148483276 0 0
844 1 0.5327087640762329 0 0
845 1 0.5316670536994934 0 0
846 1 0.5306254029273987 0 0
847 1 0.529583752155304 0 0
848 1 0.5285421013832092 0 0
849 1 0.5275003910064697 0 0
850 1 0.526458740234375 0 0
851 1 0.5254170894622803 0 0
852 1 0.5243753790855408 0 0
853 1 0.523333728313446 0 0
854 1 0.5222920775413513 0 0
855 1 0.5212504267692566 0 0
856 1 0.5202087163925171 0 0
857 1 0.5191670656204224 0 0
858 1 0.5181254148483276 0 0
859 1 0.5170837640762329 0 0
860 1 0.5160420536994934 0 0
861 1 0.5150004029273987 0 0
862 1 0.513958752155304 0 0
863 1 0.5129171013832092 0 0
864 1 0.5118753910064697 0 0
865 1 0.510833740234375 0 0
866 1 0.5097920894622803 0 0
867 1 0.5087503790855408 0 0
868 1 0.507708728313446 0 0
869 1 0.5066670775413513 0 0
870 1 0.5056254267692566 0 0
871 1 0.5045837163925171 0 0
872 1 0.5035420656204224 0 0
873 1 0.5025004148483276 0 0
874 1 0.5014587640762329 0 0
875 1 0.5004170536994934 0 0
876 1 0.4993754029273987 0 0
877 1 0.49833375215530396 0 0
878 1 0.49729207158088684 0 0
879 1 0.4962504208087921 0 0
880 1 0.495208740234375 0 0
881 1 0.4941670596599579 0 0
882 1 0.49312540888786316 0 0
883 1 0.49208372831344604 0 0
884 1 0.4910420775413513 0 0
885 1 0.4900003969669342 0 0
886 1 0.4889587461948395 0 0
887 1 0.48791706562042236 0 0
888 1 0.48687541484832764 0 0
889 1 0.4858337342739105 0 0
890 1 0.4847920835018158 0 0
891 1 0.4837504029273987 0 0
892 1 0.48270875215530396 0 0
893 1 0.48166707158088684 0 0
894 1 0.4806254208087921 0 0
895 1 0.479583740234375 0 0
896 1 0.4785420596599579 0 0
897 1 0.47750040888786316 0 0
898 1 0.47645872831344604 0 0
899 1 0.4754170775413513 0 0
900 1 0.4743753969669342 0 0
901 1 0.4733337461948395 0 0
902 1 0.47229206562042236 0 0
903 1 0.47125041484832764 0 0
904 0 0.4697912633419037 0 0
905 0 0.4687724709510803 0 0
906 0 0.4677765965461731 0 0
907 0 0.46680358052253723 0 0
908 0 0.4658534824848175 0 0
909 0 0.46492624282836914 0 0
910 0 0.4640219211578369 0 0
911 0 0.46314045786857605 0 0
912 0 0.4622819125652313 0 0
913 0 0.46144622564315796 0 0
914 0 0.46063345670700073 0 0
915 0 0.45984354615211487 0 0
916 0 0.45907652378082275 0 0
917 0 0.4583324193954468 0 0
918 0 0.4573819935321808 0 0
919 0 0.4566836655139923 0 0
920 0 0.45664623379707336 0 0
921 0 0.45664623379707336 0 0
922 0 0.45601654052734375 0 0
923 0 0.4554097354412079 0 0
924 0 0.45482584834098816 0 0
925 0 0.4542648196220398 0 0
926 0 0.45372670888900757 0 0
927 1 0.4532114565372467 0 0
928 1 0.4526809751987457 0 0
929 1 0.450020432472229 0 0
930 1 0.4496837258338928 0 0
931 1 0.449337363243103 0 0
932 1 0.44896605610847473 0 0
933 1 0.4485795199871063 0 0
934 1 0.448177695274353 0 0
935 1 0.44776061177253723 0 0
936 1 0.4473282992839813 0 0
937 1 0.4468806982040405 0 0
938 1 0.44641783833503723 0 0
939 1 0.4459397494792938 0 0
940 1 0.4454463720321655 0 0
941 1 0.44493773579597473 0 0
942 1 0.4444138705730438 0 0
943 1 0.443874716758728 0 0
944 1 0.44332030415534973 0 0
945 1 0.4427506625652313 0 0
946 1 0.442165732383728 0 0
947 1 0.44156554341316223 0 0
948 1 0.4409501254558563 0 0
949 1 0.4403194189071655 0 0
950 1 0.43967345356941223 0 0
951 1 0.4390122592449188 0 0
952 1 0.4383357763290405 0 0
953 1 0.43764403462409973 0 0
954 1 0.4369370639324188 0 0
955 1 0.436214804649353 0 0
956 1 0.43547728657722473 0 0
957 1 0.4347245395183563 0 0
958 1 0.4341806173324585 0 0
959 1 0.4333871603012085 0 0
960 1 0.4325733482837677 0 0
961 1 0.4317392110824585 0 0
962 1 0.4308847188949585 0 0
963 1 0.4300098717212677 0 0
964 17 0.4291146993637085 0 0
965 17 0.4281991720199585 0 0
966 17 0.4272632896900177 0 0
967 17 0.4263070821762085 0 0
968 17 0.4253305196762085 0 0
969 17 0.4243336021900177 0 0
970 17 0.4233163595199585 0 0
971 17 0.4222787618637085 0 0
972 17 0.4212208092212677 0 0
973 17 0.4201791286468506 0 0
974 17 0.41913747787475586 0 0
975 17 0.41809579730033875 0 0
976 17 0.417054146528244 0 0
977 1 0.4160124659538269 0 0
978 1 0.4149708151817322 0 0
979 1 0.41392913460731506 0 0
980 1 0.41288748383522034 0 0
981 1 0.4118458032608032 0 0
982 1 0.4108041524887085 0 0
983 1 0.4097624719142914 0 0
984 1 0.40872079133987427 0 0
985 1 0.40767914056777954 0 0
986 1 0.4066374599933624 0 0
987 1 0.4055958092212677 0 0
988 1 0.4045541286468506 0 0
989 1 0.40351247787475586 0 0
990 1 0.40247079730033875 0 0
991 1 0.401429146528244 0 0
992 1 0.4003874659538269 0 0
993 1 0.3993458151817322 0 0
994 1 0.39830413460731506 0 0
995 1 0.39726248383522034 0 0
996 1 0.3962208032608032 0 0
997 0 0.3951791524887085 0 0
998 0 0.39416036009788513 0 0
999 0 0.3931644558906555 0 0
1000 0 0.39219146966934204 0 0
1001 0 0.3912413418292999 0 0
1002 0 0.39031413197517395 0 0
1003 0 0.38940978050231934 0 0
1004 0 0.38852834701538086 0 0
1005 0 0.38766977190971375 0 0
1006 0 0.38683411478996277 0 0
1007 0 0.38602131605148315 0 0
1008 0 0.3852314352989197 0 0
1009 0 0.38446441292762756 0 0
1010 0 0.3837203085422516 0 0
1011 2 0.382769912481308 0 0
1012 2 0.38207918405532837 0 0
1013 2 0.38141900300979614 0 0
1014 2 0.38078930974006653 0 0
1015 2 0.3801901638507843 0 0
1016 2 0.3796215057373047 0 0
1017 2 0.3790833652019501 0 0
1018 2 0.37857577204704285 0 0
1019 2 0.37809866666793823 0 0
1020 2 0.377652108669281 0 0
1021 2 0.3772360384464264 0 0
1022 2 0.37685051560401917 0 0
1023 2 0.37649548053741455 0 0
1024 2 0.3761709928512573 0 0
1025 2 0.37651175260543823 0 0
1026 2 0.37686780095100403 0 0
1027 2 0.3772391080856323 0 0
1028 2 0.37762564420700073 0 0
1029 2 0.37802746891975403 0 0
1030 2 0.3784445524215698 0 0
1031 2 0.37887686491012573 0 0
1032 2 0.37932446599006653 0 0
1033 2 0.3797873258590698 0 0
1034 2 0.38026541471481323 0 0
1035 2 0.38075879216194153 0 0
1036 2 0.3812674283981323 0 0
1037 2 0.38179129362106323 0 0
1038 2 0.38233044743537903 0 0
1039 2 0.3828848600387573 0 0
1040 2 0.38345450162887573 0 0
1041 2 0.38403943181037903 0 0
1042 2 0.3846396207809448 0 0
1043 2 0.38525503873825073 0 0
1044 2 0.38588574528694153 0 0
1045 0 0.3865317106246948 0 0
1046 0 0.387154757976532 0 0
1047 0 0.3877549469470978 0 0
1048 0 0.3883322477340698 0 0
1049 0 0.38888663053512573 0 0
1050 0 0.3894181549549103 0 0
1051 0 0.3899267911911011 0 0
1052 0 0.39041250944137573 0 0
1053 0 0.39087536931037903 0 0
1054 0 0.3913153409957886 0 0
1055 2 0.391732394695282 0 0
1056 2 0.3921647369861603 0 0
1057 2 0.3926123380661011 0 0
1058 2 0.393075168132782 0 0
1059 2 0.3935532867908478 0 0
1060 2 0.3940466642379761 0 0
1061 2 0.3945552706718445 0 0
1062 2 0.3950791656970978 0 0
1063 2 0.3956183195114136 0 0
1064 2 0.3961727023124695 0 0
1065 0 0.3967423737049103 0 0
1066 0 0.3972891569137573 0 0
1067 0 0.39781302213668823 0 0
1068 0 0.3983140289783478 0 0
1069 0 0.3987921476364136 0 0
1070 0 0.39924734830856323 0 0
1071 0 0.39967969059944153 0 0
1072 0 0.4000891447067261 0 0
1073 17 0.4004756808280945 0 0
1074 17 0.4008317291736603 0 0
1075 17 0.4011572599411011 0 0
1076 17 0.4014522433280945 0 0
1077 17 0.4011114835739136 0 0
1078 17 0.4007554352283478 0 0
1079 17 0.4003841280937195 0 0
1080 17 0.3999975919723511 0 0
1081 17 0.3995957672595978 0 0
1082 17 0.399178683757782 0 0
1083 17 0.3987463712692261 0 0
1084 17 0.3982987701892853 0 0
1085 17 0.397835910320282 0 0
1086 17 0.3973578214645386 0 0
1087 17 0.3968644440174103 0 0
1088 17 0.3963558077812195 0 0
1089 17 0.3958319425582886 0 0
1090 17 0.3952927887439728 0 0
1091 17 0.3947383761405945 0 0
1092 17 0.3941687345504761 0 0
1093 17 0.3935838043689728 0 0
1094 17 0.392983615398407 0 0
1095 1 0.3923681974411011 0 0
1096 1 0.3917374908924103 0 0
1097 1 0.391091525554657 0 0
1098 1 0.3904303312301636 0 0
1099 1 0.3897538483142853 0 0
1100 1 0.3890621066093445 0 0
1101 1 0.3883551359176636 0 0
1102 1 0.3876328766345978 0 0
1103 1 0.3868953585624695 0 0
1104 1 0.3861426115036011 0 0
1105 1 0.38559865951538086 0 0
1106 1 0.38480520248413086 0 0
1107 1 0.38399139046669006 0 0
1108 1 0.38315725326538086 0 0
1109 1 0.38230276107788086 0 0
1110 1 0.38142791390419006 0 0
1111 1 0.38053274154663086 0 0
1112 1 0.37961721420288086 0 0
1113 1 0.37868133187294006 0 0
1114 1 0.37772512435913086 0 0
1115 1 0.3768754005432129 0 0
1116 1 0.3766462504863739 0 0
1117 1 0.3766462504863739 0 0
1118 1 0.3766462504863739 0 0
1119 1 0.3766462504863739 0 0
1120 1 0.3762444257736206 0 0
1121 1 0.3758273422718048 0 0
1122 1 0.3753950297832489 0 0
1123 1 0.3749474287033081 0 0
1124 1 0.3744845688343048 0 0
1125 1 0.3740064799785614 0 0
1126 1 0.3735131025314331 0 0
1127 1 0.3730044662952423 0 0
1128 1 0.3724806010723114 0 0
1129 1 0.3719414472579956 0 0
1130 1 0.3713870346546173 0 0
1131 1 0.3708173930644989 0 0
1132 1 0.3702324628829956 0 0
1133 1 0.3696322739124298 0 0
1134 1 0.3690168559551239 0 0
1135 1 0.3683861494064331 0 0
1136 1 0.3677401840686798 0 0
1137 1 0.3670789897441864 0 0
1138 1 0.3664025068283081 0 0
1139 1 0.3657107651233673 0 0
1140 1 0.3650037944316864 0 0
1141 1 0.3642815351486206 0 0
1142 1 0.3635440170764923 0 0
1143 1 0.3627912700176239 0 0
1144 1 0.3622473180294037 0 0
1145 1 0.3614538609981537 0 0
1146 1 0.3606400489807129 0 0
1147 1 0.3598059117794037 0 0
1148 1 0.3589514195919037 0 0
1149 1 0.3580765724182129 0 0
1150 1 0.3571814000606537 0 0
1151 1 0.3562658727169037 0 0
1152 1 0.3553299903869629 0 0
1153 1 0.3543737828731537 0 0
1154 1 0.3533972203731537 0 0
1155 1 0.3524003028869629 0 0
1156 1 0.3513830602169037 0 0
1157 1 0.3503454625606537 0 0
1158 1 0.3492875099182129 0 0
1159 1 0.34824585914611816 0 0
1160 1 0.34720417857170105 0 0
1161 17 0.3461625277996063 0 0
1162 17 0.3451208472251892 0 0
1163 17 0.3440791964530945 0 0
1164 17 0.34303751587867737 0 0
1165 17 0.34199583530426025 0 0
1166 17 0.3409541845321655 0 0
1167 17 0.3399125039577484 0 0
1168 17 0.3388708531856537 0 0
1169 17 0.3378291726112366 0 0
1170 17 0.3364579379558563 0 0
1171 1 0.3354162573814392 0 0
1172 1 0.3343746066093445 0 0
1173 1 0.33333292603492737 0 0
1174 1 0.33229124546051025 0 0
1175 1 0.3312495946884155 0 0
1176 1 0.3302079141139984 0 0
1177 1 0.3291662633419037 0 0
1178 1 0.3281245827674866 0 0
1179 0 0.32708293199539185 0 0
1180 0 0.3260641396045685 0 0
1181 2 0.32506826519966125 0 0
1182 2 0.32410287857055664 0 0
1183 2 0.3231680393218994 0 0
1184 2 0.3222636878490448 0 0
1185 2 0.3213898837566376 0 0
1186 2 0.32054656744003296 0 0
1187 2 0.31973379850387573 0 0
1188 2 0.3189515173435211 0 0
1189 2 0.3181997537612915 0 0
1190 2 0.3174785375595093 0 0
1191 2 0.3165586590766907 0 0
1192 2 0.31589844822883606 0 0
1193 0 0.31526878476142883 0 0
1194 0 0.31466197967529297 0 0
1195 2 0.31407809257507324 0 0
1196 2 0.31352469325065613 0 0
1197 2 0.3130018413066864 0 0
1198 2 0.3125094771385193 0 0
1199 2 0.31204766035079956 0 0
1200 2 0.31161633133888245 0 0
1201 2 0.3112155497074127 0 0
1202 2 0.3108452558517456 0 0
1203 2 0.3105055093765259 0 0
1204 2 0.31019625067710876 0 0
1205 2 0.31053704023361206 0 0
1206 2 0.31089305877685547 0 0
1207 2 0.31126436591148376 0 0
1208 2 0.31165093183517456 0 0
1209 2 0.31205272674560547 0 0
1210 2 0.31246981024742126 0 0
1211 2 0.31290215253829956 0 0
1212 2 0.31334972381591797 0 0
1213 2 0.31381258368492126 0 0
1214 2 0.31429070234298706 0 0
1215 2 0.31478404998779297 0 0
1216 2 0.31529268622398376 0 0
1217 2 0.31581658124923706 0 0
1218 2 0.31635570526123047 0 0
1219 2 0.31668707728385925 0 0
1220 2 0.31668707728385925 0 0
1221 2 0.31668707728385925 0 0
1222 2 0.31668707728385925 0 0
1223 0 0.31668707728385925 0 0
1224 0 0.31668707728385925 0 0
1225 0 0.31668707728385925 0 0
1226 0 0.31668707728385925 0 0
1227 0 0.31668707728385925 0 0
1228 0 0.31668707728385925 0 0
1229 0 0.31668707728385925 0 0
1230 0 0.31668707728385925 0 0
1231 0 0.31668707728385925 0 0
1232 0 0.31668707728385925 0 0
1233 0 0.31668707728385925 0 0
1234 0 0.31668707728385925 0 0
1235 0 0.31668707728385925 0 0
1236 0 0.31668707728385925 0 0
1237 0 0.31668707728385925 0 0
1238 0 0.31668707728385925 0 0
1239 1 0.31668707728385925 0 0
1240 1 0.31634631752967834 0 0
1241 1 0.31599026918411255 0 0
1242 1 0.31561896204948425 0 0
1243 1 0.31523242592811584 0 0
1244 1 0.31483060121536255 0 0
1245 1 0.31441351771354675 0 0
1246 1 0.31398120522499084 0 0
1247 1 0.31353360414505005 0 0
1248 1 0.31307074427604675 0 0
1249 1 0.31259265542030334 0 0
1250 1 0.31209927797317505 0 0
1251 1 0.31159064173698425 0 0
1252 1 0.31106677651405334 0 0
1253 1 0.31052762269973755 0 0
1254 1 0.30997321009635925 0 0
1255 1 0.30940356850624084 0 0
1256 1 0.30881863832473755 0 0
1257 1 0.30821844935417175 0 0
1258 1 0.30760303139686584 0 0
1259 1 0.30697232484817505 0 0
1260 1 0.30632635951042175 0 0
1261 1 0.30566516518592834 0 0
1262 1 0.30498868227005005 0 0
1263 1 0.30429694056510925 0 0
1264 1 0.30358996987342834 0 0
1265 17 0.30286771059036255 0 0
1266 17 0.30213019251823425 0 0
1267 17 0.30137744545936584 0 0
1268 17 0.30083349347114563 0 0
1269 17 0.30004003643989563 0 0
1270 17 0.29922622442245483 0 0
1271 17 0.29839208722114563 0 0
1272 17 0.29753759503364563 0 0
1273 17 0.29666274785995483 0 0
1274 17 0.29576757550239563 0 0
1275 17 0.29485204815864563 0 0
1276 17 0.29391616582870483 0 0
1277 17 0.29295995831489563 0 0
1278 17 0.29198339581489563 0 0
1279 17 0.29098647832870483 0 0
1280 17 0.28996923565864563 0 0
1281 17 0.28893163800239563 0 0
1282 17 0.28787368535995483 0 0
1283 17 0.2868320345878601 0 0
1284 17 0.285790354013443 0 0
1285 17 0.2847486734390259 0 0
1286 17 0.28370702266693115 0 0
1287 16 0.28266534209251404 0 0
1288 16 0.28164657950401306 0 0
1289 0 0.28065067529678345 0 0
1290 0 0.27967768907546997 0 0
1291 0 0.27872756123542786 0 0
1292 0 0.2778003513813019 0 0
1293 0 0.27689599990844727 0 0
1294 0 0.2760145664215088 0 0
1295 2 0.2751559913158417 0 0
1296 2 0.27432796359062195 0 0
1297 2 0.27353042364120483 0 0
1298 2 0.2727634310722351 0 0
1299 2 0.272026926279068 0 0
1300 0 0.2710917890071869 0 0
1301 0 0.2704087197780609 0 0
1302 0 0.2697485089302063 0 0
1303 0 0.26911118626594543 0 0
1304 0 0.2684967815876007 0 0
1305 1 0.26790523529052734 0 0
1306 1 0.26729846000671387 0 0
1307 1 0.2666763961315155 0 0
1308 1 0.266039103269577 0 0
1309 1 0.26538652181625366 0 0
1310 1 0.2647187113761902 0 0
1311 0 0.2640356123447418 0 0
1312 0 0.2633754312992096 0 0
1313 0 0.26273810863494873 0 0
1314 0 0.262123703956604 0 0
1315 0 0.26153215765953064 0 0
1316 0 0.2609635293483734 0 0
1317 1 0.26041775941848755 0 0
1318 1 0.2598567306995392 0 0
1319 0 0.2592804729938507 0 0
1320 0 0.2587270736694336 0 0
1321 0 0.2581965923309326 0 0
1322 0 0.257688969373703 0 0
1323 0 0.2572042644023895 0 0
1324 0 0.2567424178123474 0 0
1325 0 0.25630348920822144 0 0
1326 0 0.2558874189853668 0 0
1327 0 0.25549426674842834 0 0
1328 0 0.25512397289276123 0 0
1329 0 0.25477659702301025 0 0
1330 0 0.25445207953453064 0 0
1331 0 0.25445207953453064 0 0
1332 0 0.25445207953453064 0 0
1333 0 0.25445207953453064 0 0
1334 0 0.25445207953453064 0 0
1335 0 0.25445207953453064 0 0
1336 0 0.25445207953453064 0 0
1337 0 0.25445207953453064 0 0
1338 0 0.25445207953453064 0 0
1339 0 0.25445207953453064 0 0
1340 0 0.25445207953453064 0 0
1341 0 0.25445207953453064 0 0
1342 0 0.25445207953453064 0 0
1343 0 0.25445207953453064 0 0
1344 0 0.25445207953453064 0 0
1345 0 0.25445207953453064 0 0
1346 0 0.25445207953453064 0 0
1347 2 0.25445207953453064 0 0
1348 2 0.25479286909103394 0 0
1349 0 0.25514888763427734 0 0
1350 0 0.2554820477962494 0 0
1351 0 0.2557923197746277 0 0
1352 0 0.2557923197746277 0 0
1353 2 0.2557923197746277 0 0
1354 2 0.2561330795288086 0 0
1355 2 0.2564891278743744 0 0
1356 0 0.2568604350090027 0 0
1357 0 0.25720882415771484 0 0
1358 0 0.25753435492515564 0 0
1359 0 0.2578369975090027 0 0
1360 0 0.2578369975090027 0 0
1361 0 0.2578369975090027 0 0
1362 0 0.2578369975090027 0 0
1363 0 0.2578369975090027 0 0
1364 0 0.2578369975090027 0 0
1365 0 0.2578369975090027 0 0
1366 0 0.2578369975090027 0 0
1367 0 0.2578369975090027 0 0
1368 0 0.2578369975090027 0 0
1369 0 0.2578369975090027 0 0
1370 0 0.2578369975090027 0 0
1371 0 0.2578369975090027 0 0
1372 0 0.2578369975090027 0 0
1373 0 0.2578369975090027 0 0
1374 0 0.2578369975090027 0 0
1375 0 0.2578369975090027 0 0
1376 0 0.2578369975090027 0 0
1377 1 0.2578369975090027 0 0
1378 1 0.2574962079524994 0 0
1379 1 0.2571401596069336 0 0
1380 1 0.2567688822746277 0 0
1381 1 0.2563823163509369 0 0
1382 1 0.2559804916381836 0 0
1383 1 0.2555634379386902 0 0
1384 1 0.2551310956478119 0 0
1385 1 0.2546834945678711 0 0
1386 1 0.2542206645011902 0 0
1387 1 0.2537425458431244 0 0
1388 0 0.2532491683959961 0 0
1389 0 0.25277870893478394 0 0
1390 0 0.25233110785484314 0 0
1391 0 0.2519063949584961 0 0
1392 0 0.2515046000480652 0 0
1393 2 0.25112566351890564 0 0
1394 2 0.2507772445678711 0 0
1395 2 0.25045937299728394 0 0
1396 2 0.25080013275146484 0 0
1397 2 0.25115618109703064 0 0
1398 2 0.25152748823165894 0 0
1399 2 0.25191402435302734 0 0
1400 2 0.25231584906578064 0 0
1401 0 0.25273293256759644 0 0
1402 0 0.2531270980834961 0 0
1403 0 0.2534984052181244 0 0
1404 0 0.25384682416915894 0 0
1405 0 0.25417232513427734 0 0
1406 0 0.2544749677181244 0 0
1407 2 0.2544749677181244 0 0
1408 2 0.2548157572746277 0 0
1409 0 0.2551717758178711 0 0
1410 0 0.25550493597984314 0 0
1411 0 0.25581520795822144 0 0
1412 0 0.25581520795822144 0 0
1413 0 0.25581520795822144 0 0
1414 0 0.25581520795822144 0 0
1415 1 0.25581520795822144 0 0
1416 1 0.25547441840171814 0 0
1417 1 0.25511837005615234 0 0
1418 1 0.25474709272384644 0 0
1419 1 0.25436052680015564 0 0
1420 1 0.25395870208740234 0 0
1421 1 0.25354164838790894 0 0
1422 0 0.25310930609703064 0 0
1423 0 0.2526998519897461 0 0
1424 0 0.2523133158683777 0 0
1425 2 0.25194963812828064 0 0
1426 2 0.2516164779663086 0 0
1427 2 0.25131386518478394 0 0
1428 2 0.25165462493896484 0 0
1429 0 0.25201067328453064 0 0
1430 0 0.2523438334465027 0 0
1431 2 0.2526540756225586 0 0
1432 2 0.2529948651790619 0 0
1433 2 0.2533509135246277 0 0
1434 0 0.2537221908569336 0 0
1435 0 0.25407060980796814 0 0
1436 0 0.25439614057540894 0 0
1437 0 0.2546987533569336 0 0
1438 0 0.2546987533569336 0 0
1439 0 0.2546987533569336 0 0
1440 0 0.2546987533569336 0 0
1441 2 0.2546987533569336 0 0
1442 2 0.2550395429134369 0 0
1443 0 0.2553955912590027 0 0
1444 0 0.25572872161865234 0 0
1445 0 0.25603899359703064 0 0
1446 0 0.25603899359703064 0 0
1447 0 0.25603899359703064 0 0
1448 0 0.25603899359703064 0 0
1449 0 0.25603899359703064 0 0
1450 0 0.25603899359703064 0 0
1451 0 0.25603899359703064 0 0
1452 0 0.25603899359703064 0 0
1453 0 0.25603899359703064 0 0
1454 0 0.25603899359703064 0 0
1455 0 0.25603899359703064 0 0
1456 0 0.25603899359703064 0 0
1457 0 0.25603899359703064 0 0
1458 0 0.25603899359703064 0 0
1459 0 0.25603899359703064 0 0
1460 0 0.25603899359703064 0 0
1461 0 0.25603899359703064 0 0
1462 0 0.25603899359703064 0 0
1463 0 0.25603899359703064 0 0
1464 0 0.25603899359703064 0 0
1465 0 0.25603899359703064 0 0
1466 0 0.25603899359703064 0 0
1467 0 0.25603899359703064 0 0
1468 0 0.25603899359703064 0 0
1469 0 0.25603899359703064 0 0
1470 0 0.25603899359703064 0 0
1471 0 0.25603899359703064 0 0
1472 0 0.25603899359703064 0 0
1473 1 0.25603899359703064 0 0
1474 1 0.25569820404052734 0 0
1475 1 0.25534218549728394 0 0
1476 1 0.25497087836265564 0 0
1477 1 0.25458431243896484 0 0
1478 1 0.25418251752853394 0 0
1479 1 0.25376543402671814 0 0
1480 1 0.25333309173583984 0 0
1481 1 0.25288552045822144 0 0
1482 1 0.25242266058921814 0 0
1483 1 0.25194454193115234 0 0
1484 1 0.25145119428634644 0 0
1485 17 0.25094255805015564 0 0
1486 17 0.25041866302490234 0 0
1487 17 0.24987953901290894 0 0
1488 17 0.24932512640953064 0 0
1489 17 0.24875546991825104 0 0
1490 17 0.24817055463790894 0 0
1491 17 0.24757036566734314 0 0
1492 17 0.24695493280887604 0 0
1493 17 0.24632424116134644 0 0
1494 17 0.24567827582359314 0 0
1495 17 0.24501706659793854 0 0
1496 17 0.24434059858322144 0 0
1497 1 0.24364885687828064 0 0
1498 1 0.24294187128543854 0 0
1499 1 0.24221962690353394 0 0
1500 1 0.24148210883140564 0 0
1501 1 0.24072934687137604 0 0
1502 1 0.24018539488315582 0 0
1503 1 0.23939193785190582 0 0
1504 1 0.23857814073562622 0 0
1505 1 0.23774398863315582 0 0
1506 1 0.23688949644565582 0 0
1507 1 0.23601466417312622 0 0
1508 1 0.23511947691440582 0 0
1509 1 0.23420394957065582 0 0
1510 1 0.23326808214187622 0 0
1511 1 0.23231185972690582 0 0
1512 1 0.23133529722690582 0 0
1513 1 0.23033839464187622 0 0
1514 1 0.22932113707065582 0 0
1515 1 0.22828353941440582 0 0
1516 1 0.22722560167312622 0 0
1517 1 0.2261839359998703 0 0
1518 1 0.22514225542545319 0 0
1519 1 0.22410058975219727 0 0
1520 1 0.22305892407894135 0 0
1521 1 0.22201725840568542 0 0
1522 1 0.2209755927324295 0 0
1523 1 0.21993392705917358 0 0
1524 1 0.21889226138591766 0 0
1525 1 0.21785059571266174 0 0
1526 1 0.21680893003940582 0 0
1527 1 0.2157672643661499 0 0
1528 1 0.21472559869289398 0 0
1529 1 0.21368393301963806 0 0
1530 1 0.21264226734638214 0 0
1531 1 0.21160060167312622 0 0
1532 1 0.2105589359998703 0 0
1533 1 0.2102087438106537 0 0
1534 1 0.2102087438106537 0 0
1535 1 0.2102087438106537 0 0
1536 1 0.2102087438106537 0 0
1537 1 0.2102087438106537 0 0
1538 1 0.20916707813739777 0 0
1539 1 0.20812541246414185 0 0
1540 1 0.20708374679088593 0 0
1541 1 0.20604208111763 0 0
1542 1 0.20500041544437408 0 1
1542 1 0.20500041544437408 0 1
