data/levels/bonus1/abednego-level3.stl
1 0 0.012072917073965073 0 0
2 0 0.012072917073965073 0 0
3 0 0.012072917073965073 0 0
4 0 0.012072917073965073 0 0
5 0 0.012072917073965073 0 0
6 0 0.012072917073965073 0 0
7 0 0.012072917073965073 0 0
8 0 0.012072917073965073 0 0
9 0 0.012072917073965073 0 0
10 0 0.012072917073965073 0 0
11 0 0.012072917073965073 0 0
12 2 0.012072917073965073 0 0
13 2 0.012243306264281273 0 0
14 2 0.012421325780451298 0 0
15 2 0.012606974691152573 0 0
16 2 0.012800252065062523 0 0
17 2 0.013001159764826298 0 0
18 2 0.013209696859121323 0 0
19 2 0.013425862416625023 0 0
20 2 0.013649657368659973 0 0
21 2 0.013881082646548748 0 0
22 2 0.014120137318968773 0 0
23 2 0.014366820454597473 0 0
24 2 0.014621133916079998 0 0
25 2 0.014883076772093773 0 0
26 2 0.015152648091316223 0 0
27 2 0.015429849736392498 0 0
28 2 0.015714680776000023 0 0
29 2 0.016007140278816223 0 0
30 2 0.016307229176163673 0 0
31 2 0.016614949330687523 0 0
32 2 0.016930297017097473 0 0
33 2 0.017253274098038673 0 0
34 2 0.017583882436156273 0 0
35 2 0.017922118306159973 0 0
36 2 0.018267983570694923 0 0
37 2 0.018621480092406273 0 0
38 2 0.018982604146003723 0 0
39 2 0.019351357594132423 0 0
40 2 0.019727742299437523 0 0
41 2 0.020228881388902664 0 0
42 2 0.020625609904527664 0 0
43 2 0.021032512187957764 0 0
44 2 0.021449584513902664 0 0
45 2 0.021876830607652664 0 0
46 2 0.022314250469207764 0 0
47 2 0.022761840373277664 0 0
48 2 0.023219604045152664 0 0
49 2 0.023687541484832764 0 0
50 2 0.024165648967027664 0 0
51 2 0.024653930217027664 0 0
52 2 0.025152385234832764 0 0
53 2 0.025661010295152664 0 0
54 2 0.026179809123277664 0 0
55 2 0.026708781719207764 0 0
56 2 0.027229614555835724 0 0
57 2 0.027750447392463684 0 0
58 2 0.028271280229091644 0 0
59 2 0.028792114928364754 0 0
60 2 0.029312947764992714 0 0
61 2 0.029833780601620674 0 0
62 2 0.030354613438248634 0 0
63 2 0.030875448137521744 0 0
64 2 0.031396280974149704 0 0
65 2 0.031917113810777664 0 0
66 2 0.032437946647405624 0 0
67 2 0.032958779484033585 0 0
68 2 0.03347961604595184 0 0
69 2 0.0340004488825798 0 0
70 2 0.034521281719207764 0 0
71 2 0.035042114555835724 0 0
72 2 0.035562947392463684 0 0
73 2 0.036083780229091644 0 0
74 2 0.036604613065719604 0 0
75 2 0.037125445902347565 0 0
76 2 0.03764628246426582 0 0
77 2 0.038167115300893784 0 0
78 2 0.038687948137521744 0 0
79 2 0.039208780974149704 0 0
80 2 0.039729613810777664 0 0
81 2 0.040250446647405624 0 0
82 2 0.040771279484033585 0 0
83 2 0.04129211604595184 0 0
84 2 0.0418129488825798 0 0
85 2 0.042333781719207764 0 0
86 2 0.042854614555835724 0 0
87 2 0.043375447392463684 0 0
88 18 0.043896280229091644 0 0
89 18 0.044417113065719604 0 0
90 18 0.044937945902347565 0 0
91 18 0.04545878246426582 0 0
92 18 0.045979615300893784 0 0
93 18 0.046500448137521744 0 0
94 18 0.047021280974149704 0 0
95 18 0.047542113810777664 0 0
96 18 0.048062946647405624 0 0
97 18 0.048583779484033585 0 0
98 18 0.04910461604595184 0 0
99 18 0.0496254488825798 0 0
100 18 0.050146281719207764 0 0
101 18 0.050667114555835724 0 0
102 18 0.051187947392463684 0 0
103 18 0.051708780229091644 0 0
104 18 0.052229613065719604 0 0
105 18 0.052750445902347565 0 0
106 18 0.05327128246426582 0 0
107 18 0.053792115300893784 0 0
108 18 0.054312948137521744 0 0
109 18 0.054833780974149704 0 0
110 18 0.055354613810777664 0 0
111 18 0.055875446647405624 0 0
112 2 0.056396279484033585 0 0
113 2 0.05691711604595184 0 0
114 2 0.0574379488825798 0 0
115 0 0.057958781719207764 0 0
116 0 0.05846817046403885 0 0
117 0 0.05896611511707306 0 0
118 0 0.059452615678310394 0 0
119 0 0.059927672147750854 0 0
120 0 0.06039128452539444 0 0
121 0 0.06084345653653145 0 0
122 0 0.061284180730581284 0 0
123 0 0.061713460832834244 0 0
124 0 0.06213129684329033 0 0
125 0 0.06253769248723984 0 0
126 0 0.06293264031410217 0 0
127 0 0.06331614404916763 0 0
128 0 0.06368820369243622 0 0
129 0 0.06393423676490784 0 0
130 0 0.06428340822458267 0 0
131 0 0.06462113559246063 0 0
132 0 0.06494741886854172 0 0
133 0 0.06526225805282593 0 0
134 0 0.06556565314531326 0 0
135 0 0.06585760414600372 0 0
136 0 0.0661381185054779 0 0
137 0 0.06640718132257462 0 0
138 0 0.06666480004787445 0 0
139 0 0.06691097468137741 0 0
140 0 0.0671457052230835 0 0
141 0 0.0673689916729927 0 0
142 0 0.06758083403110504 0 0
143 0 0.0677812322974205 0 0
144 0 0.06797018647193909 0 0
145 0 0.0681476965546608 0 0
146 2 0.06831376254558563 0 0
147 2 0.06848745793104172 0 0
148 2 0.06866878271102905 0 0
149 2 0.06885773688554764 0 0
150 2 0.06905432045459747 0 0
151 2 0.06925854086875916 0 0
152 2 0.06947038322687149 0 0
153 2 0.06968985497951508 0 0
154 2 0.06991695612668991 0 0
155 2 0.070151686668396 0 0
156 18 0.07039404660463333 0 0
157 18 0.07064403593540192 0 0
158 18 0.07090165466070175 0 0
159 18 0.07116690278053284 0 0
160 18 0.07143978029489517 0 0
161 18 0.07172028720378876 0 0
162 18 0.07200842350721359 0 0
163 18 0.07230418920516968 0 0
164 18 0.07260758429765701 0 0
165 18 0.0729186087846756 0 0
166 18 0.07323727011680603 0 0
167 18 0.07356355339288712 0 0
168 18 0.07389746606349945 0 0
169 18 0.07423900812864304 0 0
170 18 0.07458817958831787 0 0
171 18 0.07494498044252396 0 0
172 18 0.07530941069126129 0 0
173 18 0.07568147033452988 0 0
174 18 0.07606115937232971 0 0
175 18 0.07656560093164444 0 0
176 18 0.07696563750505447 0 0
177 18 0.07737584412097931 0 0
178 18 0.07779622077941895 0 0
179 18 0.07822677493095398 0 0
180 18 0.07866749912500381 0 0
181 18 0.07911840081214905 0 0
182 18 0.07957946509122849 0 0
183 18 0.08005070686340332 0 0
184 18 0.08053212612867355 0 0
185 18 0.08102371543645859 0 0
186 18 0.08152547478675842 0 0
187 18 0.08203740417957306 0 0
188 18 0.0825595110654831 0 0
189 18 0.08308034390211105 0 0
190 18 0.08360117673873901 0 0
191 18 0.08412200957536697 0 0
192 18 0.08464284241199493 0 0
193 18 0.0851636752486229 0 0
194 18 0.08568450808525085 0 0
195 18 0.08620534092187881 0 0
196 0 0.08672617375850677 0 0
197 0 0.08723556250333786 0 0
198 1 0.08773350715637207 0 0
199 1 0.08821237832307816 0 0
200 1 0.08867599815130234 0 0
201 1 0.08912435173988342 0 0
202 1 0.08955744653940201 0 0
203 1 0.0899752825498581 0 0
204 1 0.09037785977125168 0 0
205 1 0.09076517820358276 0 0
206 1 0.09113723784685135 0 0
207 1 0.09137945622205734 0 0
208 1 0.09172099828720093 0 0
209 1 0.09204728156328201 0 0
210 1 0.0923583060503006 0 0
211 1 0.09265407919883728 0 0
212 1 0.09293458610773087 0 0
213 1 0.09319983422756195 0 0
214 1 0.09344982355833054 0 0
215 1 0.09368455410003662 0 0
216 1 0.0939040258526802 0 0
217 1 0.09410823881626129 0 0
218 1 0.09429719299077988 0 0
219 1 0.09447088837623596 0 0
220 1 0.09462932497262955 0 0
221 1 0.0944589376449585 0 0
222 1 0.0942809134721756 0 0
223 1 0.09409526735544205 0 0
224 1 0.09390199184417725 0 0
225 1 0.0937010794878006 0 0
226 1 0.0934925451874733 0 0
227 1 0.09327638149261475 0 0
228 1 0.09305258095264435 0 0
229 1 0.0928211584687233 0 0
230 0 0.092582106590271 0 0
231 0 0.09235449135303497 0 0
232 2 0.09213832765817642 0 0
233 2 0.09193742275238037 0 0
234 2 0.09175176918506622 0 0
235 2 0.09158138185739517 0 0
236 2 0.09142625331878662 0 0
237 2 0.09159664064645767 0 0
238 2 0.09177465736865997 0 0
239 2 0.09196031093597412 0 0
240 2 0.09215358644723892 0 0
241 2 0.09235449135303497 0 0
242 2 0.09256303310394287 0 0
243 2 0.09277919679880142 0 0
244 2 0.09300298988819122 0 0
245 2 0.09323441982269287 0 0
246 2 0.09347347170114517 0 0
247 2 0.09372015297412872 0 0
248 2 0.09397447109222412 0 0
249 2 0.09423641115427017 0 0
250 2 0.09450598061084747 0 0
251 2 0.09478318691253662 0 0
252 2 0.09506801515817642 0 0
253 2 0.09536047279834747 0 0
254 0 0.09566056728363037 0 0
255 0 0.0959492102265358 0 0
256 0 0.09622640907764435 0 0
257 0 0.09649217128753662 0 0
258 0 0.09674648195505142 0 0
259 0 0.09698934853076935 0 0
260 1 0.097220778465271 0 0
261 1 0.09743694216012955 0 0
262 1 0.0976378470659256 0 0
263 1 0.09782350063323975 0 0
264 1 0.0979938879609108 0 0
265 1 0.09814901649951935 0 0
266 1 0.0979786291718483 0 0
267 1 0.097800612449646 0 0
268 1 0.09761495888233185 0 0
269 1 0.09742168337106705 0 0
270 1 0.097220778465271 0 0
271 1 0.0970122367143631 0 0
272 17 0.09679607301950455 0 0
273 17 0.09657227993011475 0 0
274 17 0.0963408499956131 0 0
275 17 0.0961017981171608 0 0
276 17 0.09585511684417725 0 0
277 17 0.09560079872608185 0 0
278 17 0.0953388586640358 0 0
279 17 0.0950692892074585 0 0
280 17 0.09479208290576935 0 0
281 17 0.09450725466012955 0 0
282 17 0.0942147970199585 0 0
283 17 0.0939147025346756 0 0
284 17 0.09360698610544205 0 0
285 17 0.09329164028167725 0 0
286 17 0.0929686576128006 0 0
287 17 0.0926380529999733 0 0
288 17 0.09229981899261475 0 0
289 17 0.09195394814014435 0 0
290 17 0.09165645390748978 0 0
291 17 0.09165645390748978 0 0
292 17 0.09165645390748978 0 0
293 17 0.09165645390748978 0 0
294 17 0.09165645390748978 0 0
295 17 0.09165645390748978 0 0
296 1 0.09165645390748978 0 0
297 1 0.09145554900169373 0 0
298 0 0.09124701470136642 0 0
299 0 0.0910499170422554 0 0
300 0 0.09086427092552185 0 0
301 0 0.09069006890058517 0 0
302 1 0.09052730351686478 0 0
303 1 0.09035691618919373 0 0
304 1 0.09017889946699142 0 0
305 1 0.08999324589967728 0 0
306 1 0.08979997038841248 0 0
307 1 0.08959906548261642 0 0
308 1 0.08939052373170853 0 0
309 1 0.08917436003684998 0 0
310 1 0.08895056694746017 0 0
311 1 0.08871913701295853 0 0
312 1 0.08848008513450623 0 0
313 1 0.08823340386152267 0 0
314 1 0.08797908574342728 0 0
315 1 0.08771714568138123 0 0
316 17 0.08744757622480392 0 0
317 17 0.08717036992311478 0 0
318 17 0.08688554167747498 0 0
319 17 0.08659308403730392 0 0
320 17 0.08629298955202103 0 0
321 17 0.08598527312278748 0 0
322 17 0.08566992729902267 0 0
323 17 0.08534694463014603 0 0
324 17 0.08501634001731873 0 0
325 17 0.08467810600996017 0 0
326 17 0.08433223515748978 0 0
327 17 0.08397874236106873 0 0
328 17 0.08361762017011642 0 0
329 17 0.08324886113405228 0 0
330 17 0.08287248015403748 0 0
331 17 0.08260051161050797 0 0
332 17 0.08220378309488297 0 0
333 17 0.08179688453674316 0 0
334 17 0.08137980848550797 0 0
335 17 0.08095256239175797 0 0
336 1 0.08051514625549316 0 0
337 1 0.08006755262613297 0 0
338 0 0.07960978895425797 0 0
339 0 0.07916346937417984 0 0
340 0 0.07872859388589859 0 0
341 0 0.07830516248941422 0 0
342 0 0.07789317518472672 0 0
343 0 0.07749263197183609 0 0
344 0 0.07710353285074234 0 0
345 0 0.07672587782144547 0 0
346 0 0.07635966688394547 0 0
347 0 0.07589031010866165 0 0
348 0 0.0755469873547554 0 0
349 0 0.07521510869264603 0 0
350 0 0.07489467412233353 0 0
351 0 0.0745856836438179 0 0
352 0 0.07428813725709915 0 0
353 0 0.07400203496217728 0 0
354 1 0.07372737675905228 0 0
355 1 0.07344508916139603 0 0
356 1 0.07315517216920853 0 0
357 1 0.07285762578248978 0 0
358 0 0.07255245000123978 0 0
359 0 0.07225871831178665 0 0
360 0 0.0719764307141304 0 0
361 0 0.07170558720827103 0 0
362 0 0.07144618779420853 0 0
363 0 0.0711982324719429 0 0
364 0 0.07096172124147415 0 0
365 0 0.07073665410280228 0 0
366 2 0.07052303105592728 0 0
367 2 0.07032466679811478 0 0
368 2 0.07014156132936478 0 0
369 2 0.06997371464967728 0 0
370 2 0.06982112675905228 0 0
371 2 0.06999152153730392 0 0
372 2 0.07016953825950623 0 0
373 2 0.07035518437623978 0 0
374 2 0.07054846733808517 0 0
375 2 0.07074937224388123 0 0
376 2 0.07095790654420853 0 0
377 2 0.07117407768964767 0 0
378 2 0.07139787077903748 0 0
379 2 0.07162929326295853 0 0
380 2 0.07186835259199142 0 0
381 2 0.07211503386497498 0 0
382 2 0.07236934453248978 0 0
383 2 0.07263129204511642 0 0
384 2 0.07290086150169373 0 0
385 2 0.07317806035280228 0 0
386 2 0.07346289604902267 0 0
387 18 0.07375535368919373 0 0
388 18 0.07405544072389603 0 0
389 18 0.07436316460371017 0 0
390 18 0.07467851042747498 0 0
391 18 0.07500148564577103 0 0
392 18 0.07533209770917892 0 0
393 18 0.07567033171653748 0 0
394 18 0.07601619511842728 0 0
395 18 0.07636969536542892 0 0
396 18 0.07673081755638123 0 0
397 18 0.07709956914186478 0 0
398 18 0.07747595757246017 0 0
399 18 0.07797709852457047 0 0
400 18 0.07837382704019547 0 0
401 18 0.07878072559833527 0 0
402 18 0.07919780164957047 0 0
403 18 0.07962504774332047 0 0
404 18 0.08006246387958527 0 0
405 18 0.08051005750894547 0 0
406 18 0.08096782118082047 0 0
407 18 0.08143575489521027 0 0
408 18 0.08191386610269547 0 0
409 2 0.08240214735269547 0 0
410 0 0.08290059864521027 0 0
411 0 0.08338761329650879 0 0
412 0 0.08386317640542984 0 0
413 0 0.08432729542255402 0 0
414 0 0.08477997779846191 0 0
415 0 0.08522120863199234 0 0
416 0 0.08565099537372589 0 0
417 0 0.08606934547424316 0 0
418 1 0.08647624403238297 0 0
419 1 0.08686788380146027 0 0
420 1 0.08724427223205566 0 0
421 1 0.08760539442300797 0 0
422 0 0.08783667534589767 0 0
423 0 0.0881710946559906 0 0
424 0 0.08849406987428665 0 0
425 0 0.08880560845136642 0 0
426 0 0.08910569548606873 0 0
427 0 0.08939433842897415 0 0
428 2 0.0896715447306633 0 0
429 2 0.0899563729763031 0 0
430 2 0.09024883061647415 0 0
431 2 0.09054892510175705 0 0
432 2 0.0908566415309906 0 0
433 2 0.0911719873547554 0 0
434 2 0.09149497002363205 0 0
435 2 0.09182557463645935 0 0
436 2 0.0921638086438179 0 0
437 2 0.0925096794962883 0 0
438 18 0.09286317229270935 0 0
439 18 0.09322429448366165 0 0
440 18 0.0935930535197258 0 0
441 18 0.0939694344997406 0 0
442 18 0.09447057545185089 0 0
443 18 0.09486730396747589 0 0
444 18 0.09527420997619629 0 0
445 18 0.09569127857685089 0 0
446 18 0.09611852467060089 0 0
447 18 0.09655594825744629 0 0
448 18 0.09700353443622589 0 0
449 18 0.09746129810810089 0 0
450 18 0.09792923927307129 0 0
451 18 0.09840734302997589 0 0
452 18 0.09889562427997589 0 0
453 18 0.09939408302307129 0 0
454 18 0.09990270435810089 0 0
455 18 0.10042150318622589 0 0
456 18 0.10095047950744629 0 0
457 18 0.10147131234407425 0 0
458 18 0.10199214518070221 0 0
459 18 0.10251297801733017 0 0
460 18 0.10303381085395813 0 0
461 18 0.10355464369058609 0 0
462 18 0.10407547652721405 0 0
463 18 0.10459630936384201 0 0
464 18 0.10511713474988937 0 0
465 18 0.10563796758651733 0 0
466 18 0.1061588004231453 0 0
467 18 0.10667963325977325 0 0
468 18 0.10720047354698181 0 0
469 18 0.10772130638360977 0 0
470 18 0.10824213922023773 0 0
471 18 0.10876297205686569 0 0
472 18 0.10928380489349365 0 0
473 18 0.10980463773012161 0 0
474 18 0.11032547056674957 0 0
475 18 0.11084630340337753 0 0
476 18 0.1113671362400055 0 0
477 18 0.11188796907663345 0 0
478 18 0.11240880191326141 0 0
479 18 0.11292963474988937 0 0
480 18 0.11345046758651733 0 0
481 18 0.1139713004231453 0 0
482 18 0.11449213325977325 0 0
483 18 0.11501297354698181 0 0
484 18 0.11553380638360977 0 0
485 18 0.11605463922023773 0 0
486 18 0.11657547205686569 0 0
487 18 0.11709630489349365 0 0
488 18 0.11761713773012161 0 0
489 18 0.11813797056674957 0 0
490 18 0.11865880340337753 0 0
491 18 0.1191796362400055 0 0
492 18 0.11970046907663345 0 0
493 18 0.12022130191326141 0 0
494 18 0.12074213474988937 0 0
495 18 0.12126296758651733 0 0
496 18 0.1217838004231453 0 0
497 18 0.12230463325977325 0 0
498 18 0.12282547354698181 0 0
499 18 0.12334630638360977 0 0
500 2 0.12386713922023773 0 0
501 2 0.12438797205686569 0 0
502 0 0.12490880489349365 0 0
503 0 0.12541818618774414 0 0
504 0 0.12591613829135895 0 0
505 0 0.12640263140201569 0 0
506 0 0.12687769532203674 0 0
507 0 0.12734131515026093 0 0
508 0 0.12779347598552704 0 0
509 0 0.12823420763015747 0 0
510 0 0.12866348028182983 0 0
511 0 0.12908132374286652 0 0
512 0 0.12948770821094513 0 0
513 0 0.12988266348838806 0 0
514 0 0.13026615977287292 0 0
515 0 0.1306382268667221 0 0
516 0 0.13088425993919373 0 0
517 0 0.13123343884944916 0 0
518 0 0.13157115876674652 0 0
519 0 0.1318974494934082 0 0
520 0 0.13221228122711182 0 0
521 0 0.13251568377017975 0 0
522 0 0.1328076273202896 0 0
523 0 0.1330881416797638 0 0
524 0 0.1333571970462799 0 0
525 0 0.13361482322216034 0 0
526 0 0.1338609904050827 0 0
527 0 0.1338609904050827 0 1
527 0 0.1338609904050827 0 1
