data/levels/world1/13 - Above the Arctic Skies.stl
1 0 0.012058190070092678 0 0
2 0 0.012058190070092678 0 0
3 0 0.012058190070092678 0 0
4 0 0.012058190070092678 0 0
5 0 0.012058190070092678 0 0
6 0 0.012058190070092678 0 0
7 0 0.012058190070092678 0 0
8 0 0.012058190070092678 0 0
9 0 0.012058190070092678 0 0
10 0 0.012058190070092678 0 0
11 0 0.012058190070092678 0 0
12 0 0.012058190070092678 0 0
13 0 0.012058190070092678 0 0
14 0 0.012058190070092678 0 0
15 0 0.012058190070092678 0 0
16 0 0.012058190070092678 0 0
17 0 0.012058190070092678 0 0
18 0 0.012058190070092678 0 0
19 0 0.012058190070092678 0 0
20 0 0.012058190070092678 0 0
21 0 0.012058190070092678 0 0
22 0 0.012058190070092678 0 0
23 0 0.012058190070092678 0 0
24 0 0.012058190070092678 0 0
25 0 0.012058190070092678 0 0
26 0 0.012058190070092678 0 0
27 0 0.012058190070092678 0 0
28 0 0.012058190070092678 0 0
29 0 0.012058190070092678 0 0
30 0 0.012058190070092678 0 0
31 0 0.012058190070092678 0 0
32 0 0.012058190070092678 0 0
33 0 0.012058190070092678 0 0
34 0 0.012058190070092678 0 0
35 0 0.012058190070092678 0 0
36 0 0.012058190070092678 0 0
37 0 0.012058190070092678 0 0
38 0 0.012058190070092678 0 0
39 0 0.012058190070092678 0 0
40 0 0.012058190070092678 0 0
41 0 0.012058190070092678 0 0
42 0 0.012058190070092678 0 0
43 0 0.012058190070092678 0 0
44 0 0.012058190070092678 0 0
45 0 0.012058190070092678 0 0
46 0 0.012058190070092678 0 0
47 0 0.012058190070092678 0 0
48 0 0.012058190070092678 0 0
49 0 0.012058190070092678 0 0
50 0 0.012058190070092678 0 0
51 0 0.012058190070092678 0 0
52 0 0.012058190070092678 0 0
53 0 0.012058190070092678 0 0
54 0 0.012058190070092678 0 0
55 0 0.012058190070092678 0 0
56 0 0.012058190070092678 0 0
57 0 0.012058190070092678 0 0
58 0 0.012058190070092678 0 0
59 0 0.012058190070092678 0 0
60 0 0.012058190070092678 0 0
61 0 0.012058190070092678 0 0
62 0 0.012058190070092678 0 0
63 0 0.012058190070092678 0 0
64 0 0.012058190070092678 0 0
65 0 0.012058190070092678 0 0
66 0 0.012058190070092678 0 0
67 0 0.012058190070092678 0 0
68 0 0.012058190070092678 0 0
69 0 0.012058190070092678 0 0
70 0 0.012058190070092678 0 0
71 0 0.012058190070092678 0 0
72 0 0.012058190070092678 0 0
73 0 0.012058190070092678 0 0
74 0 0.012058190070092678 0 0
75 0 0.012058190070092678 0 0
76 0 0.012058190070092678 0 0
77 0 0.012058190070092678 0 0
78 0 0.012058190070092678 0 0
79 0 0.012058190070092678 0 0
80 0 0.012058190070092678 0 0
81 0 0.012058190070092678 0 0
82 0 0.012058190070092678 0 0
83 0 0.012058190070092678 0 0
84 0 0.012058190070092678 0 0
85 0 0.012058190070092678 0 0
86 0 0.012058190070092678 0 0
87 0 0.012058190070092678 0 0
88 0 0.012058190070092678 0 0
89 0 0.012058190070092678 0 0
90 0 0.012058190070092678 0 0
91 0 0.012058190070092678 0 0
92 0 0.012058190070092678 0 0
93 0 0.012058190070092678 0 0
94 0 0.012058190070092678 0 0
95 0 0.012058190070092678 0 0
96 0 0.012058190070092678 0 0
97 0 0.012058190070092678 0 0
98 0 0.012058190070092678 0 0
99 0 0.012058190070092678 0 0
100 0 0.012058190070092678 0 0
101 0 0.012058190070092678 0 0
102 0 0.012058190070092678 0 0
103 0 0.012058190070092678 0 0
104 0 0.012058190070092678 0 0
105 0 0.012058190070092678 0 0
106 0 0.012058190070092678 0 0
107 0 0.012058190070092678 0 0
108 0 0.012058190070092678 0 0
109 0 0.012058190070092678 0 0
110 0 0.012058190070092678 0 0
111 0 0.012058190070092678 0 0
112 0 0.012058190070092678 0 0
113 0 0.012058190070092678 0 0
114 0 0.012058190070092678 0 0
115 0 0.012058190070092678 0 0
116 0 0.012058190070092678 0 0
117 0 0.012058190070092678 0 0
118 0 0.012058190070092678 0 0
119 0 0.012058190070092678 0 0
120 0 0.012058190070092678 0 0
121 0 0.012058190070092678 0 0
122 0 0.012058190070092678 0 0
123 0 0.012058190070092678 0 0
124 0 0.012058190070092678 0 0
125 0 0.012058190070092678 0 0
126 0 0.012058190070092678 0 0
127 0 0.012058190070092678 0 0
128 0 0.012058190070092678 0 0
129 0 0.012058190070092678 0 0
130 0 0.012058190070092678 0 0
131 0 0.012058190070092678 0 0
132 0 0.012058190070092678 0 0
133 0 0.012058190070092678 0 0
134 0 0.012058190070092678 0 0
135 0 0.012058190070092678 0 0
136 0 0.012058190070092678 0 0
137 0 0.012058190070092678 0 0
138 0 0.012058190070092678 0 0
139 0 0.012058190070092678 0 0
140 0 0.012058190070092678 0 0
141 0 0.012058190070092678 0 0
142 0 0.012058190070092678 0 0
143 0 0.012058190070092678 0 0
144 0 0.012058190070092678 0 0
145 0 0.012058190070092678 0 0
146 0 0.012058190070092678 0 0
147 0 0.012058190070092678 0 0
148 0 0.012058190070092678 0 0
149 0 0.012058190070092678 0 0
150 0 0.012058190070092678 0 0
151 0 0.012058190070092678 0 0
152 0 0.012058190070092678 0 0
153 0 0.012058190070092678 0 0
154 0 0.012058190070092678 0 0
155 0 0.012058190070092678 0 0
156 0 0.012058190070092678 0 0
157 0 0.012058190070092678 0 0
158 0 0.012058190070092678 0 0
159 0 0.012058190070092678 0 0
160 0 0.012058190070092678 0 0
161 0 0.012058190070092678 0 0
162 0 0.012058190070092678 0 0
163 0 0.012058190070092678 0 0
164 0 0.012058190070092678 0 0
165 0 0.012058190070092678 0 0
166 0 0.012058190070092678 0 0
167 0 0.012058190070092678 0 0
168 0 0.012058190070092678 0 0
169 0 0.012058190070092678 0 0
170 0 0.012058190070092678 0 0
171 0 0.012058190070092678 0 0
172 0 0.012058190070092678 0 0
173 0 0.012058190070092678 0 0
174 0 0.012058190070092678 0 0
175 0 0.012058190070092678 0 0
176 0 0.012058190070092678 0 0
177 0 0.012058190070092678 0 0
178 0 0.012058190070092678 0 0
179 0 0.012058190070092678 0 0
180 0 0.012058190070092678 0 0
181 0 0.012058190070092678 0 0
182 0 0.012058190070092678 0 0
183 0 0.012058190070092678 0 0
184 0 0.012058190070092678 0 0
185 0 0.012058190070092678 0 0
186 0 0.012058190070092678 0 0
187 0 0.012058190070092678 0 0
188 0 0.012058190070092678 0 0
189 0 0.012058190070092678 0 0
190 0 0.012058190070092678 0 0
191 0 0.012058190070092678 0 0
192 0 0.012058190070092678 0 0
193 0 0.012058190070092678 0 0
194 0 0.012058190070092678 0 0
195 0 0.012058190070092678 0 0
196 0 0.012058190070092678 0 0
197 0 0.012058190070092678 0 0
198 0 0.012058190070092678 0 0
199 0 0.012058190070092678 0 0
200 0 0.012058190070092678 0 0
201 0 0.012058190070092678 0 0
202 0 0.012058190070092678 0 0
203 0 0.012058190070092678 0 0
204 0 0.012058190070092678 0 0
205 0 0.012058190070092678 0 0
206 0 0.012058190070092678 0 0
207 0 0.012058190070092678 0 0
208 0 0.012058190070092678 0 0
209 0 0.012058190070092678 0 0
210 0 0.012058190070092678 0 0
211 0 0.012058190070092678 0 0
212 0 0.012058190070092678 0 0
213 0 0.012058190070092678 0 0
214 0 0.012058190070092678 0 0
215 0 0.012058190070092678 0 0
216 0 0.012058190070092678 0 0
217 0 0.012058190070092678 0 0
218 0 0.012058190070092678 0 0
219 0 0.012058190070092678 0 0
220 0 0.012058190070092678 0 0
221 0 0.012058190070092678 0 0
222 0 0.012058190070092678 0 0
223 0 0.012058190070092678 0 0
224 0 0.012058190070092678 0 0
225 0 0.012058190070092678 0 0
226 0 0.012058190070092678 0 0
227 0 0.012058190070092678 0 0
228 0 0.012058190070092678 0 0
229 0 0.012058190070092678 0 0
230 0 0.012058190070092678 0 0
231 0 0.012058190070092678 0 0
232 2 0.012058190070092678 0 0
233 2 0.012234454974532127 0 0
234 2 0.012418612837791443 0 0
235 2 0.012610663659870625 0 0
236 2 0.012810605578124523 0 0
237 2 0.013018441386520863 0 0
238 2 0.013234169222414494 0 0
239 2 0.013457789085805416 0 0
240 2 0.013689301908016205 0 0
241 2 0.01392870582640171 0 0
242 2 0.014176003634929657 0 0
243 2 0.014431193470954895 0 0
244 2 0.0146942762658 0 0
245 2 0.014965251088142395 0 0
246 2 0.015244118869304657 0 0
247 2 0.01553087867796421 0 0
248 2 0.015825530514121056 0 0
249 2 0.01612807624042034 0 0
250 2 0.01643851399421692 0 0
251 2 0.016756843775510788 0 0
252 2 0.01708306558430195 0 0
253 2 0.01741718128323555 0 0
254 2 0.017759189009666443 0 0
255 2 0.018109088763594627 0 0
256 2 0.018466880545020103 0 0
257 2 0.01883256435394287 0 0
258 2 0.01920614205300808 0 0
259 2 0.01958761177957058 0 0
260 2 0.01997697353363037 0 0
261 2 0.020495394244790077 0 0
262 2 0.02090580388903618 0 0
263 2 0.021326735615730286 0 0
264 2 0.021758191287517548 0 0
265 2 0.022200170904397964 0 0
266 2 0.022652672603726387 0 0
267 2 0.023115698248147964 0 0
268 2 0.023589245975017548 0 0
269 2 0.024073317646980286 0 0
270 2 0.02456791326403618 0 0
271 2 0.025073030963540077 0 0
272 2 0.02558867447078228 0 0
273 2 0.02611483819782734 0 0
274 2 0.026651527732610703 0 0
275 2 0.02719873934984207 0 0
276 2 0.027737531810998917 0 0
277 2 0.02827632427215576 0 0
278 2 0.028815118595957756 0 0
279 2 0.0293539110571146 0 0
280 2 0.029892703518271446 0 0
281 2 0.03043149784207344 0 0
282 2 0.030970290303230286 0 0
283 2 0.03150908276438713 0 0
284 2 0.032047875225543976 0 0
285 2 0.03258667141199112 0 0
286 18 0.033125463873147964 0 0
287 18 0.03366425633430481 0 0
288 18 0.034203048795461655 0 0
289 18 0.0347418412566185 0 0
290 18 0.035280633717775345 0 0
291 18 0.03581942990422249 0 0
292 18 0.036358222365379333 0 0
293 18 0.03689701482653618 0 0
294 18 0.037435807287693024 0 0
295 18 0.03797459974884987 0 0
296 18 0.038513392210006714 0 0
297 18 0.03905218839645386 0 0
298 2 0.0395909808576107 0 0
299 2 0.04012977331876755 0 0
300 0 0.04066856577992439 0 0
301 0 0.041195519268512726 0 0
302 0 0.041710637509822845 0 0
303 0 0.042213913053274155 0 0
304 0 0.04270535334944725 0 0
305 0 0.043184950947761536 0 0
306 0 0.04365271329879761 0 0
307 0 0.04410863295197487 0 0
308 0 0.04455271735787392 0 0
309 0 0.04498496279120445 0 0
310 0 0.045405369251966476 0 0
311 0 0.04581393674015999 0 0
312 0 0.04621066525578499 0 0
313 0 0.046595554798841476 0 0
314 0 0.04685007035732269 0 0
315 0 0.04721128195524216 0 0
316 0 0.04756065458059311 0 0
317 0 0.04789819195866585 0 0
318 0 0.048223886638879776 0 0
319 0 0.04853774607181549 0 0
320 0 0.048839762806892395 0 0
321 2 0.049129944294691086 0 0
322 2 0.04942801594734192 0 0
323 2 0.04973398149013519 0 0
324 2 0.05004783719778061 0 0
325 2 0.050369586795568466 0 0
326 2 0.050699230283498764 0 0
327 2 0.051036763936281204 0 0
328 2 0.051382191479206085 0 0
329 2 0.05173551291227341 0 0
330 2 0.05209672451019287 0 0
331 2 0.052465829998254776 0 0
332 2 0.05284282565116882 0 0
333 2 0.05322771891951561 0 0
334 2 0.05362049862742424 0 0
335 2 0.054142341017723083 0 0
336 0 0.054556168615818024 0 0
337 0 0.05495816096663475 0 0
338 0 0.05534831061959267 0 0
339 0 0.05572662502527237 0 0
340 0 0.0559745654463768 0 0
341 0 0.05632920190691948 0 0
342 0 0.056671999394893646 0 0
343 0 0.057002954185009 0 0
344 0 0.057322073727846146 0 0
345 0 0.05762935429811478 0 0
346 0 0.057924795895814896 0 0
347 0 0.0582083985209465 0 0
348 0 0.058480165898799896 0 0
349 0 0.05874009057879448 0 0
350 0 0.05898817628622055 0 0
351 0 0.05922442302107811 0 0
352 1 0.059448834508657455 0 0
353 1 0.05965745821595192 0 0
354 1 0.0598502978682518 0 0
355 1 0.0600273534655571 0 0
356 1 0.060188621282577515 0 0
357 1 0.06001235544681549 0 0
358 1 0.059828199446201324 0 0
359 1 0.05963614955544472 0 0
360 1 0.05943620577454567 0 0
361 1 0.05922837182879448 0 0
362 1 0.05901264399290085 0 0
363 1 0.05878902226686478 0 0
364 1 0.05855751037597656 0 0
365 1 0.05831810459494591 0 0
366 1 0.05807080864906311 0 0
367 1 0.05781561881303787 0 0
368 0 0.057552535086870193 0 0
369 0 0.05730129033327103 0 0
370 0 0.05706188455224037 0 0
371 0 0.05683431774377823 0 0
372 0 0.056618593633174896 0 0
373 0 0.05641470104455948 0 0
374 0 0.05622265115380287 0 0
375 0 0.05604244023561478 0 0
376 0 0.055874068289995193 0 0
377 0 0.05571753531694412 0 0
378 0 0.05571753531694412 0 0
379 0 0.05571753531694412 0 0
380 0 0.05571753531694412 0 0
381 0 0.05571753531694412 0 0
382 0 0.05571753531694412 0 0
383 0 0.05571753531694412 0 0
384 0 0.05571753531694412 0 0
385 0 0.05571753531694412 0 0
386 0 0.05571753531694412 0 0
387 0 0.05571753531694412 0 0
388 0 0.05571753531694412 0 0
389 0 0.05571753531694412 0 0
390 0 0.05571753531694412 0 0
391 0 0.05571753531694412 0 0
392 0 0.05571753531694412 0 0
393 0 0.05571753531694412 0 0
394 2 0.05571753531694412 0 0
395 2 0.055893801152706146 0 0
396 2 0.05607795715332031 0 0
397 2 0.05627000704407692 0 0
398 2 0.05646995082497597 0 0
399 2 0.05667778477072716 0 0
400 2 0.05689351260662079 0 0
401 2 0.05711713433265686 0 0
402 2 0.057348646223545074 0 0
403 2 0.05758805200457573 0 0
404 2 0.05783534795045853 0 0
405 2 0.058090537786483765 0 0
406 2 0.058353621512651443 0 0
407 2 0.058624595403671265 0 0
408 2 0.05890346318483353 0 0
409 2 0.05919022485613823 0 0
410 2 0.059484876692295074 0 0
411 2 0.05978742241859436 0 0
412 2 0.06009785830974579 0 0
413 2 0.06041618809103966 0 0
414 2 0.06074241176247597 0 0
415 2 0.06107652559876442 0 0
416 2 0.06141853332519531 0 0
417 2 0.061768434941768646 0 0
418 2 0.06212622672319412 0 0
419 2 0.06249190866947174 0 0
420 2 0.0628654882311821 0 0
421 2 0.0632469579577446 0 0
422 2 0.06363631784915924 0 0
423 2 0.0641547366976738 0 0
424 2 0.06456514447927475 0 0
425 2 0.06498607993125916 0 0
426 2 0.06541753560304642 0 0
427 2 0.06585951149463654 0 0
428 2 0.06631201505661011 0 0
429 2 0.06677503883838654 0 0
430 2 0.06724859029054642 0 0
431 2 0.06773266196250916 0 0
432 2 0.06822725385427475 0 0
433 2 0.0687323734164238 0 0
434 2 0.0692480131983757 0 0
435 2 0.06977418065071106 0 0
436 2 0.07031086832284927 0 0
437 2 0.07085808366537094 0 0
438 2 0.07139687240123749 0 0
439 2 0.07193566858768463 0 0
440 2 0.07247445732355118 0 0
441 2 0.07301325350999832 0 0
442 18 0.07355204969644547 0 0
443 18 0.07409083843231201 0 0
444 18 0.07462963461875916 0 0
445 18 0.0751684233546257 0 0
446 18 0.07570721954107285 0 0
447 18 0.07624600827693939 0 0
448 18 0.07678480446338654 0 0
449 18 0.07732360064983368 0 0
450 18 0.07786238938570023 0 0
451 18 0.07840118557214737 0 0
452 18 0.07893997430801392 0 0
453 18 0.07947877049446106 0 0
454 18 0.0800175666809082 0 0
455 18 0.08055635541677475 0 0
456 18 0.0810951516032219 0 0
457 18 0.08163394033908844 0 0
458 18 0.08217273652553558 0 0
459 18 0.08271152526140213 0 0
460 18 0.08325032144784927 0 0
461 2 0.08378911763429642 0 0
462 2 0.08432790637016296 0 0
463 2 0.08486670255661011 0 0
464 2 0.08540549129247665 0 0
465 2 0.0859442874789238 0 0
466 2 0.08648308366537094 0 0
467 2 0.08702187240123749 0 0
468 2 0.08756066858768463 0 0
469 2 0.08809945732355118 0 0
470 2 0.08863825350999832 0 0
471 2 0.08917704969644547 0 0
472 2 0.08971583843231201 0 0
473 2 0.09025463461875916 0 0
474 2 0.0907934233546257 0 0
475 2 0.09133221954107285 0 0
476 2 0.09187100827693939 0 0
477 2 0.09240980446338654 0 0
478 2 0.09294860064983368 0 0
479 2 0.09348738938570023 0 0
480 2 0.09402618557214737 0 0
481 2 0.09456497430801392 0 0
482 2 0.09510377049446106 0 0
483 2 0.0956425666809082 0 0
484 2 0.09618135541677475 0 0
485 2 0.0967201516032219 0 0
486 2 0.09725894033908844 0 0
487 2 0.09779773652553558 0 0
488 18 0.09833652526140213 0 0
489 18 0.09887532144784927 0 0
490 18 0.09941411763429642 0 0
491 18 0.09995290637016296 0 0
492 18 0.10049170255661011 0 0
493 18 0.10103049129247665 0 0
494 18 0.1015692874789238 0 0
495 18 0.10210808366537094 0 0
496 18 0.10264687240123749 0 0
497 18 0.10318566858768463 0 0
498 18 0.10372445732355118 0 0
499 18 0.10426325350999832 0 0
500 18 0.10480204969644547 0 0
501 18 0.10534083843231201 0 0
502 18 0.10587963461875916 0 0
503 18 0.1064184233546257 0 0
504 18 0.10695721954107285 0 0
505 18 0.10749600827693939 0 0
506 2 0.10803480446338654 0 0
507 2 0.10857360064983368 0 0
508 2 0.10911238938570023 0 0
509 2 0.10965118557214737 0 0
510 2 0.11018997430801392 0 0
511 2 0.11072877049446106 0 0
512 2 0.1112675666809082 0 0
513 0 0.11180635541677475 0 0
514 0 0.11233331263065338 0 0
515 0 0.1128484234213829 0 0
516 0 0.11335170269012451 0 0
517 0 0.11384314298629761 0 0
518 0 0.11432274430990219 0 0
519 0 0.11479049921035767 0 0
520 0 0.11524642258882523 0 0
521 0 0.11569050699472427 0 0
522 0 0.11612275242805481 0 0
523 0 0.11654315888881683 0 0
524 0 0.11695172637701035 0 0
525 0 0.11734845489263535 0 0
526 0 0.11773334443569183 0 0
527 0 0.11798786371946335 0 0
528 0 0.11834907531738281 0 0
529 0 0.11869844794273376 0 0
530 0 0.1190359815955162 0 0
531 0 0.11936168372631073 0 0
532 0 0.11967553943395615 0 0
533 0 0.11997755616903305 0 0
534 0 0.12026773393154144 0 0
535 0 0.12054608017206192 0 0
536 0 0.12081257998943329 0 0
537 0 0.12106724083423615 0 0
538 0 0.12131007015705109 0 0
539 0 0.12154105305671692 0 0
540 0 0.12176020443439484 0 0
541 0 0.12196750938892365 0 0
542 0 0.12216298282146454 0 0
543 0 0.12234661728143692 0 0
544 0 0.12251840531826019 0 0
545 0 0.12267836183309555 0 0
546 0 0.12267836183309555 0 0
547 0 0.12267836183309555 0 0
548 0 0.12267836183309555 0 0
549 0 0.12267836183309555 0 0
550 0 0.12267836183309555 0 0
551 0 0.12267836183309555 0 0
552 0 0.12267836183309555 0 0
553 0 0.12267836183309555 0 0
554 0 0.12267836183309555 0 0
555 0 0.12267836183309555 0 0
556 2 0.12267836183309555 0 0
557 2 0.12285462766885757 0 0
558 2 0.12303878366947174 0 0
559 2 0.12323083728551865 0 0
560 2 0.1234307810664177 0 0
561 2 0.12363861501216888 0 0
562 0 0.12385433912277222 0 0
563 0 0.12405823171138763 0 0
564 0 0.12425027787685394 0 0
565 0 0.12443049252033234 0 0
566 2 0.12459886819124222 0 0
567 2 0.12477512657642365 0 0
568 0 0.12495929002761841 0 0
569 0 0.12513160705566406 0 0
570 2 0.1252920925617218 0 0
571 2 0.12546835839748383 0 0
572 0 0.1256525069475174 0 0
573 0 0.12582482397556305 0 0
574 0 0.1259853094816208 0 0
575 0 0.1259853094816208 0 0
576 0 0.1259853094816208 0 0
577 0 0.1259853094816208 0 0
578 2 0.1259853094816208 0 0
579 2 0.1261615753173828 0 0
580 0 0.12634573876857758 0 0
581 0 0.12651805579662323 0 0
582 0 0.12667852640151978 0 0
583 0 0.12667852640151978 0 0
584 0 0.12667852640151978 0 0
585 0 0.12667852640151978 0 0
586 2 0.12667852640151978 0 0
587 2 0.1268547922372818 0 0
588 2 0.12703895568847656 0 0
589 2 0.12723100185394287 0 0
590 2 0.12743094563484192 0 0
591 2 0.1276387870311737 0 0
592 2 0.12785451114177704 0 0
593 2 0.1280781328678131 0 0
594 2 0.12830963730812073 0 0
595 2 0.12854905426502228 0 0
596 2 0.12879635393619537 0 0
597 2 0.12905153632164001 0 0
598 2 0.1293146163225174 0 0
599 2 0.12958559393882751 0 0
600 0 0.12986446917057037 0 0
601 0 0.13013149797916412 0 0
602 0 0.13038668036460876 0 0
603 0 0.1306300312280655 0 0
604 0 0.1308615505695343 0 0
605 0 0.131081223487854 0 0
606 0 0.1312890499830246 0 0
607 0 0.13148504495620728 0 0
608 2 0.13166920840740204 0 0
609 2 0.13186125457286835 0 0
610 2 0.1320611983537674 0 0
611 2 0.13226903975009918 0 0
612 2 0.13248476386070251 0 0
613 2 0.1327083855867386 0 0
614 2 0.1329399049282074 0 0
615 2 0.13317930698394775 0 0
616 2 0.13342660665512085 0 0
617 2 0.1336817890405655 0 0
618 2 0.13394486904144287 0 0
619 2 0.134215846657753 0 0
620 2 0.13449472188949585 0 0
621 2 0.13478147983551025 0 0
622 2 0.1350761353969574 0 0
623 2 0.1353786736726761 0 0
624 2 0.13568910956382751 0 0
625 2 0.13600744307041168 0 0
626 2 0.1363336592912674 0 0
627 2 0.13666777312755585 0 0
628 2 0.13700978457927704 0 0
629 2 0.13735967874526978 0 0
630 2 0.13771747052669525 0 0
631 2 0.13808315992355347 0 0
632 2 0.13845673203468323 0 0
633 2 0.13883820176124573 0 0
634 2 0.13922756910324097 0 0
635 2 0.13974599540233612 0 0
636 2 0.14015640318393707 0 0
637 2 0.14057733118534088 0 0
638 2 0.14100877940654755 0 0
639 2 0.14145076274871826 0 0
640 18 0.14190326631069183 0 0
641 18 0.14236629009246826 0 0
642 18 0.14283983409404755 0 0
643 18 0.14332391321659088 0 0
644 18 0.14381851255893707 0 0
645 18 0.14432363212108612 0 0
646 18 0.14483927190303802 0 0
647 18 0.14536543190479279 0 0
648 2 0.1459021270275116 0 0
649 2 0.14644932746887207 0 0
650 2 0.1469881236553192 0 0
651 2 0.14752691984176636 0 0
652 2 0.1480657160282135 0 0
653 2 0.14860451221466064 0 0
654 0 0.1491432934999466 0 0
655 0 0.14967025816440582 0 0
656 0 0.15018536150455475 0 0
657 0 0.15068864822387695 0 0
658 0 0.15118008852005005 0 0
659 0 0.15165968239307404 0 0
660 0 0.1521274447441101 0 0
661 0 0.15258336067199707 0 0
662 0 0.15302744507789612 0 0
663 0 0.15345969796180725 0 0
664 0 0.15388010442256927 0 0
665 0 0.1542886644601822 0 0
666 0 0.1546853929758072 0 0
667 0 0.15507028996944427 0 0
668 0 0.1553248018026352 0 0
669 0 0.15568602085113525 0 0
670 0 0.1560353934764862 0 0
671 0 0.15637291967868805 0 0
672 0 0.15669861435890198 0 0
673 0 0.157012477517128 0 0
674 0 0.1573144942522049 0 0
675 0 0.15760467946529388 0 0
676 0 0.15788301825523376 0 0
677 0 0.15814952552318573 0 0
678 0 0.1584041863679886 0 0
679 0 0.15864701569080353 0 0
680 0 0.15887799859046936 0 0
681 0 0.15909714996814728 0 0
682 0 0.1593044549226761 0 0
683 0 0.15949992835521698 0 0
684 2 0.15968355536460876 0 0
685 2 0.1598750799894333 0 0
686 2 0.16007450222969055 0 0
687 2 0.16028180718421936 0 0
688 2 0.1604970097541809 0 0
689 2 0.160720095038414 0 0
690 2 0.16095109283924103 0 0
691 2 0.1611899733543396 0 0
692 2 0.16143673658370972 0 0
693 2 0.16169139742851257 0 0
694 2 0.16195395588874817 0 0
695 2 0.1622244119644165 0 0
696 2 0.16250275075435638 0 0
697 2 0.162788987159729 0 0
698 2 0.16308310627937317 0 0
699 2 0.16338512301445007 0 0
700 2 0.16369503736495972 0 0
701 2 0.1640128493309021 0 0
702 2 0.16433854401111603 0 0
703 2 0.1646721214056015 0 0
704 2 0.1650136113166809 0 0
705 2 0.16536298394203186 0 0
706 2 0.16572025418281555 0 0
707 2 0.1660854071378708 0 0
708 2 0.16645845770835876 0 0
709 2 0.16683940589427948 0 0
710 2 0.16722823679447174 0 0
711 2 0.16774612665176392 0 0
712 2 0.16815601289272308 0 0
713 2 0.1685764193534851 0 0
714 2 0.16900734603405 0 0
715 2 0.16944879293441772 0 0
716 2 0.1699007749557495 0 0
717 2 0.17036327719688416 0 0
718 2 0.17083629965782166 0 0
719 2 0.171319842338562 0 0
720 2 0.17181390523910522 0 0
721 2 0.1723185032606125 0 0
722 2 0.1728336215019226 0 0
723 2 0.17335925996303558 0 0
724 2 0.17389541864395142 0 0
725 2 0.1744421124458313 0 0
726 2 0.17498089373111725 0 0
727 2 0.1755196899175644 0 0
728 2 0.17605848610401154 0 0
729 2 0.17659728229045868 0 0
730 2 0.17713607847690582 0 0
731 2 0.17767485976219177 0 0
732 2 0.17821365594863892 0 0
733 2 0.17875245213508606 0 0
734 2 0.1792912483215332 0 0
735 2 0.17983004450798035 0 0
736 2 0.1803688257932663 0 0
737 2 0.18090762197971344 0 0
738 2 0.18144641816616058 0 0
739 2 0.18198521435260773 0 0
740 2 0.18252401053905487 0 0
741 2 0.18306279182434082 0 0
742 2 0.18360158801078796 0 0
743 2 0.1841403841972351 0 0
744 2 0.18467918038368225 0 0
745 2 0.1852179765701294 0 0
746 2 0.18575675785541534 0 0
747 2 0.1862955540418625 0 0
748 2 0.18683435022830963 0 0
749 2 0.18737314641475677 0 0
750 2 0.18791192770004272 0 0
751 2 0.18845072388648987 0 0
752 2 0.188989520072937 0 0
753 2 0.18952831625938416 0 0
754 18 0.1900671124458313 0 0
755 18 0.19060589373111725 0 0
756 18 0.1911446899175644 0 0
757 18 0.19168348610401154 0 0
758 18 0.19222228229045868 0 0
759 18 0.19276107847690582 0 0
760 18 0.19329985976219177 0 0
761 18 0.19383865594863892 0 0
762 18 0.19437745213508606 0 0
763 18 0.1949162483215332 0 0
764 18 0.19545504450798035 0 0
765 18 0.1959938257932663 0 0
766 18 0.19653262197971344 0 0
767 18 0.19707141816616058 0 0
768 18 0.19761021435260773 0 0
769 18 0.19814901053905487 0 0
770 18 0.19868779182434082 0 0
771 2 0.19922658801078796 0 0
772 2 0.1997653841972351 0 0
773 2 0.20030418038368225 0 0
774 2 0.2008429765701294 0 0
775 2 0.20138175785541534 0 0
776 2 0.2019205540418625 0 0
777 2 0.20245935022830963 0 0
778 2 0.20299814641475677 0 0
779 2 0.20353692770004272 0 0
780 2 0.20407572388648987 0 0
781 0 0.204614520072937 0 0
782 2 0.20514146983623505 0 0
783 2 0.20567895472049713 0 0
784 2 0.20622695982456207 0 0
785 2 0.20676574110984802 0 0
786 2 0.20730453729629517 0 0
787 2 0.2078433334827423 0 0
788 2 0.20838212966918945 0 0
789 2 0.2089209258556366 0 0
790 2 0.20945970714092255 0 0
791 2 0.2099985033273697 0 0
792 2 0.21053729951381683 0 0
793 2 0.21107609570026398 0 0
794 2 0.21161489188671112 0 0
795 2 0.21215367317199707 0 0
796 2 0.2126924693584442 0 0
797 2 0.21323126554489136 0 0
798 2 0.2137700617313385 0 0
799 2 0.21430885791778564 0 0
800 2 0.2148476392030716 0 0
801 2 0.21538643538951874 0 0
802 2 0.21592523157596588 0 0
803 2 0.21646402776241302 0 0
804 2 0.21700280904769897 0 0
805 2 0.21754160523414612 0 0
806 2 0.21808040142059326 0 0
807 2 0.2186191976070404 0 0
808 2 0.21915799379348755 0 0
809 2 0.2196967750787735 0 0
810 2 0.22023557126522064 0 0
811 2 0.22077436745166779 0 0
812 2 0.22131316363811493 0 0
813 2 0.22185195982456207 0 0
814 2 0.22239074110984802 0 0
815 2 0.22292953729629517 0 0
816 18 0.2234683334827423 0 0
817 18 0.22400712966918945 0 0
818 18 0.2245459258556366 0 0
819 18 0.22508470714092255 0 0
820 2 0.2256235033273697 0 0
821 2 0.22616229951381683 0 0
822 2 0.22670109570026398 0 0
823 2 0.22723989188671112 0 0
824 2 0.22777867317199707 0 0
825 2 0.2283174693584442 0 0
826 2 0.22885626554489136 0 0
827 2 0.2293950617313385 0 0
828 0 0.22993385791778564 0 0
829 0 0.23046080768108368 0 0
830 0 0.2309759259223938 0 0
831 0 0.2314791977405548 0 0
832 0 0.2319706380367279 0 0
833 0 0.2324502319097519 0 0
834 0 0.23291799426078796 0 0
835 0 0.23337392508983612 0 0
836 0 0.23381799459457397 0 0
837 0 0.2342502474784851 0 0
838 0 0.23467065393924713 0 0
839 0 0.23507921397686005 0 0
840 2 0.23547594249248505 0 0
841 2 0.2358832061290741 0 0
842 2 0.2363009750843048 0 0
843 2 0.23672927916049957 0 0
844 0 0.237168088555336 0 0
845 0 0.2375950813293457 0 0
846 2 0.2380102276802063 0 0
847 2 0.23843589425086975 0 0
848 2 0.23887208104133606 0 0
849 2 0.23931878805160522 0 0
850 2 0.23977603018283844 0 0
851 2 0.2402437925338745 0 0
852 2 0.24072207510471344 0 0
853 2 0.24121087789535522 0 0
854 2 0.24171021580696106 0 0
855 2 0.24222007393836975 0 0
856 2 0.2427404522895813 0 0
857 2 0.2432713508605957 0 0
858 2 0.24381276965141296 0 0
859 2 0.2443515658378601 0 0
860 2 0.24489036202430725 0 0
861 2 0.2454291582107544 0 0
862 2 0.24596793949604034 0 0
863 2 0.2465067356824875 0 0
864 2 0.24704553186893463 0 0
865 2 0.24758432805538177 0 0
866 2 0.24812310934066772 0 0
867 2 0.24866190552711487 0 0
868 2 0.249200701713562 0 0
869 2 0.24973949790000916 0 0
870 2 0.2502782940864563 0 0
871 2 0.25081709027290344 0 0
872 2 0.2513558864593506 0 0
873 2 0.25189468264579773 0 0
874 2 0.2524334490299225 0 0
875 2 0.25297224521636963 0 0
876 2 0.2535110414028168 0 0
877 2 0.2540498375892639 0 0
878 2 0.25458863377571106 0 0
879 2 0.2551274299621582 0 0
880 2 0.25566622614860535 0 0
881 2 0.2562050223350525 0 0
882 2 0.25674381852149963 0 0
883 2 0.2572825849056244 0 0
884 2 0.25782138109207153 0 0
885 2 0.2583601772785187 0 0
886 2 0.2588989734649658 0 0
887 2 0.25943776965141296 0 0
888 2 0.2599765658378601 0 0
889 2 0.26051536202430725 0 0
890 2 0.2610541582107544 0 0
891 2 0.26159295439720154 0 0
892 2 0.2621317505836487 0 0
893 18 0.26267051696777344 0 0
894 18 0.2632093131542206 0 0
895 18 0.2637481093406677 0 0
896 18 0.26428690552711487 0 0
897 18 0.264825701713562 0 0
898 18 0.26536449790000916 0 0
899 2 0.2659032940864563 0 0
900 2 0.26644209027290344 0 0
901 2 0.2669808864593506 0 0
902 2 0.26751968264579773 0 0
903 2 0.2680584490299225 0 0
904 2 0.26859724521636963 0 0
905 2 0.2691360414028168 0 0
906 2 0.2696748375892639 0 0
907 2 0.27021363377571106 0 0
908 2 0.2707524299621582 0 0
909 2 0.27129122614860535 0 0
910 2 0.2718300223350525 0 0
911 2 0.27236881852149963 0 0
912 2 0.2729075849056244 0 0
913 2 0.27344638109207153 0 0
914 2 0.2739851772785187 0 0
915 2 0.2745239734649658 0 0
916 2 0.27506276965141296 0 0
917 2 0.2756015658378601 0 0
918 2 0.27614036202430725 0 0
919 2 0.2766791582107544 0 0
920 2 0.27721795439720154 0 0
921 2 0.2777567505836487 0 0
922 2 0.27829551696777344 0 0
923 2 0.2788343131542206 0 0
924 2 0.2793731093406677 0 0
925 2 0.27991190552711487 0 0
926 2 0.280450701713562 0 0
927 2 0.28098949790000916 0 0
928 2 0.2815282940864563 0 0
929 2 0.28206709027290344 0 0
930 2 0.2826058864593506 0 0
931 2 0.28314468264579773 0 0
932 2 0.2836834490299225 0 0
933 2 0.28422224521636963 0 0
934 2 0.2847610414028168 0 0
935 2 0.2852998375892639 0 0
936 2 0.28583863377571106 0 0
937 2 0.2863774299621582 0 0
938 2 0.28691622614860535 0 0
939 2 0.2874550223350525 0 0
940 2 0.28799381852149963 0 0
941 2 0.2885325849056244 0 0
942 2 0.28907138109207153 0 0
943 2 0.2896101772785187 0 0
944 18 0.2901489734649658 0 0
945 18 0.29068776965141296 0 0
946 18 0.2912265658378601 0 0
947 18 0.29176536202430725 0 0
948 18 0.2923041582107544 0 0
949 18 0.29284295439720154 0 0
950 18 0.2933817505836487 0 0
951 18 0.29392051696777344 0 0
952 18 0.2944593131542206 0 0
953 18 0.2949981093406677 0 0
954 18 0.29553690552711487 0 0
955 18 0.296075701713562 0 0
956 2 0.29661449790000916 0 0
957 2 0.2971532940864563 0 0
958 2 0.29769209027290344 0 0
959 2 0.2982308864593506 0 0
960 2 0.29876968264579773 0 0
961 2 0.2993084490299225 0 0
962 2 0.29984724521636963 0 0
963 2 0.3003860414028168 0 0
964 0 0.3009248375892639 0 0
965 0 0.30145180225372314 0 0
966 0 0.30196690559387207 0 0
967 0 0.3024701774120331 0 0
968 0 0.3029616177082062 0 0
969 0 0.30344122648239136 0 0
970 0 0.30390897393226624 0 0
971 0 0.3043649196624756 0 0
972 0 0.30480900406837463 0 0
973 0 0.3052412271499634 0 0
974 0 0.3056616485118866 0 0
975 0 0.3060702085494995 0 0
976 0 0.3064669370651245 0 0
977 0 0.3068518340587616 0 0
978 2 0.3071063458919525 0 0
979 2 0.30748727917671204 0 0
980 2 0.3078761100769043 0 0
981 2 0.30839401483535767 0 0
982 2 0.30880388617515564 0 0
983 2 0.30922430753707886 0 0
984 2 0.30965524911880493 0 0
985 2 0.3100966811180115 0 0
986 2 0.31054866313934326 0 0
987 2 0.3110111653804779 0 0
988 2 0.3114841878414154 0 0
989 2 0.31196773052215576 0 0
990 2 0.312461793422699 0 0
991 2 0.31296640634536743 0 0
992 2 0.31348150968551636 0 0
993 2 0.31400713324546814 0 0
994 2 0.31454330682754517 0 0
995 2 0.31509000062942505 0 0
996 2 0.3156287968158722 0 0
997 2 0.31616759300231934 0 0
998 2 0.3167063891887665 0 0
999 2 0.31724515557289124 0 0
1000 18 0.3177839517593384 0 0
1001 18 0.3183227479457855 0 0
1002 18 0.31886154413223267 0 0
1003 18 0.3194003403186798 0 0
1004 18 0.31993913650512695 0 0
1005 18 0.3204779326915741 0 0
1006 2 0.32101672887802124 0 0
1007 2 0.3215555250644684 0 0
1008 0 0.32209429144859314 0 0
1009 0 0.32262125611305237 0 0
1010 0 0.3231363892555237 0 0
1011 0 0.3236396610736847 0 0
1012 0 0.3241311013698578 0 0
1013 0 0.3246106803417206 0 0
1014 1 0.32507845759391785 0 0
1015 1 0.32553043961524963 0 0
1016 1 0.32596662640571594 0 0
1017 1 0.3263870179653168 0 0
1018 1 0.3267916440963745 0 0
1019 1 0.3271804749965668 0 0
1020 0 0.32755354046821594 0 0
1021 0 0.32779619097709656 0 0
1022 0 0.3281455636024475 0 0
1023 0 0.32848310470581055 0 0
1024 0 0.32880881428718567 0 0
1025 0 0.3291226625442505 0 0
1026 0 0.3294246792793274 0 0
1027 0 0.3297148644924164 0 0
1028 0 0.32999318838119507 0 0
1029 0 0.3302597105503082 0 0
1030 0 0.3305143713951111 0 0
1031 0 0.330757200717926 0 0
1032 2 0.33098816871643066 0 0
1033 2 0.33122706413269043 0 0
1034 2 0.33147382736206055 0 0
1035 2 0.3317284882068634 0 0
1036 2 0.331991046667099 0 0
1037 2 0.33226150274276733 0 0
1038 2 0.332539826631546 0 0
1039 2 0.33282607793807983 0 0
1040 2 0.333120197057724 0 0
1041 2 0.3334222137928009 0 0
1042 2 0.33373212814331055 0 0
1043 2 0.33404994010925293 0 0
1044 2 0.33437561988830566 0 0
1045 2 0.3347092270851135 0 0
1046 2 0.33505070209503174 0 0
1047 2 0.3354000747203827 0 0
1048 2 0.3357573449611664 0 0
1049 2 0.3361225128173828 0 0
1050 2 0.3364955484867096 0 0
1051 2 0.3368764817714691 0 0
1052 2 0.33726534247398376 0 0
1053 2 0.33778324723243713 0 0
1054 2 0.3381931185722351 0 0
1055 2 0.33861351013183594 0 0
1056 18 0.339044451713562 0 0
1057 18 0.33948591351509094 0 0
1058 18 0.33993789553642273 0 0
1059 18 0.340400367975235 0 0
1060 18 0.3408733904361725 0 0
1061 18 0.34135696291923523 0 0
1062 18 0.34185102581977844 0 0
1063 18 0.3423556089401245 0 0
1064 18 0.34287071228027344 0 0
1065 18 0.3433963656425476 0 0
1066 18 0.34393253922462463 0 0
1067 18 0.34447920322418213 0 0
1068 2 0.3450179994106293 0 0
1069 2 0.3455567955970764 0 0
1070 2 0.34609559178352356 0 0
1071 2 0.3466343879699707 0 0
1072 2 0.34717318415641785 0 0
1073 0 0.347711980342865 0 0
1074 0 0.34823891520500183 0 0
1075 0 0.34875404834747314 0 0
1076 0 0.34925732016563416 0 0
1077 0 0.34974876046180725 0 0
1078 0 0.35022836923599243 0 0
1079 0 0.3506961166858673 0 0
1080 1 0.3511520326137543 0 0
1081 1 0.35159218311309814 0 0
1082 0 0.35201653838157654 0 0
1083 0 0.35242903232574463 0 0
1084 0 0.3528297245502472 0 0
1085 0 0.35321855545043945 0 0
1086 0 0.3535955548286438 0 0
1087 0 0.353842169046402 0 0
1088 1 0.3541954755783081 0 0
1089 1 0.35453301668167114 0 0
1090 1 0.3548547625541687 0 0
1091 0 0.35516074299812317 0 0
1092 0 0.35545486211776733 0 0
1093 0 0.3557371497154236 0 0
1094 0 0.3560076057910919 0 0
1095 0 0.35626620054244995 0 0
1096 0 0.35651296377182007 0 0
1097 0 0.35674789547920227 0 0
1098 0 0.35697099566459656 0 0
1099 0 0.35718226432800293 0 0
1100 0 0.357381671667099 0 0
1101 0 0.35756924748420715 0 0
1102 0 0.3577449917793274 0 0
1103 0 0.3579089045524597 0 0
1104 0 0.3579089045524597 0 0
1105 0 0.3579089045524597 0 0
1106 0 0.3579089045524597 0 0
1107 0 0.3579089045524597 0 0
1108 2 0.3579089045524597 0 0
1109 2 0.35808515548706055 0 0
1110 2 0.3582693040370941 0 0
1111 2 0.3584613800048828 0 0
1112 2 0.35866132378578186 0 0
1113 2 0.35886913537979126 0 0
1114 2 0.3590848743915558 0 0
1115 2 0.35930848121643066 0 0
1116 2 0.35954001545906067 0 0
1117 2 0.359779417514801 0 0
1118 2 0.3600267171859741 0 0
1119 2 0.36028188467025757 0 0
1120 2 0.36054497957229614 0 0
1121 2 0.36081594228744507 0 0
1122 2 0.3610948324203491 0 0
1123 2 0.3613815903663635 0 0
1124 2 0.36167624592781067 0 0
1125 2 0.36197876930236816 0 0
1126 2 0.3622892200946808 0 0
1127 2 0.36260753870010376 0 0
1128 2 0.36293378472328186 0 0
1129 2 0.3632678985595703 0 0
1130 2 0.3636098802089691 0 0
1131 2 0.36395978927612305 0 0
1132 2 0.3643175959587097 0 0
1133 2 0.36468327045440674 0 0
1134 2 0.3650568425655365 0 0
1135 2 0.365438312292099 0 0
1136 2 0.36582767963409424 0 0
1137 2 0.3663461208343506 0 0
1138 2 0.36675652861595154 0 0
1139 2 0.36717745661735535 0 0
1140 2 0.367608904838562 0 0
1141 2 0.36805087327957153 0 0
1142 2 0.3685033917427063 0 0
1143 2 0.36896640062332153 0 0
1144 2 0.369439959526062 0 0
1145 2 0.36992403864860535 0 0
1146 2 0.37041863799095154 0 0
1147 2 0.3709237575531006 0 0
1148 2 0.3714393973350525 0 0
1149 2 0.37196555733680725 0 0
1150 2 0.37250223755836487 0 0
1151 2 0.37304946780204773 0 0
1152 2 0.3735882341861725 0 0
1153 2 0.37412703037261963 0 0
1154 2 0.3746658265590668 0 0
1155 2 0.3752046227455139 0 0
1156 2 0.37574341893196106 0 0
1157 2 0.3762822151184082 0 0
1158 2 0.37682101130485535 0 0
1159 2 0.3773598074913025 0 0
1160 2 0.37789860367774963 0 0
1161 2 0.3784373700618744 0 0
1162 2 0.37897616624832153 0 0
1163 2 0.3795149624347687 0 0
1164 2 0.3800537586212158 0 0
1165 2 0.38059255480766296 0 0
1166 2 0.3811313509941101 0 0
1167 2 0.38167014718055725 0 0
1168 2 0.3822089433670044 0 0
1169 2 0.38274773955345154 0 0
1170 2 0.3832865357398987 0 0
1171 2 0.38382530212402344 0 0
1172 2 0.3843640983104706 0 0
1173 2 0.3849028944969177 0 0
1174 2 0.38544169068336487 0 0
1175 2 0.385980486869812 0 0
1176 2 0.38651928305625916 0 0
1177 2 0.3870580792427063 0 0
1178 2 0.38759687542915344 0 0
1179 2 0.3881356716156006 0 0
1180 2 0.38867446780204773 0 0
1181 2 0.3892132341861725 0 0
1182 2 0.38975203037261963 0 0
1183 2 0.3902908265590668 0 0
1184 2 0.3908296227455139 0 0
1185 2 0.39136841893196106 0 0
1186 0 0.3919072151184082 0 0
1187 0 0.39243417978286743 0 0
1188 0 0.39294928312301636 0 0
1189 0 0.39345255494117737 0 0
1190 0 0.39394399523735046 0 0
1191 0 0.39442360401153564 0 0
1192 0 0.3948913514614105 0 0
1193 0 0.3953472673892975 0 0
1194 2 0.39579135179519653 0 0
1195 2 0.39624595642089844 0 0
1196 2 0.3967111110687256 0 0
1197 2 0.3971867561340332 0 0
1198 2 0.3976729214191437 0 0
1199 2 0.3975543975830078 0 1
1199 2 0.3975543975830078 0 1
