data/levels/bonus1/abednego-level3.stl
1 16 0.012072917073965073 0 0
2 16 0.012072917073965073 0 0
3 16 0.012072917073965073 0 0
4 16 0.012072917073965073 0 0
5 16 0.012072917073965073 0 0
6 16 0.012072917073965073 0 0
7 16 0.012072917073965073 0 0
8 16 0.012072917073965073 0 0
9 16 0.012072917073965073 0 0
10 16 0.012072917073965073 0 0
11 16 0.012072917073965073 0 0
12 16 0.012072917073965073 0 0
13 0 0.012072917073965073 0 0
14 0 0.012072917073965073 0 0
15 0 0.012072917073965073 0 0
16 0 0.012072917073965073 0 0
17 0 0.012072917073965073 0 0
18 0 0.012072917073965073 0 0
19 2 0.012072917073965073 0 0
20 2 0.012243306264281273 0 0
21 2 0.012421325780451298 0 0
22 2 0.012606974691152573 0 0
23 2 0.012800252065062523 0 0
24 2 0.013001159764826298 0 0
25 2 0.013209696859121323 0 0
26 2 0.013425862416625023 0 0
27 2 0.013649657368659973 0 0
28 2 0.013881082646548748 0 0
29 2 0.014120137318968773 0 0
30 2 0.014366820454597473 0 0
31 2 0.014621133916079998 0 0
32 2 0.014883076772093773 0 0
33 2 0.015152648091316223 0 0
34 2 0.015429849736392498 0 0
35 2 0.015714680776000023 0 0
36 2 0.016007140278816223 0 0
37 2 0.016307229176163673 0 0
38 2 0.016614949330687523 0 0
39 2 0.016930297017097473 0 0
40 2 0.017253274098038673 0 0
41 2 0.017583882436156273 0 0
42 2 0.017922118306159973 0 0
43 2 0.018267983570694923 0 0
44 2 0.018621480092406273 0 0
45 2 0.018982604146003723 0 0
46 2 0.019351357594132423 0 0
47 2 0.019727742299437523 0 0
48 2 0.020228881388902664 0 0
49 2 0.020625609904527664 0 0
50 2 0.021032512187957764 0 0
51 2 0.021449584513902664 0 0
52 2 0.02156229130923748 0 0
53 2 0.02156229130923748 0 0
54 2 0.02156229130923748 0 0
55 2 0.02156229130923748 0 0
56 2 0.02156229130923748 0 0
57 2 0.02156229130923748 0 0
58 2 0.02205057255923748 0 0
59 2 0.02254902757704258 0 0
60 2 0.02305765263736248 0 0
61 2 0.02357645146548748 0 0
62 2 0.02410542406141758 0 0
63 2 0.02462625689804554 0 0
64 2 0.02514708787202835 0 0
65 2 0.02566792257130146 0 0
66 2 0.02618875540792942 0 0
67 2 0.02670958824455738 0 0
68 2 0.02723042108118534 0 0
69 2 0.02775125578045845 0 0
70 2 0.02827208861708641 0 0
71 2 0.02879292145371437 0 0
72 2 0.02931375429034233 0 0
73 2 0.02983458898961544 0 0
74 2 0.0303554218262434 0 0
75 2 0.03087625466287136 0 0
76 2 0.03139708936214447 0 0
77 2 0.03191792219877243 0 0
78 2 0.03243875503540039 0 0
79 2 0.03295958787202835 0 0
80 2 0.03348042070865631 0 0
81 2 0.03400125354528427 0 0
82 2 0.03452209010720253 0 0
83 2 0.03504292294383049 0 0
84 2 0.03556375578045845 0 0
85 2 0.03608458861708641 0 0
86 2 0.03660542145371437 0 0
87 2 0.03712625429034233 0 0
88 2 0.03764708712697029 0 0
89 2 0.03816791996359825 0 0
90 2 0.03868875652551651 0 0
91 2 0.03920958936214447 0 0
92 2 0.03973042219877243 0 0
93 2 0.04025125503540039 0 0
94 2 0.04077208787202835 0 0
95 2 0.04129292070865631 0 0
96 2 0.04181375354528427 0 0
97 2 0.04233459010720253 0 0
98 2 0.04285542294383049 0 0
99 2 0.04337625578045845 0 0
100 2 0.04389708861708641 0 0
101 2 0.04441792145371437 0 0
102 2 0.04493875429034233 0 0
103 2 0.04545958712697029 0 0
104 2 0.04598041996359825 0 0
105 2 0.04650125652551651 0 0
106 2 0.04702208936214447 0 0
107 2 0.04754292219877243 0 0
108 2 0.04806375503540039 0 0
109 22 0.04858458787202835 0 0
110 22 0.04910542070865631 0 0
111 22 0.04962625354528427 0 0
112 22 0.05014709010720253 0 0
113 18 0.05066792294383049 0 0
114 18 0.05118875578045845 0 0
115 18 0.05170958861708641 0 0
116 18 0.05223042145371437 0 0
117 18 0.05275125429034233 0 0
118 18 0.05327208712697029 0 0
119 18 0.05379291996359825 0 0
120 18 0.05431375652551651 0 0
121 18 0.05483458936214447 0 0
122 18 0.05535542219877243 0 0
123 18 0.05587625503540039 0 0
124 18 0.05639708787202835 0 0
125 18 0.05691792070865631 0 0
126 18 0.05743875354528427 0 0
127 18 0.05795959010720253 0 0
128 18 0.05848042294383049 0 0
129 18 0.05900125578045845 0 0
130 18 0.05952208861708641 0 0
131 2 0.06004292145371437 0 0
132 2 0.06056375429034233 0 0
133 2 0.06108458712697029 0 0
134 2 0.06160541996359825 0 0
135 2 0.06212625652551651 0 0
136 2 0.06264708936214447 0 0
137 2 0.06316792219877243 0 0
138 2 0.06368875503540039 0 0
139 2 0.06420958787202835 0 0
140 2 0.06473042070865631 0 0
141 2 0.06525125354528427 0 0
142 2 0.06577208638191223 0 0
143 2 0.06629291921854019 0 0
144 2 0.06681375205516815 0 0
145 2 0.06733458489179611 0 0
146 2 0.06785542517900467 0 0
147 2 0.06837625801563263 0 0
148 2 0.06889709085226059 0 0
149 0 0.06941792368888855 0 0
150 0 0.06992731243371964 0 0
151 0 0.07042525708675385 0 0
152 0 0.07091175764799118 0 0
153 0 0.07138681411743164 0 0
154 0 0.07185042649507523 0 0
155 0 0.07230259478092194 0 0
156 0 0.07274331897497177 0 0
157 0 0.07317259907722473 0 0
158 0 0.07359043508768082 0 0
159 1 0.07399682700634003 0 0
160 1 0.07438796013593674 0 0
161 1 0.07476384192705154 0 0
162 1 0.07512445747852325 0 0
163 1 0.07535522431135178 0 0
164 1 0.07568532228469849 0 0
165 1 0.0760001614689827 0 0
166 1 0.0762997418642044 0 0
167 1 0.07658406347036362 0 0
168 1 0.07685312628746033 0 0
169 1 0.07710693031549454 0 0
170 1 0.07734548300504684 0 0
171 0 0.07756876945495605 0 0
172 0 0.07778061181306839 0 0
173 0 0.07798101007938385 0 0
174 0 0.07816996425390244 0 0
175 0 0.07834747433662415 0 0
176 0 0.07851354032754898 0 0
177 2 0.07866816222667694 0 0
178 2 0.07883854955434799 0 0
179 2 0.07901657372713089 0 0
180 2 0.07920221984386444 0 0
181 18 0.07939549535512924 0 0
182 18 0.07959640771150589 0 0
183 18 0.07980494201183319 0 0
184 18 0.08002110570669174 0 0
185 18 0.08024490624666214 0 0
186 18 0.08047632873058319 0 0
187 18 0.08071538060903549 0 0
188 18 0.08096206933259964 0 0
189 18 0.08121638000011444 0 0
190 18 0.08147832006216049 0 0
191 18 0.08167687803506851 0 0
192 18 0.08167687803506851 0 0
193 18 0.08167687803506851 0 0
194 18 0.08167687803506851 0 0
195 18 0.08167687803506851 0 0
196 18 0.08167687803506851 0 0
197 18 0.08167687803506851 0 0
198 18 0.08167687803506851 0 0
199 18 0.08167687803506851 0 0
200 18 0.08167687803506851 0 0
201 18 0.08167687803506851 0 0
202 18 0.08167687803506851 0 0
203 18 0.08167687803506851 0 0
204 18 0.08167687803506851 0 0
205 18 0.08167687803506851 0 0
206 18 0.08167687803506851 0 0
207 18 0.08188541233539581 0 0
208 18 0.08210158348083496 0 0
209 18 0.08232537657022476 0 0
210 18 0.08255679905414581 0 0
211 18 0.08279585838317871 0 0
212 18 0.08304253965616226 0 0
213 18 0.08329685032367706 0 0
214 18 0.08355879783630371 0 0
215 18 0.08382836729288101 0 0
216 18 0.08410556614398956 0 0
217 18 0.08439040184020996 0 0
218 18 0.08468285948038101 0 0
219 0 0.08498294651508331 0 0
220 0 0.08527159690856934 0 0
221 0 0.08554879575967789 0 0
222 0 0.08581455051898956 0 0
223 0 0.08606886863708496 0 0
224 1 0.08631173521280289 0 0
225 1 0.08653934299945831 0 0
226 1 0.08675169944763184 0 0
227 1 0.08694878965616226 0 0
228 1 0.08713062107563019 0 0
229 1 0.08729720115661621 0 0
230 1 0.08744851499795914 0 0
231 17 0.08727812767028809 0 0
232 17 0.08710010349750519 0 0
233 17 0.08691445738077164 0 0
234 17 0.08672118186950684 0 0
235 17 0.08652026951313019 0 0
236 17 0.08631173521280289 0 0
237 17 0.08609557151794434 0 0
238 17 0.08587177097797394 0 0
239 17 0.08564034849405289 0 0
240 17 0.08540129661560059 0 0
241 17 0.08515460789203644 0 0
242 17 0.08490029722452164 0 0
243 17 0.08463835716247559 0 0
244 17 0.08436878025531769 0 0
245 17 0.08409158140420914 0 0
246 17 0.08380675315856934 0 0
247 17 0.08351428806781769 0 0
248 17 0.08321420103311539 0 0
249 17 0.08290648460388184 0 0
250 17 0.08259113132953644 0 0
251 17 0.08226815611124039 0 0
252 17 0.08193755149841309 0 0
253 17 0.08159931004047394 0 0
254 17 0.08125344663858414 0 0
255 0 0.08089995384216309 0 0
256 0 0.08055789768695831 0 0
257 0 0.08022729307413101 0 0
258 1 0.07990813255310059 0 0
259 1 0.07958133518695831 0 0
260 1 0.07924691587686539 0 0
261 0 0.07890486717224121 0 0
262 0 0.07857425510883331 0 0
263 0 0.07825509458780289 0 0
264 0 0.07794737815856934 0 0
265 0 0.07765109837055206 0 0
266 0 0.07736627012491226 0 0
267 0 0.07709288597106934 0 0
268 0 0.07683093845844269 0 0
269 0 0.07658044248819351 0 0
270 0 0.07634139060974121 0 0
271 0 0.07611377537250519 0 0
272 0 0.07589761167764664 0 0
273 0 0.07569289207458496 0 0
274 0 0.07549960911273956 0 0
275 0 0.07531777769327164 0 0
276 0 0.07514739036560059 0 0
277 2 0.07498843967914581 0 0
278 2 0.07515883445739746 0 0
279 2 0.07533685117959976 0 0
280 2 0.07552249729633331 0 0
281 2 0.07571578025817871 0 0
282 2 0.07591668516397476 0 0
283 18 0.07612521946430206 0 0
284 18 0.07634139060974121 0 0
285 18 0.07656518369913101 0 0
286 18 0.07679660618305206 0 0
287 18 0.07703566551208496 0 0
288 18 0.07728234678506851 0 0
289 18 0.07753665745258331 0 0
290 18 0.07779860496520996 0 0
291 18 0.07806817442178726 0 0
292 18 0.07834537327289581 0 0
293 18 0.07863020896911621 0 0
294 18 0.07892266660928726 0 0
295 18 0.07922275364398956 0 0
296 18 0.07953047752380371 0 0
297 18 0.07984582334756851 0 0
298 18 0.08016879856586456 0 0
299 18 0.08049941062927246 0 0
300 18 0.08083764463663101 0 0
301 18 0.08118350803852081 0 0
302 18 0.08153700828552246 0 0
303 18 0.08189813047647476 0 0
304 18 0.08226688206195831 0 0
305 0 0.08264327049255371 0 0
306 0 0.08312278985977173 0 0
307 0 0.08336170017719269 0 0
308 0 0.08370375633239746 0 0
309 0 0.08403436094522476 0 0
310 0 0.08435352146625519 0 0
311 0 0.08466124534606934 0 0
312 0 0.08495751768350601 0 0
313 0 0.08524234592914581 0 0
314 0 0.08551573753356934 0 0
315 0 0.08577767759561539 0 0
316 0 0.08602817356586456 0 0
317 0 0.08626723289489746 0 0
318 0 0.08649484068155289 0 0
319 0 0.08671100437641144 0 0
320 0 0.08691573143005371 0 0
321 0 0.08710900694131851 0 0
322 0 0.08729083836078644 0 0
323 2 0.08746123313903809 0 0
324 2 0.08763924986124039 0 0
325 2 0.08782489597797394 0 0
326 2 0.08801817893981934 0 0
327 2 0.08821908384561539 0 0
328 2 0.08842761814594269 0 0
329 2 0.08864378929138184 0 0
330 2 0.08886758238077164 0 0
331 2 0.08909900486469269 0 0
332 2 0.08933806419372559 0 0
333 2 0.08958474546670914 0 0
334 2 0.08983905613422394 0 0
335 2 0.09010100364685059 0 0
336 18 0.09037057310342789 0 0
337 18 0.09064777195453644 0 0
338 18 0.09093260765075684 0 0
339 18 0.09122506529092789 0 0
340 18 0.09152515232563019 0 0
341 18 0.09183287620544434 0 0
342 18 0.09214822202920914 0 0
343 18 0.09247119724750519 0 0
344 18 0.09280180931091309 0 0
345 18 0.09314004331827164 0 0
346 18 0.09348590672016144 0 0
347 18 0.09383940696716309 0 0
348 18 0.09420052915811539 0 0
349 18 0.09456928074359894 0 0
350 18 0.09494566917419434 0 0
351 18 0.09544680267572403 0 0
352 18 0.09584353119134903 0 0
353 18 0.09625042974948883 0 0
354 18 0.09666750580072403 0 0
355 18 0.09709475189447403 0 0
356 18 0.09753216803073883 0 0
357 18 0.09797976166009903 0 0
358 18 0.09843752533197403 0 0
359 18 0.09890545904636383 0 0
360 18 0.09938357025384903 0 0
361 18 0.09987185150384903 0 0
362 18 0.10037030279636383 0 0
363 18 0.10087893158197403 0 0
364 18 0.10139773041009903 0 0
365 18 0.10192669928073883 0 0
366 18 0.10244753211736679 0 0
367 18 0.10296836495399475 0 0
368 18 0.10348920524120331 0 0
369 18 0.10401003807783127 0 0
370 18 0.10453087091445923 0 0
371 18 0.10505170375108719 0 0
372 18 0.10557253658771515 0 0
373 18 0.10609336942434311 0 0
374 18 0.10661420226097107 0 0
375 18 0.10713503509759903 0 0
376 18 0.10765586793422699 0 0
377 18 0.10817670077085495 0 0
378 18 0.10869753360748291 0 0
379 18 0.10921836644411087 0 0
380 18 0.10973919928073883 0 0
381 18 0.11026003211736679 0 0
382 18 0.11078086495399475 0 0
383 18 0.11130170524120331 0 0
384 18 0.11182253807783127 0 0
385 18 0.11234337091445923 0 0
386 18 0.11286420375108719 0 0
387 18 0.11338503658771515 0 0
388 18 0.11390586942434311 0 0
389 2 0.11442670226097107 0 0
390 0 0.11494753509759903 0 0
391 0 0.11545692384243011 0 0
392 0 0.11595486849546432 0 0
393 0 0.11644136905670166 0 0
394 0 0.11691642552614212 0 0
395 0 0.1173800379037857 0 0
396 0 0.11783220618963242 0 0
397 0 0.11827293038368225 0 0
398 0 0.11870221793651581 0 0
399 0 0.1191200539469719 0 0
400 0 0.1195264458656311 0 0
401 0 0.11992139369249344 0 0
402 0 0.1203048974275589 0 0
403 0 0.12067695707082748 0 0
404 0 0.1209229901432991 0 0
405 0 0.12127216160297394 0 0
406 0 0.1216098889708519 0 0
407 0 0.12193617224693298 0 0
408 0 0.1222510114312172 0 0
409 0 0.12255441397428513 0 0
410 0 0.12284636497497559 0 0
411 0 0.12312687188386917 0 0
412 0 0.12339593470096588 0 0
413 0 0.12365355342626572 0 0
414 0 0.12389972805976868 0 0
415 0 0.12413445860147476 0 0
416 0 0.12435774505138397 0 0
417 0 0.12456958740949631 0 0
418 0 0.12476998567581177 0 0
419 0 0.12495893985033035 0 0
420 0 0.12513644993305206 0 0
421 0 0.1253025233745575 0 0
422 0 0.12545713782310486 0 0
423 0 0.12560032308101654 0 0
424 0 0.12573204934597015 0 0
425 0 0.12585234642028809 0 0
426 0 0.12596118450164795 0 0
427 0 0.12605859339237213 0 0
428 0 0.12614454329013824 0 0
429 0 0.12621906399726868 0 0
430 0 0.12628212571144104 0 0
431 0 0.12628212571144104 0 1
431 0 0.12628212571144104 0 1
