data/levels/world2/Mouldy_Grotto.stl
1 0 0.022484373301267624 0 0
2 0 0.022484373301267624 0 0
3 0 0.022484373301267624 0 0
4 0 0.022484373301267624 0 0
5 0 0.022484373301267624 0 0
6 0 0.022484373301267624 0 0
7 0 0.022484373301267624 0 0
8 0 0.022484373301267624 0 0
9 0 0.022484373301267624 0 0
10 0 0.022484373301267624 0 0
11 0 0.022484373301267624 0 0
12 0 0.022484373301267624 0 0
13 0 0.022484373301267624 0 0
14 0 0.022484373301267624 0 0
15 0 0.022484373301267624 0 0
16 2 0.022484373301267624 0 0
17 2 0.0227399580180645 0 0
18 2 0.02300698682665825 0 0
19 2 0.023285459727048874 0 0
20 2 0.023575376719236374 0 0
21 2 0.02387673780322075 0 0
22 2 0.024189542979002 0 0
23 2 0.024513792246580124 0 0
24 2 0.024849485605955124 0 0
25 2 0.025196623057127 0 0
26 2 0.02555520460009575 0 0
27 2 0.025925230234861374 0 0
28 2 0.026306699961423874 0 0
29 2 0.02669961377978325 0 0
30 2 0.0271039716899395 0 0
31 2 0.027519773691892624 0 0
32 2 0.027947019785642624 0 0
33 2 0.0283857099711895 0 0
34 2 0.02883584424853325 0 0
35 2 0.029297422617673874 0 0
36 2 0.029770445078611374 0 0
37 2 0.03025491163134575 0 0
38 2 0.030750822275877 0 0
39 2 0.031258177012205124 0 0
40 2 0.031776975840330124 0 0
41 2 0.032307218760252 0 0
42 2 0.03284890577197075 0 0
43 2 0.033402036875486374 0 0
44 2 0.033966612070798874 0 0
45 2 0.03471832349896431 0 0
46 2 0.03531341627240181 0 0
47 2 0.03592376783490181 0 0
48 2 0.03654937818646431 0 0
49 2 0.03719024732708931 0 0
50 2 0.03784637525677681 0 0
51 2 0.03851776197552681 0 0
52 2 0.03920440748333931 0 0
53 2 0.03990631178021431 0 0
54 2 0.04062347486615181 0 0
55 2 0.04135589674115181 0 0
56 2 0.04210357740521431 0 0
57 2 0.04286651685833931 0 0
58 2 0.04364471510052681 0 0
59 2 0.04443817213177681 0 0
60 2 0.04521942138671875 0 0
61 2 0.04600067064166069 0 0
62 2 0.04678191989660263 0 0
63 2 0.04756317287683487 0 0
64 2 0.04834442213177681 0 0
65 2 0.04912567138671875 0 0
66 2 0.04990692064166069 0 0
67 2 0.05068816989660263 0 0
68 2 0.05146942287683487 0 0
69 2 0.05225067213177681 0 0
70 2 0.05303192138671875 0 0
71 2 0.05381317064166069 0 0
72 2 0.05459441989660263 0 0
73 2 0.05537567287683487 0 0
74 2 0.05615692213177681 0 0
75 2 0.05693817138671875 0 0
76 2 0.05771942064166069 0 0
77 2 0.05850066989660263 0 0
78 2 0.05928192287683487 0 0
79 2 0.06006317213177681 0 0
80 2 0.06084442138671875 0 0
81 2 0.06162567064166069 0 0
82 2 0.06240691989660263 0 0
83 2 0.06318817287683487 0 0
84 2 0.06396941840648651 0 0
85 2 0.06475067138671875 0 0
86 2 0.06553192436695099 0 0
87 2 0.06631316989660263 0 0
88 2 0.06709442287683487 0 0
89 2 0.06787566840648651 0 0
90 2 0.06865692138671875 0 0
91 2 0.06943817436695099 0 0
92 2 0.07021941989660263 0 0
93 2 0.07100067287683487 0 0
94 2 0.07178191840648651 0 0
95 2 0.07256317138671875 0 0
96 2 0.07334442436695099 0 0
97 2 0.07412566989660263 0 0
98 2 0.07490692287683487 0 0
99 2 0.07568816840648651 0 0
100 2 0.07646942138671875 0 0
101 2 0.07725067436695099 0 0
102 2 0.07803191989660263 0 0
103 2 0.07881317287683487 0 0
104 2 0.07959441840648651 0 0
105 2 0.08037567138671875 0 0
106 2 0.08115692436695099 0 0
107 2 0.08193816989660263 0 0
108 2 0.08271942287683487 0 0
109 2 0.08350066840648651 0 0
110 2 0.08428192138671875 0 0
111 2 0.08506317436695099 0 0
112 2 0.08584441989660263 0 0
113 2 0.08662567287683487 0 0
114 2 0.08740691840648651 0 0
115 2 0.08818817138671875 0 0
116 2 0.08896942436695099 0 0
117 2 0.08975066989660263 0 0
118 2 0.09053192287683487 0 0
119 2 0.09131316840648651 0 0
120 2 0.09209442138671875 0 0
121 2 0.09287567436695099 0 0
122 2 0.09365691989660263 0 0
123 2 0.09443817287683487 0 0
124 2 0.09521941840648651 0 0
125 2 0.09600067138671875 0 0
126 2 0.09678192436695099 0 0
127 2 0.09756316989660263 0 0
128 2 0.09834442287683487 0 0
129 2 0.09912566840648651 0 0
130 2 0.09990692138671875 0 0
131 2 0.10068817436695099 0 0
132 0 0.10146941989660263 0 0
133 0 0.10223350673913956 0 0
134 0 0.10298041999340057 0 0
135 0 0.10371017456054688 0 0
136 0 0.10442276298999786 0 0
137 0 0.10511817783117294 0 0
138 0 0.1057964339852333 0 0
139 0 0.10645751655101776 0 0
140 0 0.1071014404296875 0 0
141 0 0.10772819817066193 0 0
142 0 0.10833778232336044 0 0
143 0 0.10893020778894424 0 0
144 1 0.10950545966625214 0 0
145 1 0.11005783081054688 0 0
146 1 0.11041543632745743 0 0
147 1 0.11092203110456467 0 0
148 1 0.11140573769807816 0 0
149 1 0.1118665486574173 0 0
150 1 0.11230447888374329 0 0
151 1 0.11271951347589493 0 0
152 1 0.11311166733503342 0 0
153 1 0.11348093301057816 0 0
154 1 0.11382730305194855 0 0
155 1 0.11415079236030579 0 0
156 1 0.11445138603448868 0 0
157 1 0.11472909897565842 0 0
158 1 0.1149839237332344 0 0
159 1 0.11521585285663605 0 0
160 1 0.11496026813983917 0 0
161 1 0.11469323933124542 0 0
162 1 0.1144147664308548 0 0
163 1 0.1141248494386673 0 0
164 1 0.11382348835468292 0 0
165 1 0.11351068317890167 0 0
166 1 0.11318643391132355 0 0
167 1 0.11285074055194855 0 0
168 1 0.11250360310077667 0 0
169 1 0.11214502155780792 0 0
170 1 0.1117749959230423 0 0
171 0 0.1113935261964798 0 0
172 0 0.11102922260761261 0 0
173 0 0.11068208515644073 0 0
174 2 0.11035211384296417 0 0
175 2 0.11004503071308136 0 0
176 2 0.1097608357667923 0 0
177 2 0.10949952900409698 0 0
178 2 0.10926111042499542 0 0
179 2 0.1095166951417923 0 0
180 2 0.10978372395038605 0 0
181 2 0.11006219685077667 0 0
182 2 0.11035211384296417 0 0
183 2 0.11065347492694855 0 0
184 2 0.1109662801027298 0 0
185 2 0.11129052937030792 0 0
186 2 0.11162622272968292 0 0
187 2 0.1119733601808548 0 0
188 2 0.11233194172382355 0 0
189 2 0.11270196735858917 0 0
190 2 0.11308343708515167 0 0
191 2 0.11347635090351105 0 0
192 2 0.1138807088136673 0 0
193 2 0.11429651081562042 0 0
194 2 0.11472375690937042 0 0
195 2 0.1151624470949173 0 0
196 2 0.11561258137226105 0 0
197 2 0.11607415974140167 0 0
198 2 0.11654718220233917 0 0
199 2 0.11703164875507355 0 0
200 2 0.1175275593996048 0 0
201 2 0.11803491413593292 0 0
202 2 0.11855371296405792 0 0
203 2 0.1190839558839798 0 0
204 2 0.11962564289569855 0 0
205 2 0.12017877399921417 0 0
206 2 0.12074334919452667 0 0
207 2 0.12149505317211151 0 0
208 2 0.12209014594554901 0 0
209 2 0.12270049750804901 0 0
210 2 0.12332610785961151 0 0
211 2 0.12396697700023651 0 0
212 2 0.12462310492992401 0 0
213 2 0.125294491648674 0 0
214 2 0.1259811371564865 0 0
215 2 0.1266830414533615 0 0
216 2 0.127400204539299 0 0
217 2 0.128132626414299 0 0
218 2 0.1288803070783615 0 0
219 2 0.1296432465314865 0 0
220 2 0.130421444773674 0 0
221 2 0.131214901804924 0 0
222 2 0.13199615478515625 0 0
223 2 0.1327774077653885 0 0
224 2 0.13355866074562073 0 0
225 2 0.13433989882469177 0 0
226 2 0.135121151804924 0 0
227 2 0.13590240478515625 0 0
228 2 0.1366836577653885 0 0
229 2 0.13746491074562073 0 0
230 2 0.13824614882469177 0 0
231 2 0.139027401804924 0 0
232 2 0.13980865478515625 0 0
233 2 0.1405899077653885 0 0
234 2 0.14137116074562073 0 0
235 2 0.14215239882469177 0 0
236 2 0.142933651804924 0 0
237 2 0.14371490478515625 0 0
238 2 0.1444961577653885 0 0
239 2 0.14527741074562073 0 0
240 18 0.14605864882469177 0 0
241 18 0.146839901804924 0 0
242 18 0.1473434418439865 0 0
243 18 0.1473434418439865 0 0
244 18 0.14812467992305756 0 0
245 18 0.1489059329032898 0 0
246 2 0.14968718588352203 0 0
247 2 0.15046843886375427 0 0
248 2 0.1512496918439865 0 0
249 2 0.15203092992305756 0 0
250 2 0.1528121829032898 0 0
251 2 0.15359343588352203 0 0
252 2 0.15437468886375427 0 0
253 2 0.1551559418439865 0 0
254 2 0.15593717992305756 0 0
255 2 0.1567184329032898 0 0
256 2 0.15749970078468323 0 0
257 2 0.15828093886375427 0 0
258 2 0.1590621918439865 0 0
259 2 0.15984344482421875 0 0
260 2 0.160624697804451 0 0
261 2 0.16140595078468323 0 0
262 2 0.16218718886375427 0 0
263 2 0.1629684418439865 0 0
264 2 0.16374969482421875 0 0
265 2 0.164530947804451 0 0
266 2 0.16531220078468323 0 0
267 2 0.16609343886375427 0 0
268 2 0.1668746918439865 0 0
269 2 0.16765594482421875 0 0
270 2 0.168437197804451 0 0
271 2 0.16921845078468323 0 0
272 2 0.16999968886375427 0 0
273 2 0.1707809418439865 0 0
274 18 0.17156219482421875 0 0
275 18 0.172343447804451 0 0
276 18 0.172343447804451 0 0
277 18 0.172343447804451 0 0
278 18 0.17312470078468323 0 0
279 18 0.17390593886375427 0 0
280 18 0.1746871918439865 0 0
281 18 0.17546844482421875 0 0
282 18 0.176249697804451 0 0
283 18 0.17703095078468323 0 0
284 18 0.1773434430360794 0 0
285 18 0.1773434430360794 0 0
286 18 0.1773434430360794 0 0
287 18 0.1773434430360794 0 0
288 18 0.17812469601631165 0 0
289 18 0.17890594899654388 0 0
290 18 0.17968720197677612 0 0
291 18 0.18046844005584717 0 0
292 2 0.1812496930360794 0 0
293 2 0.18203094601631165 0 0
294 2 0.18281219899654388 0 0
295 2 0.18359345197677612 0 0
296 2 0.18437469005584717 0 0
297 2 0.1851559430360794 0 0
298 2 0.18593719601631165 0 0
299 2 0.18671844899654388 0 0
300 2 0.18749970197677612 0 0
301 2 0.18828094005584717 0 0
302 2 0.1890621930360794 0 0
303 2 0.18984344601631165 0 0
304 2 0.19062469899654388 0 0
305 2 0.19140595197677612 0 0
306 2 0.19218719005584717 0 0
307 2 0.1929684430360794 0 0
308 2 0.19374969601631165 0 0
309 2 0.19453094899654388 0 0
310 2 0.19531220197677612 0 0
311 2 0.19609344005584717 0 0
312 2 0.1968746930360794 0 0
313 2 0.19765594601631165 0 0
314 2 0.19843719899654388 0 0
315 2 0.19921845197677612 0 0
316 2 0.19999969005584717 0 0
317 2 0.2007809430360794 0 0
318 2 0.20156219601631165 0 0
319 2 0.20234344899654388 0 0
320 18 0.20312470197677612 0 0
321 18 0.20390594005584717 0 0
322 18 0.2046871930360794 0 0
323 18 0.20546844601631165 0 0
324 18 0.20624969899654388 0 0
325 18 0.20703095197677612 0 0
326 2 0.20781219005584717 0 0
327 2 0.2085934430360794 0 0
328 2 0.20937469601631165 0 0
329 2 0.21015594899654388 0 0
330 2 0.21093720197677612 0 0
331 2 0.21171844005584717 0 0
332 0 0.2124996930360794 0 0
333 0 0.21326377987861633 0 0
334 0 0.21401070058345795 0 0
335 0 0.21474045515060425 0 0
336 0 0.21545302867889404 0 0
337 0 0.21614845097064972 0 0
338 0 0.21682670712471008 0 0
339 0 0.21748779714107513 0 0
340 0 0.21813172101974487 0 0
341 0 0.2187584638595581 0 0
342 0 0.21936805546283722 0 0
343 0 0.21996048092842102 0 0
344 0 0.2205357402563095 0 0
345 0 0.22109383344650269 0 0
346 0 0.22146287560462952 0 0
347 0 0.22198663651943207 0 0
348 0 0.2224932312965393 0 0
349 0 0.22298265993595123 0 0
350 0 0.22345490753650665 0 0
351 0 0.22391000390052795 0 0
352 1 0.22434793412685394 0 0
353 1 0.22476297616958618 0 0
354 1 0.22515513002872467 0 0
355 1 0.22552438080310822 0 0
356 1 0.2258707582950592 0 0
357 0 0.22619424760341644 0 0
358 0 0.22650057077407837 0 0
359 0 0.22678972780704498 0 0
360 0 0.2270617038011551 0 0
361 0 0.22731652855873108 0 0
362 0 0.22755418717861176 0 0
363 0 0.22777467966079712 0 0
364 0 0.22797800600528717 0 0
365 0 0.22816415131092072 0 0
366 0 0.22816415131092072 0 0
367 0 0.22816415131092072 0 0
368 0 0.22816415131092072 0 0
369 0 0.22816415131092072 0 0
370 0 0.22816415131092072 0 0
371 0 0.22816415131092072 0 0
372 0 0.22816415131092072 0 0
373 0 0.22816415131092072 0 0
374 0 0.22816415131092072 0 0
375 0 0.22816415131092072 0 0
376 0 0.22816415131092072 0 0
377 0 0.22816415131092072 0 0
378 1 0.22816415131092072 0 0
379 1 0.22790856659412384 0 0
380 0 0.2276415377855301 0 0
381 0 0.22739167511463165 0 0
382 1 0.22715897858142853 0 0
383 1 0.22690339386463165 0 0
384 0 0.2266363650560379 0 0
385 0 0.22638650238513947 0 0
386 0 0.22615380585193634 0 0
387 0 0.22615380585193634 0 0
388 1 0.22615380585193634 0 0
389 1 0.22589822113513947 0 0
390 0 0.22563119232654572 0 0
391 0 0.22538132965564728 0 0
392 0 0.22514863312244415 0 0
393 0 0.22514863312244415 0 0
394 0 0.22514863312244415 0 0
395 0 0.22514863312244415 0 0
396 1 0.22514863312244415 0 0
397 1 0.22489304840564728 0 0
398 0 0.22462601959705353 0 0
399 0 0.2243761569261551 0 0
400 0 0.22414346039295197 0 0
401 0 0.22414346039295197 0 0
402 0 0.22414346039295197 0 0
403 0 0.22414346039295197 0 0
404 0 0.22414346039295197 0 0
405 0 0.22414346039295197 0 0
406 0 0.22414346039295197 0 0
407 0 0.22414346039295197 0 0
408 0 0.22414346039295197 0 0
409 0 0.22414346039295197 0 0
410 0 0.22414346039295197 0 0
411 0 0.22414346039295197 0 0
412 0 0.22414346039295197 0 0
413 0 0.22414346039295197 0 0
414 0 0.22414346039295197 0 0
415 0 0.22414346039295197 0 0
416 0 0.22414346039295197 0 0
417 0 0.22414346039295197 0 0
418 0 0.22414346039295197 0 0
419 0 0.22414346039295197 0 0
420 0 0.22414346039295197 0 0
421 0 0.22414346039295197 0 0
422 0 0.22414346039295197 0 0
423 0 0.22414346039295197 0 0
424 0 0.22414346039295197 0 0
425 0 0.22414346039295197 0 0
426 0 0.22414346039295197 0 0
427 0 0.22414346039295197 0 0
428 0 0.22414346039295197 0 0
429 0 0.22414346039295197 0 0
430 0 0.22414346039295197 0 0
431 0 0.22414346039295197 0 0
432 0 0.22414346039295197 0 0
433 0 0.22414346039295197 0 0
434 0 0.22414346039295197 0 0
435 0 0.22414346039295197 0 0
436 0 0.22414346039295197 0 0
437 0 0.22414346039295197 0 0
438 0 0.22414346039295197 0 0
439 0 0.22414346039295197 0 0
440 0 0.22414346039295197 0 0
441 0 0.22414346039295197 0 0
442 0 0.22414346039295197 0 0
443 0 0.22414346039295197 0 0
444 0 0.22414346039295197 0 0
445 0 0.22414346039295197 0 0
446 0 0.22414346039295197 0 0
447 0 0.22414346039295197 0 0
448 0 0.22414346039295197 0 0
449 0 0.22414346039295197 0 0
450 0 0.22414346039295197 0 0
451 0 0.22414346039295197 0 0
452 0 0.22414346039295197 0 0
453 0 0.22414346039295197 0 0
454 0 0.22414346039295197 0 0
455 0 0.22414346039295197 0 0
456 0 0.22414346039295197 0 0
457 0 0.22414346039295197 0 0
458 0 0.22414346039295197 0 0
459 0 0.22414346039295197 0 0
460 0 0.22414346039295197 0 0
461 0 0.22414346039295197 0 0
462 0 0.22414346039295197 0 0
463 0 0.22414346039295197 0 0
464 0 0.22414346039295197 0 0
465 0 0.22414346039295197 0 0
466 0 0.22414346039295197 0 0
467 0 0.22414346039295197 0 0
468 0 0.22414346039295197 0 0
469 0 0.22414346039295197 0 0
470 0 0.22414346039295197 0 0
471 0 0.22414346039295197 0 0
472 0 0.22414346039295197 0 0
473 0 0.22414346039295197 0 0
474 0 0.22414346039295197 0 0
475 0 0.22414346039295197 0 0
476 0 0.22414346039295197 0 0
477 0 0.22414346039295197 0 0
478 0 0.22414346039295197 0 0
479 0 0.22414346039295197 0 0
480 0 0.22414346039295197 0 0
481 0 0.22414346039295197 0 0
482 0 0.22414346039295197 0 0
483 0 0.22414346039295197 0 0
484 0 0.22414346039295197 0 0
485 0 0.22414346039295197 0 0
486 0 0.22414346039295197 0 0
487 0 0.22414346039295197 0 0
488 0 0.22414346039295197 0 0
489 0 0.22414346039295197 0 0
490 0 0.22414346039295197 0 0
491 0 0.22414346039295197 0 0
492 0 0.22414346039295197 0 0
493 0 0.22414346039295197 0 0
494 0 0.22414346039295197 0 0
495 2 0.22414346039295197 0 0
496 2 0.22439904510974884 0 0
497 2 0.2246660739183426 0 0
498 2 0.22494454681873322 0 0
499 2 0.22523446381092072 0 0
500 2 0.2255358248949051 0 0
501 2 0.22584863007068634 0 0
502 2 0.22617287933826447 0 0
503 2 0.22650857269763947 0 0
504 2 0.22685571014881134 0 0
505 2 0.2272142916917801 0 0
506 2 0.22758431732654572 0 0
507 2 0.22796578705310822 0 0
508 2 0.2283587008714676 0 0
509 2 0.22876305878162384 0 0
510 2 0.22917886078357697 0 0
511 2 0.22960610687732697 0 0
512 18 0.23004479706287384 0 0
513 18 0.2304949313402176 0 0
514 18 0.23095650970935822 0 0
515 18 0.23142953217029572 0 0
516 18 0.2319139987230301 0 0
517 18 0.23240990936756134 0 0
518 18 0.23291726410388947 0 0
519 18 0.23343606293201447 0 0
520 18 0.23396630585193634 0 0
521 18 0.2345079928636551 0 0
522 18 0.23506112396717072 0 0
523 18 0.23562569916248322 0 0
524 18 0.23637741804122925 0 0
525 18 0.23697251081466675 0 0
526 18 0.23758286237716675 0 0
527 18 0.23820847272872925 0 0
528 18 0.23884934186935425 0 0
529 18 0.23950546979904175 0 0
530 18 0.24017685651779175 0 0
531 18 0.24086350202560425 0 0
532 18 0.24156540632247925 0 0
533 18 0.24228256940841675 0 0
534 18 0.24301499128341675 0 0
535 18 0.24376267194747925 0 0
536 18 0.24452561140060425 0 0
537 18 0.24530380964279175 0 0
538 18 0.24609726667404175 0 0
539 18 0.2468785047531128 0 0
540 18 0.24765975773334503 0 0
541 18 0.24844101071357727 0 0
542 2 0.2492222636938095 0 0
543 2 0.25000351667404175 0 0
544 2 0.2507847547531128 0 0
545 2 0.2515660226345062 0 0
546 2 0.25234344601631165 0 0
547 2 0.2524271607398987 0 0
548 2 0.2525153160095215 0 0
549 2 0.2525153160095215 0 0
550 2 0.2525153160095215 0 0
551 2 0.2525153160095215 0 0
552 18 0.2525153160095215 0 0
553 18 0.2525153160095215 0 0
554 18 0.2525153160095215 0 0
555 18 0.2525153160095215 0 0
556 18 0.2525153160095215 0 0
557 18 0.25281667709350586 0 0
558 18 0.2531294822692871 0 0
559 18 0.25345373153686523 0 0
560 18 0.25378942489624023 0 0
561 18 0.2541365623474121 0 0
562 18 0.25449514389038086 0 0
563 18 0.2548651695251465 0 0
564 18 0.255246639251709 0 0
565 18 0.25563955307006836 0 0
566 18 0.2560439109802246 0 0
567 18 0.25645971298217773 0 0
568 18 0.25688695907592773 0 0
569 18 0.2573256492614746 0 0
570 18 0.25777578353881836 0 0
571 18 0.258237361907959 0 0
572 18 0.2587103843688965 0 0
573 18 0.25919485092163086 0 0
574 18 0.2596907615661621 0 0
575 18 0.26019811630249023 0 0
576 18 0.26071691513061523 0 0
577 18 0.2612471580505371 0 0
578 18 0.26178884506225586 0 0
579 18 0.2623419761657715 0 0
580 18 0.262906551361084 0 0
581 18 0.2636582553386688 0 0
582 18 0.2642533481121063 0 0
583 18 0.2648636996746063 0 0
584 18 0.2654893100261688 0 0
585 18 0.2661301791667938 0 0
586 18 0.2667863070964813 0 0
587 18 0.2674576938152313 0 0
588 18 0.2681443393230438 0 0
589 18 0.2688462436199188 0 0
590 18 0.2695634067058563 0 0
591 18 0.2702958285808563 0 0
592 18 0.2710435092449188 0 0
593 18 0.2718064486980438 0 0
594 18 0.2725846469402313 0 0
595 18 0.2733781039714813 0 0
596 18 0.27415934205055237 0 0
597 18 0.2749406099319458 0 0
598 18 0.27572184801101685 0 0
599 18 0.2765031158924103 0 0
600 18 0.2772843539714813 0 0
601 18 0.27806559205055237 0 0
602 18 0.2788468599319458 0 0
603 18 0.27962809801101685 0 0
604 2 0.2804093658924103 0 0
605 2 0.2811906039714813 0 0
606 2 0.28197184205055237 0 0
607 2 0.2827531099319458 0 0
608 2 0.28353434801101685 0 0
609 2 0.2843156158924103 0 0
610 2 0.2850968539714813 0 0
611 2 0.28587809205055237 0 0
612 2 0.2866593599319458 0 0
613 2 0.28744059801101685 0 0
614 2 0.2882218658924103 0 0
615 2 0.2890031039714813 0 0
616 2 0.28978434205055237 0 0
617 2 0.2905656099319458 0 0
618 2 0.29134684801101685 0 0
619 2 0.2921281158924103 0 0
620 2 0.2923434376716614 0 0
621 2 0.2924271523952484 0 0
622 2 0.2925153076648712 0 0
623 0 0.2925153076648712 0 0
624 0 0.2925153076648712 0 0
625 0 0.2925153076648712 0 0
626 0 0.2925153076648712 0 0
627 0 0.2925153076648712 0 0
628 0 0.2925153076648712 0 0
629 0 0.2925153076648712 0 0
630 0 0.2925153076648712 0 0
631 1 0.2925153076648712 0 0
632 1 0.29225972294807434 0 0
633 1 0.2919926941394806 0 0
634 1 0.29171422123908997 0 0
635 1 0.29142430424690247 0 0
636 1 0.2911229431629181 0 0
637 1 0.29081013798713684 0 0
638 1 0.2904858887195587 0 0
639 1 0.2901501953601837 0 0
640 1 0.28980305790901184 0 0
641 1 0.2894444763660431 0 0
642 1 0.28907445073127747 0 0
643 1 0.28869298100471497 0 0
644 1 0.2883000671863556 0 0
645 1 0.28789570927619934 0 0
646 1 0.2874799072742462 0 0
647 1 0.2870526611804962 0 0
648 17 0.28661397099494934 0 0
649 17 0.2861638367176056 0 0
650 17 0.28570225834846497 0 0
651 17 0.28522923588752747 0 0
652 17 0.2847447693347931 0 0
653 17 0.28424885869026184 0 0
654 17 0.2837415039539337 0 0
655 17 0.2832227051258087 0 0
656 17 0.28269246220588684 0 0
657 17 0.2821507751941681 0 0
658 17 0.28159764409065247 0 0
659 17 0.28103306889533997 0 0
660 17 0.2806251049041748 0 0
661 17 0.2800300121307373 0 0
662 17 0.2794196605682373 0 0
663 17 0.2787940502166748 0 0
664 17 0.2781531810760498 0 0
665 17 0.2774970531463623 0 0
666 17 0.2768256664276123 0 0
667 17 0.2761390209197998 0 0
668 17 0.2754371166229248 0 0
669 17 0.2747199535369873 0 0
670 17 0.2739875316619873 0 0
671 17 0.2732398509979248 0 0
672 17 0.2724769115447998 0 0
673 17 0.2716987133026123 0 0
674 17 0.2709052562713623 0 0
675 17 0.27012401819229126 0 0
676 1 0.2693427801132202 0 0
677 1 0.2685615122318268 0 0
678 1 0.26778027415275574 0 0
679 1 0.2669990062713623 0 0
680 1 0.26621776819229126 0 0
681 1 0.2654365301132202 0 0
682 17 0.2646552622318268 0 0
683 17 0.26387402415275574 0 0
684 17 0.2630927562713623 0 0
685 17 0.26231151819229126 0 0
686 17 0.2615302801132202 0 0
687 17 0.2607490122318268 0 0
688 17 0.25996777415275574 0 0
689 17 0.2595710754394531 0 1
689 17 0.2595710754394531 0 1
