data/levels/bonus2/level15.stl
1 1 0.009991071186959743 0 0
2 1 0.00999125000089407 0 0
3 1 0.00999125000089407 0 0
4 1 0.00999125000089407 0 0
5 1 0.00999125000089407 0 0
6 1 0.00999125000089407 0 0
7 1 0.00999125000089407 0 0
8 1 0.00999125000089407 0 0
9 1 0.00999125000089407 0 0
10 1 0.00999125000089407 0 0
11 0 0.00999125000089407 0 0
12 0 0.00999125000089407 0 0
13 0 0.00999125000089407 0 0
14 0 0.00999125000089407 0 0
15 0 0.00999125000089407 0 0
16 0 0.00999125000089407 0 0
17 2 0.00999125000089407 0 0
18 2 0.01013729814440012 0 0
19 2 0.01028988603502512 0 0
20 2 0.01044901367276907 0 0
21 2 0.010614680126309395 0 0
22 2 0.010786887258291245 0 0
23 2 0.010965632274746895 0 0
24 2 0.01115091796964407 0 0
25 2 0.01134274248033762 0 0
26 2 0.011541107669472694 0 0
27 2 0.011746011674404144 0 0
28 2 0.01195745449513197 0 0
29 2 0.012175437062978745 0 0
30 2 0.01239995937794447 0 0
31 2 0.012631021440029144 0 0
32 2 0.012868622317910194 0 0
33 2 0.013112762942910194 0 0
34 2 0.013363443315029144 0 0
35 2 0.01362066250294447 0 0
36 2 0.013884421437978745 0 0
37 2 0.01415472012013197 0 0
38 2 0.014431558549404144 0 0
39 2 0.014714935794472694 0 0
40 2 0.015004852786660194 0 0
41 2 0.015301309525966644 0 0
42 2 0.01560430508106947 0 0
43 2 0.015913840383291245 0 0
44 2 0.016229916363954544 0 0
45 2 0.016552530229091644 0 0
46 2 0.016982076689600945 0 0
47 18 0.017322130501270294 0 0
48 18 0.017670903354883194 0 0
49 18 0.018028393387794495 0 0
50 18 0.018394604325294495 0 0
51 18 0.018769536167383194 0 0
52 18 0.019153185188770294 0 0
53 16 0.019545553252100945 0 0
54 16 0.019928112626075745 0 0
55 0 0.020300863310694695 0 0
56 0 0.020663805305957794 0 0
57 0 0.021016936749219894 0 0
58 0 0.021360261365771294 0 0
59 1 0.021693775430321693 0 0
60 1 0.022014210000634193 0 0
61 1 0.022223349660634995 0 0
62 1 0.022517627105116844 0 0
63 1 0.022798825055360794 0 0
64 1 0.023066943511366844 0 0
65 1 0.023321982473134995 0 0
66 1 0.023563943803310394 0 0
67 1 0.023792825639247894 0 0
68 1 0.024008627980947495 0 0
69 1 0.024211352691054344 0 0
70 1 0.024400997906923294 0 0
71 1 0.024577563628554344 0 0
72 1 0.024741049855947495 0 0
73 0 0.024891458451747894 0 0
74 0 0.025032056495547295 0 0
75 0 0.025162845849990845 0 0
76 0 0.025283826515078545 0 0
77 0 0.025394998490810394 0 0
78 0 0.025496359914541245 0 0
79 0 0.025587912648916245 0 0
80 0 0.025669656693935394 0 0
81 0 0.025741590186953545 0 0
82 0 0.025803714990615845 0 0
83 0 0.025856031104922295 0 0
84 0 0.025898538529872894 0 0
85 0 0.025931235402822495 0 0
86 0 0.025954123586416245 0 0
87 0 0.025967203080654144 0 0
88 0 0.025970472022891045 0 0
89 2 0.025963932275772095 0 0
90 2 0.026109982281923294 0 0
91 2 0.026262570172548294 0 0
92 2 0.026421695947647095 0 0
93 0 0.026587363332509995 0 0
94 0 0.026743222028017044 0 0
95 0 0.026889270171523094 0 0
96 0 0.027025509625673294 0 0
97 0 0.027151938527822495 0 0
98 0 0.027268558740615845 0 0
99 0 0.027375370264053345 0 0
100 0 0.027472373098134995 0 0
101 0 0.027559567242860794 0 0
102 0 0.027636950835585594 0 0
103 0 0.027704525738954544 0 0
104 0 0.027762290090322495 0 0
105 0 0.027810245752334595 0 0
106 0 0.027848392724990845 0 0
107 0 0.027876731008291245 0 0
108 0 0.027895260602235794 0 0
109 0 0.027903979644179344 0 0
110 0 0.027902889996767044 0 0
111 0 0.027911609038710594 0 0
112 0 0.027910519391298294 0 0
113 0 0.027919238433241844 0 0
114 0 0.027918148785829544 0 0
115 0 0.027926867827773094 0 0
116 0 0.027925778180360794 0 0
117 0 0.027934497222304344 0 0
118 0 0.027933407574892044 0 0
119 0 0.027942126616835594 0 0
120 0 0.027941036969423294 0 0
121 0 0.027949756011366844 0 0
122 0 0.027948666363954544 0 0
123 0 0.027957385405898094 0 0
124 0 0.027956295758485794 0 0
125 0 0.027965014800429344 0 0
126 0 0.027963925153017044 0 0
127 0 0.027972644194960594 0 0
128 0 0.027971554547548294 0 0
129 2 0.027980273589491844 0 0
130 2 0.028126321732997894 0 0
131 2 0.028278909623622894 0 0
132 2 0.028438037261366844 0 0
133 2 0.028603702783584595 0 0
134 2 0.028775909915566444 0 0
135 2 0.028954654932022095 0 0
136 2 0.029139941558241844 0 0
137 2 0.029331766068935394 0 0
138 18 0.029530130326747894 0 0
139 18 0.029735034331679344 0 0
140 18 0.029946476221084595 0 0
141 18 0.030164459720253944 0 0
142 18 0.030388981103897095 0 0
143 18 0.030620044097304344 0 0
144 18 0.030857644975185394 0 0
145 18 0.031101785600185394 0 0
146 18 0.031352464109659195 0 0
147 18 0.031609684228897095 0 0
148 18 0.031873445957899094 0 0
149 18 0.032143741846084595 0 0
150 18 0.032420579344034195 0 0
151 18 0.032703958451747894 0 0
152 18 0.032993875443935394 0 0
153 18 0.033290330320596695 0 0
154 18 0.033593326807022095 0 0
155 18 0.033902864903211594 0 0
156 18 0.034218937158584595 0 0
157 18 0.034541551023721695 0 0
158 18 0.034971099346876144 0 0
159 18 0.03531115502119064 0 0
160 18 0.03565992787480354 0 0
161 2 0.036017417907714844 0 0
162 2 0.036383628845214844 0 0
163 2 0.03675856068730354 0 0
164 2 0.03714220970869064 0 0
165 2 0.037534575909376144 0 0
166 2 0.03793566673994064 0 0
167 2 0.03834547474980354 0 0
168 2 0.038763999938964844 0 0
169 2 0.039191246032714844 0 0
170 2 0.03962721303105354 0 0
171 2 0.04007189720869064 0 0
172 2 0.040525298565626144 0 0
173 2 0.04097172990441322 0 0
174 2 0.041418157517910004 0 0
175 2 0.041864585131406784 0 0
176 2 0.042311012744903564 0 0
177 2 0.04275744408369064 0 0
178 2 0.043203871697187424 0 0
179 2 0.043650299310684204 0 0
180 2 0.044096726924180984 0 0
181 2 0.04454315826296806 0 0
182 2 0.044989585876464844 0 0
183 2 0.045436013489961624 0 0
184 2 0.0458824448287487 0 0
185 2 0.04632887244224548 0 0
186 2 0.046775300055742264 0 0
187 2 0.047053392976522446 0 0
188 2 0.047053392976522446 0 0
189 2 0.047053392976522446 0 0
190 2 0.047053392976522446 0 0
191 18 0.047053392976522446 0 0
192 18 0.047053392976522446 0 0
193 18 0.047053392976522446 0 0
194 18 0.047053392976522446 0 0
195 18 0.047499820590019226 0 0
196 18 0.047946248203516006 0 0
197 18 0.04839267581701279 0 0
198 18 0.048839107155799866 0 0
199 18 0.049285534769296646 0 0
200 18 0.049731962382793427 0 0
201 18 0.05017838999629021 0 0
202 18 0.050624821335077286 0 0
203 18 0.051071248948574066 0 0
204 18 0.05151767656207085 0 0
205 18 0.05196410417556763 0 0
206 18 0.052410535514354706 0 0
207 2 0.052856963127851486 0 0
208 2 0.05330339074134827 0 0
209 2 0.05374981835484505 0 0
210 2 0.054196249693632126 0 0
211 2 0.054642677307128906 0 0
212 2 0.05508910492062569 0 0
213 0 0.055535536259412766 0 0
214 0 0.055972155183553696 0 0
215 0 0.056398965418338776 0 0
216 0 0.05681596323847771 0 0
217 0 0.057223156094551086 0 0
218 0 0.057620540261268616 0 0
219 0 0.058008112013339996 0 0
220 0 0.05838587507605553 0 0
221 0 0.05875382944941521 0 0
222 0 0.05911197513341904 0 0
223 0 0.05946031212806702 0 0
224 0 0.059798840433359146 0 0
225 16 0.06012755632400513 0 0
226 18 0.060446467250585556 0 0
227 18 0.06067369878292084 0 0
228 18 0.061106082051992416 0 0
229 18 0.061448968946933746 0 0
230 18 0.061800576746463776 0 0
231 18 0.062160901725292206 0 0
232 18 0.06252994388341904 0 0
233 18 0.06290771067142487 0 0
234 18 0.0632941946387291 0 0
235 18 0.06368939578533173 0 0
236 18 0.06409331411123276 0 0
237 18 0.06450595706701279 0 0
238 18 0.06492731720209122 0 0
239 18 0.06535740196704865 0 0
240 18 0.06579619646072388 0 0
241 18 0.0662437155842781 0 0
242 18 0.06669014692306519 0 0
243 18 0.06713657081127167 0 0
244 18 0.06758300215005875 0 0
245 18 0.06802943348884583 0 0
246 18 0.06847585737705231 0 0
247 18 0.06892228871583939 0 0
248 18 0.06936872005462646 0 0
249 18 0.06981514394283295 0 0
250 18 0.07026157528162003 0 0
251 18 0.07070799916982651 0 0
252 18 0.07115443050861359 0 0
253 18 0.07160086184740067 0 0
254 18 0.07204728573560715 0 0
255 18 0.07249371707439423 0 0
256 18 0.0729401484131813 0 0
257 18 0.07338657230138779 0 0
258 18 0.07383300364017487 0 0
259 2 0.07427942752838135 0 0
260 0 0.07472585886716843 0 0
261 0 0.07516247779130936 0 0
262 0 0.07558929175138474 0 0
263 0 0.07600629329681396 0 0
264 0 0.07641348242759705 0 0
265 0 0.07681086659431458 0 0
266 0 0.07719843834638596 0 0
267 0 0.07757619768381119 0 0
268 0 0.07794415950775146 0 0
269 0 0.078302301466465 0 0
270 0 0.07865063846111298 0 0
271 0 0.07898916304111481 0 0
272 0 0.07931788265705109 0 0
273 0 0.07963678985834122 0 0
274 0 0.07984767109155655 0 0
275 2 0.08014696091413498 0 0
276 2 0.08045279234647751 0 0
277 2 0.08076516538858414 0 0
278 2 0.08108407258987427 0 0
279 2 0.0814095214009285 0 0
280 0 0.08184190839529037 0 0
281 0 0.08216626197099686 0 0
282 0 0.08248081058263779 0 0
283 0 0.08268733322620392 0 0
284 0 0.08298226445913315 0 0
285 0 0.08326738327741623 0 0
286 0 0.08354269713163376 0 0
287 0 0.08380819857120514 0 0
288 0 0.08406389504671097 0 0
289 0 0.08430977910757065 0 0
290 0 0.08454585820436478 0 0
291 0 0.08477211743593216 0 0
292 0 0.08498857915401459 0 0
293 0 0.08519522845745087 0 0
294 0 0.085392065346241 0 0
295 0 0.08557908982038498 0 0
296 0 0.08575630933046341 0 0
297 1 0.08592372387647629 0 0
298 1 0.08607805520296097 0 0
299 1 0.08621931076049805 0 0
300 1 0.08634748309850693 0 0
301 1 0.08620143681764603 0 0
302 1 0.08604884892702103 0 0
303 1 0.08588971942663193 0 0
304 0 0.08572404831647873 0 0
305 0 0.08556819707155228 0 0
306 0 0.08542214334011078 0 0
307 0 0.08528590947389603 0 0
308 0 0.08528590947389603 0 0
309 0 0.08528590947389603 0 0
310 0 0.08528590947389603 0 0
311 0 0.08528590947389603 0 0
312 0 0.08528590947389603 0 0
313 0 0.08528590947389603 0 0
314 0 0.08528590947389603 0 0
315 0 0.08528590947389603 0 0
316 0 0.08528590947389603 0 0
317 0 0.08528590947389603 0 0
318 0 0.08528590947389603 0 0
319 0 0.08528590947389603 0 0
320 0 0.08528590947389603 0 0
321 0 0.08528590947389603 0 0
322 0 0.08528590947389603 0 0
323 0 0.08528590947389603 0 0
324 0 0.08528590947389603 0 0
325 0 0.08528590947389603 0 0
326 0 0.08528590947389603 0 0
327 0 0.08528590947389603 0 0
328 0 0.08528590947389603 0 0
329 0 0.08528590947389603 0 0
330 0 0.08528590947389603 0 0
331 0 0.08528590947389603 0 0
332 0 0.08528590947389603 0 0
333 0 0.08528590947389603 0 0
334 0 0.08528590947389603 0 0
335 0 0.08528590947389603 0 0
336 0 0.08528590947389603 0 0
337 0 0.08528590947389603 0 0
338 0 0.08528590947389603 0 0
339 0 0.08528590947389603 0 0
340 0 0.08528590947389603 0 0
341 0 0.08528590947389603 0 0
342 0 0.08528590947389603 0 0
343 0 0.08528590947389603 0 0
344 0 0.08528590947389603 0 0
345 0 0.08528590947389603 0 0
346 0 0.08528590947389603 0 0
347 0 0.08528590947389603 0 0
348 0 0.08528590947389603 0 0
349 0 0.08528590947389603 0 0
350 0 0.08528590947389603 0 0
351 0 0.08528590947389603 0 0
352 0 0.08528590947389603 0 0
353 0 0.08528590947389603 0 0
354 0 0.08528590947389603 0 0
355 0 0.08528590947389603 0 0
356 0 0.08528590947389603 0 0
357 0 0.08528590947389603 0 0
358 0 0.08528590947389603 0 0
359 18 0.08528590947389603 0 0
360 18 0.08543195575475693 0 0
361 18 0.08558454364538193 0 0
362 18 0.08574367314577103 0 0
363 18 0.08590933680534363 0 0
364 18 0.08608154207468033 0 0
365 18 0.08626028895378113 0 0
366 18 0.08644557744264603 0 0
367 18 0.08663740009069443 0 0
368 18 0.08683576434850693 0 0
369 18 0.08704067021608353 0 0
370 18 0.08725211024284363 0 0
371 18 0.08747009187936783 0 0
372 18 0.08769461512565613 0 0
373 18 0.08792567998170853 0 0
374 18 0.08816327899694443 0 0
375 0 0.08840741962194443 0 0
376 0 0.08864174783229828 0 0
377 0 0.08886627107858658 0 0
378 0 0.08908098191022873 0 0
379 0 0.08928588777780533 0 0
380 0 0.08948098123073578 0 0
381 0 0.08966626971960068 0 0
382 0 0.08984174579381943 0 0
383 0 0.09000740945339203 0 0
384 0 0.09016326814889908 0 0
385 0 0.09030931442975998 0 0
386 0 0.09044555574655533 0 0
387 0 0.09057198464870453 0 0
388 0 0.0906338170170784 0 1
388 0 0.0906338170170784 0 1
