data/levels/world2/Going_Underground.stl
1 0 0.02343629114329815 0 0
2 0 0.02343629114329815 0 0
3 0 0.02343629114329815 0 0
4 0 0.02343629114329815 0 0
5 0 0.02343629114329815 0 0
6 0 0.02343629114329815 0 0
7 0 0.02343629114329815 0 0
8 0 0.02343629114329815 0 0
9 0 0.02343629114329815 0 0
10 0 0.02343629114329815 0 0
11 0 0.02343629114329815 0 0
12 0 0.02343629114329815 0 0
13 0 0.02343629114329815 0 0
14 0 0.02343629114329815 0 0
15 0 0.02343629114329815 0 0
16 0 0.02343629114329815 0 0
17 2 0.02343629114329815 0 0
18 2 0.0237770713865757 0 0
19 2 0.02413311041891575 0 0
20 2 0.02450440637767315 0 0
21 2 0.0248909629881382 0 0
22 2 0.02529277838766575 0 0
23 2 0.02570985071361065 0 0
24 2 0.0261421836912632 0 0
25 2 0.02658977545797825 0 0
26 2 0.02705262415111065 0 0
27 2 0.0275307334959507 0 0
28 2 0.02802410162985325 0 0
29 2 0.02853272669017315 0 0
30 2 0.0290566124022007 0 0
31 2 0.02959575690329075 0 0
32 2 0.03015015833079815 0 0
33 2 0.0307198204100132 0 0
34 2 0.0313047394156456 0 0
35 2 0.0319049209356308 0 0
36 2 0.0325203575193882 0 0
37 2 0.0331510528922081 0 0
38 2 0.0337970107793808 0 0
39 2 0.0344582237303257 0 0
40 2 0.0351346954703331 0 0
41 2 0.0358264297246933 0 0
42 2 0.0365334190428257 0 0
43 2 0.0372556671500206 0 0
44 2 0.0379931777715683 0 0
45 2 0.0387459434568882 0 0
46 2 0.03974822536110878 0 0
47 2 0.04054168239235878 0 0
48 2 0.04135548323392868 0 0
49 2 0.04218963161110878 0 0
50 2 0.04304412379860878 0 0
51 2 0.04391895979642868 0 0
52 2 0.04481414332985878 0 0
53 2 0.04572967067360878 0 0
54 2 0.04666554182767868 0 0
55 2 0.04762176051735878 0 0
56 2 0.04859832301735878 0 0
57 2 0.04959522932767868 0 0
58 2 0.05061248317360878 0 0
59 2 0.05165008082985878 0 0
60 2 0.05270802229642868 0 0
61 2 0.0537496879696846 0 0
62 2 0.05479135364294052 0 0
63 2 0.05583302304148674 0 0
64 2 0.05687468871474266 0 0
65 2 0.05791635438799858 0 0
66 2 0.0589580200612545 0 0
67 2 0.05999968945980072 0 0
68 2 0.06104135513305664 0 0
69 2 0.06208302080631256 0 0
70 2 0.06312468647956848 0 0
71 2 0.0641663521528244 0 0
72 2 0.06520802527666092 0 0
73 2 0.06624969094991684 0 0
74 2 0.06729135662317276 0 0
75 2 0.06833302229642868 0 0
76 2 0.0693746879696846 0 0
77 2 0.07041635364294052 0 0
78 2 0.07145801931619644 0 0
79 2 0.07249968498945236 0 0
80 2 0.07354135811328888 0 0
81 2 0.0745830237865448 0 0
82 2 0.07562468945980072 0 0
83 2 0.07666635513305664 0 0
84 2 0.07770802080631256 0 0
85 2 0.07874968647956848 0 0
86 2 0.0797913521528244 0 0
87 2 0.08083302527666092 0 0
88 2 0.08187469094991684 0 0
89 2 0.08291635662317276 0 0
90 2 0.08395802229642868 0 0
91 2 0.0849996879696846 0 0
92 2 0.08604135364294052 0 0
93 2 0.08708301931619644 0 0
94 2 0.08812468498945236 0 0
95 2 0.08916635811328888 0 0
96 2 0.0902080237865448 0 0
97 2 0.09124968945980072 0 0
98 2 0.09229135513305664 0 0
99 2 0.09333302080631256 0 0
100 2 0.09437468647956848 0 0
101 2 0.0954163521528244 0 0
102 2 0.09645802527666092 0 0
103 2 0.09749969094991684 0 0
104 2 0.09854135662317276 0 0
105 2 0.09958302229642868 0 0
106 2 0.1006246879696846 0 0
107 2 0.10166635364294052 0 0
108 2 0.10270801931619644 0 0
109 2 0.10374969244003296 0 0
110 2 0.10479135811328888 0 0
111 2 0.1058330312371254 0 0
112 2 0.10687469691038132 0 0
113 2 0.10791636258363724 0 0
114 2 0.10895802825689316 0 0
115 2 0.10999969393014908 0 0
116 2 0.111041359603405 0 0
117 2 0.11208302527666092 0 0
118 2 0.11312469840049744 0 0
119 2 0.11416636407375336 0 0
120 2 0.11520802974700928 0 0
121 2 0.1162496954202652 0 0
122 2 0.11729136109352112 0 0
123 2 0.11833302676677704 0 0
124 2 0.11937469244003296 0 0
125 2 0.12041635811328888 0 0
126 2 0.1214580312371254 0 0
127 2 0.12249969691038132 0 0
128 2 0.12354136258363724 0 0
129 2 0.12458302825689316 0 0
130 2 0.12562470138072968 0 0
131 2 0.1266663670539856 0 0
132 2 0.12770803272724152 0 0
133 2 0.12874969840049744 0 0
134 2 0.12979136407375336 0 0
135 2 0.13083302974700928 0 0
136 2 0.1318746954202652 0 0
137 2 0.13291636109352112 0 0
138 2 0.13395802676677704 0 0
139 2 0.13499969244003296 0 0
140 2 0.13604135811328888 0 0
141 2 0.1370830237865448 0 0
142 2 0.13812468945980072 0 0
143 2 0.13916635513305664 0 0
144 2 0.14020802080631256 0 0
145 2 0.14124970138072968 0 0
146 2 0.1422913670539856 0 0
147 2 0.14333303272724152 0 0
148 2 0.14437469840049744 0 0
149 2 0.14541636407375336 0 0
150 2 0.14645802974700928 0 0
151 2 0.1474996954202652 0 0
152 2 0.14854136109352112 0 0
153 2 0.14958302676677704 0 0
154 18 0.15062469244003296 0 0
155 18 0.15166635811328888 0 0
156 18 0.1527080237865448 0 0
157 18 0.15374968945980072 0 0
158 18 0.15479135513305664 0 0
159 18 0.15583302080631256 0 0
160 18 0.15687470138072968 0 0
161 18 0.1579163670539856 0 0
162 18 0.15895803272724152 0 0
163 18 0.15999969840049744 0 0
164 18 0.16104136407375336 0 0
165 18 0.16208302974700928 0 0
166 2 0.1631246954202652 0 0
167 2 0.16416636109352112 0 0
168 2 0.16520802676677704 0 0
169 2 0.16624969244003296 0 0
170 2 0.16729135811328888 0 0
171 2 0.1683330237865448 0 0
172 2 0.16937468945980072 0 0
173 2 0.17041635513305664 0 0
174 0 0.17145802080631256 0 0
175 0 0.17247681319713593 0 0
176 0 0.17347270250320435 0 0
177 1 0.17444570362567902 0 0
178 1 0.1753881871700287 0 0
179 1 0.17630015313625336 0 0
180 1 0.17718160152435303 0 0
181 0 0.1780325323343277 0 0
182 0 0.17886057496070862 0 0
183 0 0.1796657294034958 0 0
184 0 0.1804479956626892 0 0
185 0 0.18120737373828888 0 0
186 0 0.1819438636302948 0 0
187 0 0.18242831528186798 0 0
188 0 0.1831190288066864 0 0
189 0 0.18378685414791107 0 0
190 0 0.184431791305542 0 0
191 1 0.18505384027957916 0 0
192 1 0.18564537167549133 0 0
193 1 0.1862063854932785 0 0
194 1 0.18673688173294067 0 0
195 1 0.18723686039447784 0 0
196 1 0.18770632147789001 0 0
197 0 0.18814526498317719 0 0
198 0 0.1885613203048706 0 0
199 0 0.18895448744297028 0 0
200 0 0.1893247663974762 0 0
201 0 0.18967217206954956 0 0
202 0 0.18999667465686798 0 0
203 2 0.18999667465686798 0 0
204 2 0.19033744931221008 0 0
205 18 0.19069348275661469 0 0
206 18 0.19106478989124298 0 0
207 18 0.19145134091377258 0 0
208 18 0.19185315072536469 0 0
209 18 0.19227023422718048 0 0
210 18 0.19270256161689758 0 0
211 18 0.19315014779567719 0 0
212 18 0.19361300766468048 0 0
213 18 0.19409111142158508 0 0
214 18 0.19458447396755219 0 0
215 2 0.19509311020374298 0 0
216 2 0.19561699032783508 0 0
217 0 0.19615612924098969 0 0
218 0 0.19667239487171173 0 0
219 0 0.19716575741767883 0 0
220 0 0.19763623178005219 0 0
221 0 0.19808383285999298 0 0
222 0 0.19850853085517883 0 0
223 0 0.19891034066677094 0 0
224 0 0.19928927719593048 0 0
225 0 0.19964531064033508 0 0
226 0 0.19997845590114594 0 0
227 0 0.20028872787952423 0 0
228 0 0.20057609677314758 0 0
229 0 0.20084057748317719 0 0
230 0 0.20108218491077423 0 0
231 0 0.20130088925361633 0 0
232 0 0.20149670541286469 0 0
233 0 0.20166964828968048 0 0
234 0 0.20181968808174133 0 0
235 0 0.20194683969020844 0 0
236 0 0.20205111801624298 0 0
237 0 0.20213249325752258 0 0
238 0 0.20219098031520844 0 0
239 2 0.20222659409046173 0 0
240 2 0.20256736874580383 0 0
241 2 0.20292340219020844 0 0
242 2 0.20329470932483673 0 0
243 2 0.20368126034736633 0 0
244 2 0.20408307015895844 0 0
245 2 0.20450015366077423 0 0
246 2 0.20493248105049133 0 0
247 0 0.20538006722927094 0 0
248 0 0.20580478012561798 0 0
249 0 0.20620658993721008 0 0
250 0 0.20658551156520844 0 0
251 0 0.20694155991077423 0 0
252 0 0.20727470517158508 0 0
253 16 0.20758496224880219 0 0
254 16 0.20758496224880219 0 0
255 18 0.20758496224880219 0 0
256 18 0.20792575180530548 0 0
257 18 0.20828178524971008 0 0
258 18 0.20865307748317719 0 0
259 18 0.20903964340686798 0 0
260 18 0.20944145321846008 0 0
261 18 0.20985852181911469 0 0
262 18 0.21029086410999298 0 0
263 18 0.21002040803432465 0 0
264 18 0.21048325300216675 0 0
265 18 0.21096135675907135 0 0
266 18 0.21145471930503845 0 0
267 18 0.21196335554122925 0 0
268 18 0.21248723566532135 0 0
269 2 0.21302637457847595 0 0
270 2 0.21358078718185425 0 0
271 2 0.21415044367313385 0 0
272 2 0.21473535895347595 0 0
273 2 0.21533554792404175 0 0
274 2 0.21595098078250885 0 0
275 2 0.21658167243003845 0 0
276 2 0.21722763776779175 0 0
277 2 0.21788887679576874 0 0
278 2 0.21856534481048584 0 0
279 2 0.21925707161426544 0 0
280 2 0.21996407210826874 0 0
281 2 0.22068631649017334 0 0
282 2 0.22142381966114044 0 0
283 2 0.22217659652233124 0 0
284 2 0.22317886352539062 0 0
285 2 0.22397232055664062 0 0
286 2 0.22478611767292023 0 0
287 2 0.22562026977539062 0 0
288 2 0.22647476196289062 0 0
289 2 0.22734959423542023 0 0
290 2 0.22824478149414062 0 0
291 2 0.22916030883789062 0 0
292 2 0.23009617626667023 0 0
293 2 0.23105239868164062 0 0
294 2 0.23202896118164062 0 0
295 2 0.23302586376667023 0 0
296 2 0.23404312133789062 0 0
297 2 0.23508071899414062 0 0
298 2 0.23613865673542023 0 0
299 2 0.23718032240867615 0 0
300 2 0.23822198808193207 0 0
301 2 0.23926366865634918 0 0
302 2 0.2403053343296051 0 0
303 2 0.24134700000286102 0 0
304 2 0.24238866567611694 0 0
305 2 0.24343033134937286 0 0
306 2 0.24447199702262878 0 0
307 2 0.2455136626958847 0 0
308 2 0.24655532836914062 0 0
309 2 0.24759699404239655 0 0
310 2 0.24863865971565247 0 0
311 2 0.2496803253889084 0 0
312 2 0.2507219910621643 0 0
313 2 0.2517636716365814 0 0
314 2 0.25280532240867615 0 0
315 2 0.25384700298309326 0 0
316 2 0.254888653755188 0 0
317 2 0.2559303343296051 0 0
318 2 0.25697198510169983 0 0
319 2 0.25801366567611694 0 0
320 2 0.25905531644821167 0 0
321 2 0.2600969970226288 0 0
322 2 0.2611386477947235 0 0
323 2 0.2621803283691406 0 0
324 2 0.26322200894355774 0 0
325 2 0.26426365971565247 0 0
326 2 0.2653053402900696 0 0
327 2 0.2663469910621643 0 0
328 2 0.2673886716365814 0 0
329 2 0.26843032240867615 0 0
330 2 0.26947200298309326 0 0
331 2 0.270513653755188 0 0
332 2 0.2715553343296051 0 0
333 18 0.27259698510169983 0 0
334 18 0.27363866567611694 0 0
335 18 0.27468031644821167 0 0
336 18 0.2757219970226288 0 0
337 18 0.2767636477947235 0 0
338 18 0.2778053283691406 0 0
339 18 0.27884700894355774 0 0
340 18 0.27988865971565247 0 0
341 18 0.2809303402900696 0 0
342 18 0.2819719910621643 0 0
343 2 0.2830136716365814 0 0
344 2 0.28405532240867615 0 0
345 2 0.28509700298309326 0 0
346 2 0.286138653755188 0 0
347 2 0.2871803343296051 0 0
348 2 0.28822198510169983 0 0
349 2 0.28926366567611694 0 0
350 2 0.29030531644821167 0 0
351 2 0.2913469970226288 0 0
352 2 0.2923886477947235 0 0
353 2 0.2934303283691406 0 0
354 2 0.29447200894355774 0 0
355 2 0.29551365971565247 0 0
356 2 0.2965553402900696 0 0
357 2 0.2975969910621643 0 0
358 2 0.2986386716365814 0 0
359 2 0.29968032240867615 0 0
360 2 0.30072200298309326 0 0
361 2 0.301763653755188 0 0
362 2 0.3028053343296051 0 0
363 2 0.30384698510169983 0 0
364 2 0.30488866567611694 0 0
365 2 0.30593031644821167 0 0
366 2 0.3069719970226288 0 0
367 2 0.3080136477947235 0 0
368 2 0.3090553283691406 0 0
369 2 0.31009700894355774 0 0
370 2 0.31113865971565247 0 0
371 2 0.3121803402900696 0 0
372 2 0.3132219910621643 0 0
373 2 0.3142636716365814 0 0
374 2 0.31530532240867615 0 0
375 2 0.31634700298309326 0 0
376 2 0.317388653755188 0 0
377 2 0.3184303343296051 0 0
378 2 0.31947198510169983 0 0
379 2 0.32051366567611694 0 0
380 2 0.32155531644821167 0 0
381 2 0.3225969970226288 0 0
382 2 0.3236386477947235 0 0
383 2 0.3246803283691406 0 0
384 2 0.32572200894355774 0 0
385 0 0.32676365971565247 0 0
386 0 0.32778245210647583 0 0
387 0 0.32877832651138306 0 0
388 1 0.3297513425350189 0 0
389 1 0.3306938111782074 0 0
390 1 0.33160579204559326 0 0
391 1 0.33248722553253174 0 0
392 1 0.33333054184913635 0 0
393 1 0.3341433107852936 0 0
394 0 0.3349255919456482 0 0
395 0 0.33568495512008667 0 0
396 0 0.3364214599132538 0 0
397 2 0.33690589666366577 0 0
398 2 0.33763477206230164 0 0
399 2 0.3383788764476776 0 0
400 2 0.3391382694244385 0 0
401 18 0.34014713764190674 0 0
402 18 0.3409472107887268 0 0
403 18 0.34145089983940125 0 1
403 18 0.34145089983940125 0 1
