data/levels/bonus2/level15.stl
1 0 0.009991071186959743 0 0
2 0 0.009991071186959743 0 0
3 0 0.009991071186959743 0 0
4 0 0.009991071186959743 0 0
5 0 0.009991071186959743 0 0
6 0 0.009991071186959743 0 0
7 0 0.009991071186959743 0 0
8 0 0.009991071186959743 0 0
9 0 0.009991071186959743 0 0
10 0 0.009991071186959743 0 0
11 0 0.009991071186959743 0 0
12 0 0.009991071186959743 0 0
13 0 0.009991071186959743 0 0
14 0 0.009991071186959743 0 0
15 0 0.009991071186959743 0 0
16 0 0.009991071186959743 0 0
17 0 0.009991071186959743 0 0
18 0 0.009991071186959743 0 0
19 0 0.009991071186959743 0 0
20 0 0.009991071186959743 0 0
21 0 0.009991071186959743 0 0
22 0 0.009991071186959743 0 0
23 0 0.009991071186959743 0 0
24 0 0.009991071186959743 0 0
25 2 0.009991071186959743 0 0
26 2 0.010137120261788368 0 0
27 2 0.010289708152413368 0 0
28 2 0.010448834858834743 0 0
29 2 0.010614502243697643 0 0
30 2 0.010786708444356918 0 0
31 2 0.010965454392135143 0 0
32 2 0.011150739155709743 0 0
33 2 0.011342564597725868 0 0
34 2 0.011540927924215794 0 0
35 2 0.011745831929147243 0 0
36 2 0.011957274749875069 0 0
37 2 0.012175257317721844 0 0
38 2 0.012399779632687569 0 0
39 2 0.012630841694772243 0 0
40 2 0.012868442572653294 0 0
41 2 0.013112583197653294 0 0
42 2 0.013363263569772243 0 0
43 2 0.013620482757687569 0 0
44 2 0.013884241692721844 0 0
45 2 0.014154540374875069 0 0
46 2 0.014431378804147243 0 0
47 2 0.014714756049215794 0 0
48 2 0.015004673041403294 0 0
49 2 0.015301129780709743 0 0
50 2 0.015604125335812569 0 0
51 2 0.01591366156935692 0 0
52 2 0.01622973568737507 0 0
53 2 0.01655234955251217 0 0
54 2 0.01698189787566662 0 0
55 2 0.017321951687335968 0 0
56 2 0.017670724540948868 0 0
57 2 0.018028216436505318 0 0
58 2 0.018394427374005318 0 0
59 2 0.018769357353448868 0 0
60 2 0.019153006374835968 0 0
61 18 0.01954537443816662 0 0
62 18 0.019946463406085968 0 0
63 18 0.020356271415948868 0 0
64 18 0.020774798467755318 0 0
65 18 0.021202044561505318 0 0
66 18 0.021638009697198868 0 0
67 18 0.022082693874835968 0 0
68 18 0.02253609709441662 0 0
69 18 0.022982526570558548 0 0
70 18 0.02342895418405533 0 0
71 2 0.023875383660197258 0 0
72 0 0.024321813136339188 0 0
73 0 0.024758432060480118 0 0
74 0 0.025185242295265198 0 0
75 0 0.025602241978049278 0 0
76 1 0.026009434834122658 0 0
77 1 0.02640354633331299 0 0
78 1 0.026784580200910568 0 0
79 1 0.027152536436915398 0 0
80 1 0.027507411316037178 0 0
81 1 0.027849208563566208 0 0
82 1 0.028177926316857338 0 0
83 1 0.028493564575910568 0 0
84 1 0.02869790978729725 0 0
85 0 0.02898739092051983 0 0
86 0 0.02926706336438656 0 0
87 0 0.02953692525625229 0 0
88 0 0.02979697845876217 0 0
89 0 0.0300472229719162 0 0
90 0 0.03028765879571438 0 0
91 0 0.03051828406751156 0 0
92 0 0.03073910064995289 0 0
93 0 0.03095010668039322 0 0
94 0 0.03115130588412285 0 0
95 0 0.03134269267320633 0 0
96 0 0.03152427449822426 0 0
97 0 0.03169604390859604 0 0
98 0 0.03185800462961197 0 0
99 0 0.03201015666127205 0 0
100 0 0.03215250000357628 0 0
101 0 0.03228503465652466 0 0
102 0 0.03240775689482689 0 0
103 0 0.03252067416906357 0 0
104 0 0.0326237790286541 0 0
105 16 0.0326237790286541 0 0
106 16 0.0326237790286541 0 0
107 18 0.0326237790286541 0 0
108 18 0.032769825309515 0 0
109 18 0.03292241320014 0 0
110 18 0.0330815427005291 0 0
111 18 0.033247210085392 0 0
112 18 0.0334194153547287 0 0
113 18 0.0335981622338295 0 0
114 18 0.0337834469974041 0 0
115 18 0.0339752696454525 0 0
116 18 0.034173633903265 0 0
117 18 0.0343785397708416 0 0
118 18 0.034589983522892 0 0
119 18 0.0348079651594162 0 0
120 18 0.0350324884057045 0 0
121 18 0.0352635495364666 0 0
122 18 0.0355011485517025 0 0
123 18 0.0357452891767025 0 0
124 18 0.0359959714114666 0 0
125 18 0.0362531915307045 0 0
126 18 0.0365169495344162 0 0
127 18 0.036787249147892 0 0
128 18 0.0370640866458416 0 0
129 18 0.037347462028265 0 0
130 18 0.0376373790204525 0 0
131 2 0.0379338376224041 0 0
132 2 0.0382368341088295 0 0
133 2 0.0385463684797287 0 0
134 2 0.038862444460392 0 0
135 2 0.0391850583255291 0 0
136 2 0.03961460664868355 0 0
137 2 0.03995465859770775 0 0
138 2 0.04030343145132065 0 0
139 2 0.04066092520952225 0 0
140 2 0.04102713614702225 0 0
141 2 0.04140206426382065 0 0
142 2 0.04178571328520775 0 0
143 2 0.04217808321118355 0 0
144 2 0.04257917031645775 0 0
145 2 0.04298897832632065 0 0
146 2 0.04340750724077225 0 0
147 2 0.04383475333452225 0 0
148 2 0.04427071660757065 0 0
149 2 0.04471540078520775 0 0
150 2 0.04516880586743355 0 0
151 2 0.04561523348093033 0 0
152 2 0.04606166109442711 0 0
153 2 0.04650809243321419 0 0
154 2 0.04695452004671097 0 0
155 2 0.047053392976522446 0 0
156 2 0.047053392976522446 0 0
157 2 0.047053392976522446 0 0
158 2 0.047053392976522446 0 0
159 2 0.047053392976522446 0 0
160 2 0.047053392976522446 0 0
161 2 0.047053392976522446 0 0
162 2 0.0471012219786644 0 0
163 2 0.047151610255241394 0 0
164 2 0.047151610255241394 0 0
165 2 0.047151610255241394 0 0
166 2 0.047151610255241394 0 0
167 0 0.047151610255241394 0 0
168 0 0.047151610255241394 0 0
169 0 0.047151610255241394 0 0
170 0 0.047151610255241394 0 0
171 0 0.047151610255241394 0 0
172 0 0.047151610255241394 0 0
173 0 0.047151610255241394 0 0
174 0 0.047151610255241394 0 0
175 0 0.047151610255241394 0 0
176 0 0.047151610255241394 0 0
177 2 0.047151610255241394 0 0
178 2 0.047151610255241394 0 0
179 2 0.047151610255241394 0 0
180 2 0.047151610255241394 0 0
181 18 0.047151610255241394 0 0
182 18 0.047151610255241394 0 0
183 18 0.047151610255241394 0 0
184 18 0.047151610255241394 0 0
185 18 0.047151610255241394 0 0
186 18 0.047323815524578094 0 0
187 18 0.047502562403678894 0 0
188 18 0.047687847167253494 0 0
189 18 0.047879669815301895 0 0
190 18 0.048078034073114395 0 0
191 18 0.048282939940690994 0 0
192 18 0.048494383692741394 0 0
193 18 0.048712365329265594 0 0
194 18 0.048936888575553894 0 0
195 18 0.049167949706315994 0 0
196 2 0.049405548721551895 0 0
197 2 0.049649689346551895 0 0
198 2 0.049900371581315994 0 0
199 2 0.050157591700553894 0 0
200 2 0.050421349704265594 0 0
201 2 0.050691649317741394 0 0
202 2 0.050968486815690994 0 0
203 2 0.051251862198114395 0 0
204 2 0.051541779190301895 0 0
205 2 0.051838237792253494 0 0
206 2 0.052141234278678894 0 0
207 2 0.052450768649578094 0 0
208 2 0.052766844630241394 0 0
209 2 0.053089458495378494 0 0
210 2 0.053519003093242645 0 0
211 2 0.053859055042266846 0 0
212 2 0.054207827895879745 0 0
213 2 0.054565321654081345 0 0
214 2 0.054931532591581345 0 0
215 2 0.055306460708379745 0 0
216 2 0.055624820291996 0 0
217 2 0.055672649294137955 0 0
218 2 0.05572303757071495 0 0
219 18 0.05572303757071495 0 0
220 18 0.05572303757071495 0 0
221 18 0.05572303757071495 0 0
222 18 0.05572303757071495 0 0
223 18 0.05572303757071495 0 0
224 18 0.05589524284005165 0 0
225 18 0.05607398971915245 0 0
226 18 0.05625927448272705 0 0
227 18 0.05645110085606575 0 0
228 18 0.05664946511387825 0 0
229 18 0.05685436725616455 0 0
230 18 0.05706581100821495 0 0
231 18 0.05728379264473915 0 0
232 18 0.05750831589102745 0 0
233 18 0.05773937702178955 0 0
234 18 0.05797697976231575 0 0
235 18 0.05822112038731575 0 0
236 18 0.05847179889678955 0 0
237 18 0.05872901901602745 0 0
238 18 0.05899277701973915 0 0
239 18 0.05926307663321495 0 0
240 18 0.05953991413116455 0 0
241 18 0.05982329323887825 0 0
242 18 0.06011321023106575 0 0
243 18 0.06040966510772705 0 0
244 18 0.06071266159415245 0 0
245 18 0.06102219596505165 0 0
246 18 0.06133827194571495 0 0
247 18 0.06166088581085205 0 0
248 18 0.0620904341340065 0 0
249 18 0.0624304860830307 0 0
250 18 0.0627792552113533 0 0
251 18 0.0631367489695549 0 0
252 18 0.0635029599070549 0 0
253 18 0.0638778880238533 0 0
254 18 0.0642615407705307 0 0
255 18 0.0646539106965065 0 0
256 18 0.0650549978017807 0 0
257 18 0.0654648020863533 0 0
258 18 0.0658833310008049 0 0
259 18 0.0663105770945549 0 0
260 18 0.0667465403676033 0 0
261 18 0.0671912282705307 0 0
262 18 0.0676446333527565 0 0
263 2 0.06809105724096298 0 0
264 2 0.06853748857975006 0 0
265 2 0.06898391991853714 0 0
266 2 0.06943034380674362 0 0
267 2 0.0698767751455307 0 0
268 2 0.07032320648431778 0 0
269 2 0.07076963037252426 0 0
270 2 0.07121606171131134 0 0
271 2 0.07166248559951782 0 0
272 2 0.0721089169383049 0 0
273 2 0.07255534827709198 0 0
274 2 0.07300177216529846 0 0
275 2 0.07344820350408554 0 0
276 2 0.07389463484287262 0 0
277 2 0.0743410587310791 0 0
278 2 0.07478749006986618 0 0
279 2 0.07523391395807266 0 0
280 2 0.07568034529685974 0 0
281 2 0.07612677663564682 0 0
282 2 0.0765732005238533 0 0
283 2 0.07701963186264038 0 0
284 2 0.07746606320142746 0 0
285 2 0.07791248708963394 0 0
286 2 0.07835891842842102 0 0
287 2 0.0788053423166275 0 0
288 2 0.07925177365541458 0 0
289 2 0.07969820499420166 0 0
290 0 0.08014462888240814 0 0
291 0 0.08058124780654907 0 0
292 0 0.08100806176662445 0 0
293 0 0.08142506331205368 0 0
294 0 0.08183225244283676 0 0
295 0 0.08222963660955429 0 0
296 0 0.08261720836162567 0 0
297 1 0.0829949751496315 0 0
298 1 0.08335638791322708 0 0
299 1 0.08370472490787506 0 0
300 1 0.08403997868299484 0 0
301 1 0.08436216413974762 0 0
302 1 0.0846712589263916 0 0
303 1 0.08486907184123993 0 0
304 1 0.08515200763940811 0 0
305 1 0.08542187511920929 0 0
306 1 0.08567865937948227 0 0
307 1 0.08592236042022705 0 0
308 1 0.08615298569202423 0 0
309 1 0.08637053519487381 0 0
310 1 0.08657500147819519 0 0
311 1 0.08676639199256897 0 0
312 1 0.08694469928741455 0 0
313 1 0.08710993081331253 0 0
314 1 0.08726207911968231 0 0
315 1 0.08740115910768509 0 0
316 1 0.08725510537624359 0 0
317 1 0.08713410794734955 0 0
318 1 0.08713410794734955 0 0
319 1 0.08713410794734955 0 0
320 1 0.08713410794734955 0 0
321 1 0.08713410794734955 0 0
322 1 0.08713410794734955 0 0
323 1 0.08713410794734955 0 0
324 1 0.08713410794734955 0 0
325 1 0.08713410794734955 0 0
326 1 0.08713410794734955 0 0
327 1 0.08713410794734955 0 0
328 1 0.08713410794734955 0 0
329 1 0.08713410794734955 0 0
330 17 0.08713410794734955 0 0
331 17 0.08713410794734955 0 0
332 17 0.08713410794734955 0 0
333 17 0.08713410794734955 0 0
334 17 0.08713410794734955 0 0
335 1 0.08696189522743225 0 0
336 1 0.08678315579891205 0 0
337 1 0.08659786731004715 0 0
338 1 0.08640604466199875 0 0
339 1 0.08620768040418625 0 0
340 1 0.08600277453660965 0 0
341 1 0.08579133450984955 0 0
342 1 0.08557334542274475 0 0
343 1 0.08534882962703705 0 0
344 1 0.08511776477098465 0 0
345 1 0.08488016575574875 0 0
346 1 0.08463602513074875 0 0
347 0 0.08438534289598465 0 0
348 0 0.0841444730758667 0 0
349 0 0.0839134082198143 0 0
350 0 0.08369215577840805 0 0
351 0 0.08348071575164795 0 0
352 0 0.0832790806889534 0 0
353 0 0.083087258040905 0 0
354 0 0.08290524035692215 0 0
355 0 0.08273303508758545 0 0
356 0 0.0825706347823143 0 0
357 0 0.0824180468916893 0 0
358 0 0.08227527141571045 0 0
359 2 0.08214230090379715 0 0
360 2 0.08228834718465805 0 0
361 2 0.08244093507528305 0 0
362 2 0.08260006457567215 0 0
363 0 0.08276572823524475 0 0
364 0 0.0829215869307518 0 0
365 0 0.0830676406621933 0 0
366 0 0.08320387452840805 0 0
367 0 0.08320387452840805 0 0
368 0 0.08320387452840805 0 0
369 0 0.08320387452840805 0 0
370 0 0.08320387452840805 0 0
371 0 0.08320387452840805 0 0
372 0 0.08320387452840805 0 0
373 0 0.08320387452840805 0 0
374 0 0.08320387452840805 0 0
375 0 0.08320387452840805 0 0
376 0 0.08320387452840805 0 0
377 0 0.08320387452840805 0 0
378 0 0.08320387452840805 0 0
379 0 0.08320387452840805 0 0
380 0 0.08320387452840805 0 0
381 0 0.08320387452840805 0 0
382 0 0.08320387452840805 0 0
383 0 0.08320387452840805 0 0
384 0 0.08320387452840805 0 0
385 0 0.08320387452840805 0 0
386 0 0.08320387452840805 0 0
387 0 0.08320387452840805 0 0
388 0 0.08320387452840805 0 0
389 0 0.08320387452840805 0 0
390 0 0.08320387452840805 0 0
391 0 0.08320387452840805 0 0
392 0 0.08320387452840805 0 0
393 0 0.08320387452840805 0 0
394 0 0.08320387452840805 0 0
395 0 0.08320387452840805 0 0
396 0 0.08320387452840805 0 0
397 0 0.08320387452840805 0 0
398 0 0.08320387452840805 0 0
399 0 0.08320387452840805 0 0
400 0 0.08320387452840805 0 0
401 0 0.08320387452840805 0 0
402 0 0.08320387452840805 0 0
403 0 0.08320387452840805 0 0
404 0 0.08320387452840805 0 0
405 0 0.08320387452840805 0 0
406 0 0.08320387452840805 0 0
407 0 0.08320387452840805 0 0
408 0 0.08320387452840805 0 0
409 0 0.08320387452840805 0 0
410 0 0.08320387452840805 0 0
411 0 0.08320387452840805 0 0
412 0 0.08320387452840805 0 0
413 0 0.08320387452840805 0 0
414 0 0.08320387452840805 0 0
415 0 0.08320387452840805 0 0
416 0 0.08320387452840805 0 0
417 0 0.08320387452840805 0 0
418 0 0.08320387452840805 0 0
419 0 0.08320387452840805 0 0
420 0 0.08320387452840805 0 0
421 0 0.08320387452840805 0 0
422 0 0.08320387452840805 0 0
423 0 0.08320387452840805 0 0
424 0 0.08320387452840805 0 0
425 18 0.08320387452840805 0 0
426 18 0.08334992825984955 0 0
427 18 0.08350251615047455 0 0
428 18 0.08366163820028305 0 0
429 18 0.08382730931043625 0 0
430 18 0.08399951457977295 0 0
431 18 0.08417826145887375 0 0
432 18 0.08429446816444397 0 0
433 18 0.08429446816444397 0 0
434 18 0.08429446816444397 0 0
435 18 0.08429446816444397 0 0
436 18 0.08429446816444397 0 0
437 18 0.08429446816444397 0 0
438 18 0.08429446816444397 0 0
439 2 0.08429446816444397 0 0
440 2 0.08429446816444397 0 0
441 2 0.08429446816444397 0 0
442 2 0.08429446816444397 0 0
443 2 0.08429446816444397 0 0
444 2 0.08429446816444397 0 0
445 2 0.08429446816444397 0 0
446 2 0.08429446816444397 0 0
447 2 0.08429446816444397 0 0
448 2 0.08429446816444397 0 0
449 2 0.08429446816444397 0 0
450 2 0.08429446816444397 0 0
451 2 0.08429446816444397 0 0
452 2 0.08429446816444397 0 0
453 0 0.08429446816444397 0 0
454 0 0.08429446816444397 0 0
455 0 0.08429446816444397 0 0
456 0 0.08429446816444397 0 0
457 0 0.08429446816444397 0 0
458 0 0.08429446816444397 0 0
459 0 0.08429446816444397 0 0
460 0 0.08429446816444397 0 0
461 0 0.08436857908964157 0 0
462 0 0.08443288505077362 0 0
463 0 0.08448737859725952 0 0
464 0 0.08453206717967987 0 0
465 0 0.08456694334745407 0 0
466 2 0.08459201455116272 0 0
467 2 0.08473806083202362 0 0
468 2 0.08489064872264862 0 0
469 2 0.08504977822303772 0 0
470 2 0.08521544188261032 0 0
471 2 0.08538764715194702 0 0
472 2 0.08556639403104782 0 0
473 2 0.08575168251991272 0 0
474 2 0.08594350516796112 0 0
475 2 0.08614186942577362 0 0
476 2 0.08634677529335022 0 0
477 0 0.08655821532011032 0 0
478 0 0.08675985038280487 0 0
479 0 0.08695167303085327 0 0
480 0 0.08713369071483612 0 0
481 0 0.08730589598417282 0 0
482 0 0.08746829628944397 0 0
483 0 0.08762088418006897 0 0
484 0 0.08776365965604782 0 0
485 0 0.08789663016796112 0 0
486 0 0.08801978826522827 0 0
487 0 0.08813314139842987 0 0
488 0 0.08823668211698532 0 0
489 0 0.08833041787147522 0 0
490 0 0.08841434121131897 0 0
491 2 0.08848845213651657 0 0
492 2 0.08863449841737747 0 0
493 18 0.08878708630800247 0 0
494 18 0.08894621580839157 0 0
495 18 0.08911188691854477 0 0
496 18 0.08928409218788147 0 0
497 18 0.08946283906698227 0 0
498 18 0.08964812010526657 0 0
499 18 0.08983994275331497 0 0
500 18 0.09003830701112747 0 0
501 18 0.09024321287870407 0 0
502 18 0.09045466035604477 0 0
503 18 0.09067264199256897 0 0
504 18 0.09089716523885727 0 0
505 18 0.09112822264432907 0 0
506 18 0.09136582165956497 0 0
507 18 0.09160996228456497 0 0
508 18 0.09186064451932907 0 0
509 2 0.09211786836385727 0 0
510 2 0.09238162636756897 0 0
511 2 0.09265192598104477 0 0
512 2 0.09292875975370407 0 0
513 2 0.09321213513612747 0 0
514 2 0.09350205212831497 0 0
515 2 0.09379851073026657 0 0
516 2 0.09410151094198227 0 0
517 2 0.09441104531288147 0 0
518 0 0.09472712129354477 0 0
519 0 0.09503338485956192 0 0
520 0 0.09532984346151352 0 0
521 0 0.09561648964881897 0 0
522 0 0.09589332342147827 0 0
523 0 0.09616035223007202 0 0
524 0 0.09641757607460022 0 0
525 0 0.09666498750448227 0 0
526 0 0.09690258651971817 0 0
527 0 0.09713038057088852 0 0
528 0 0.09734836220741272 0 0
529 0 0.09755653142929077 0 0
530 0 0.09775489568710327 0 0
531 1 0.09794345498085022 0 0
532 1 0.09811893105506897 0 0
533 1 0.09828132390975952 0 0
534 1 0.09843064099550247 0 0
535 1 0.09856688231229782 0 0
536 1 0.09842083603143692 0 0
537 0 0.09826824814081192 0 0
538 0 0.09812546521425247 0 0
539 0 0.09799250215291977 0 0
540 0 0.09799250215291977 0 0
541 0 0.09799250215291977 0 0
542 0 0.09799250215291977 0 0
543 0 0.09799250215291977 0 0
544 0 0.09799250215291977 0 0
545 0 0.09799250215291977 0 0
546 0 0.09799250215291977 0 0
547 0 0.09799250215291977 0 0
548 0 0.09799250215291977 0 0
549 0 0.09799250215291977 0 0
550 0 0.09799250215291977 0 0
551 2 0.09799250215291977 0 0
552 2 0.09813854843378067 0 0
553 2 0.09829113632440567 0 0
554 2 0.09845026582479477 0 0
555 2 0.09861592948436737 0 0
556 2 0.09878813475370407 0 0
557 2 0.09896688163280487 0 0
558 2 0.09915217012166977 0 0
559 2 0.09934399276971817 0 0
560 2 0.09954235702753067 0 0
561 2 0.09974726289510727 0 0
562 2 0.09995870292186737 0 0
563 0 0.10017668455839157 0 0
564 0 0.10038486123085022 0 0
565 0 0.10058322548866272 0 0
566 0 0.10077177733182907 0 0
567 0 0.10095052421092987 0 0
568 0 0.10111945867538452 0 0
569 0 0.10127858817577362 0 0
570 0 0.10142790526151657 0 0
571 0 0.10156741738319397 0 0
572 0 0.10169711709022522 0 0
573 2 0.10169711709022522 0 0
574 2 0.10184316337108612 0 0
575 2 0.10199575126171112 0 0
576 2 0.10215488076210022 0 0
577 2 0.10232054442167282 0 0
578 2 0.10249274969100952 0 0
579 2 0.10267149657011032 0 0
580 18 0.10285678505897522 0 0
581 18 0.10304860770702362 0 0
582 18 0.10324697196483612 0 0
583 18 0.10345187783241272 0 0
584 18 0.10366331785917282 0 0
585 18 0.10388129949569702 0 0
586 18 0.10410582274198532 0 0
587 18 0.10433688759803772 0 0
588 18 0.10457448661327362 0 0
589 18 0.10481862723827362 0 0
590 18 0.10506930947303772 0 0
591 18 0.10532652586698532 0 0
592 18 0.10559028387069702 0 0
593 18 0.10586058348417282 0 0
594 18 0.10613742470741272 0 0
595 18 0.10642080008983612 0 0
596 2 0.10671071708202362 0 0
597 2 0.10700717568397522 0 0
598 2 0.10731016844511032 0 0
599 2 0.10761970281600952 0 0
600 2 0.10793577879667282 0 0
601 2 0.10825839638710022 0 0
602 2 0.10868793725967407 0 0
603 2 0.10902799665927887 0 0
604 2 0.10937676578760147 0 0
605 2 0.10973425954580307 0 0
606 2 0.11010047048330307 0 0
607 2 0.11047539860010147 0 0
608 2 0.11085905134677887 0 0
609 2 0.11125141382217407 0 0
610 2 0.11165250837802887 0 0
611 2 0.11206231266260147 0 0
612 2 0.11248084157705307 0 0
613 2 0.11290808767080307 0 0
614 2 0.11334405094385147 0 0
615 2 0.11378873884677887 0 0
616 2 0.11424213647842407 0 0
617 2 0.11468856781721115 0 0
618 2 0.11513499915599823 0 0
619 2 0.11558142304420471 0 0
620 2 0.11602785438299179 0 0
621 2 0.11647428572177887 0 0
622 2 0.11692070960998535 0 0
623 2 0.11736714094877243 0 0
624 2 0.11781356483697891 0 0
625 2 0.11825999617576599 0 0
626 2 0.11870642751455307 0 0
627 2 0.11915285140275955 0 0
628 2 0.11959928274154663 0 0
629 2 0.12004571408033371 0 0
630 2 0.12049213796854019 0 0
631 2 0.12093856930732727 0 0
632 2 0.12138499319553375 0 0
633 2 0.12183142453432083 0 0
634 2 0.12227785587310791 0 0
635 2 0.12272427976131439 0 0
636 2 0.12317071110010147 0 0
637 2 0.12361714243888855 0 0
638 2 0.12406356632709503 0 0
639 2 0.12450999766588211 0 0
640 2 0.12495642155408859 0 0
641 2 0.12540285289287567 0 0
642 2 0.12584927678108215 0 0
643 2 0.12629571557044983 0 0
644 2 0.1267421394586563 0 0
645 2 0.1271885633468628 0 0
646 2 0.12763500213623047 0 0
647 2 0.12808142602443695 0 0
648 2 0.12852784991264343 0 0
649 2 0.1289742887020111 0 0
650 2 0.1294207125902176 0 0
651 2 0.12986713647842407 0 0
652 2 0.13031357526779175 0 0
653 2 0.13075999915599823 0 0
654 2 0.1312064230442047 0 0
655 2 0.1316528469324112 0 0
656 2 0.13209928572177887 0 0
657 2 0.13254570960998535 0 0
658 2 0.13299213349819183 0 0
659 2 0.1334385722875595 0 0
660 2 0.133884996175766 0 0
661 2 0.13433142006397247 0 0
662 2 0.13477785885334015 0 0
663 2 0.13522428274154663 0 0
664 2 0.1356707066297531 0 0
665 2 0.1361171454191208 0 0
666 2 0.13656356930732727 0 0
667 2 0.13700999319553375 0 0
668 2 0.13745643198490143 0 0
669 18 0.1379028558731079 0 0
670 18 0.1383492797613144 0 0
671 18 0.13879570364952087 0 0
672 18 0.13924214243888855 0 0
673 18 0.13968856632709503 0 0
674 18 0.1401349902153015 0 0
675 18 0.1405814290046692 0 0
676 18 0.14102785289287567 0 0
677 18 0.14147427678108215 0 0
678 18 0.14192071557044983 0 0
679 18 0.1423671394586563 0 0
680 18 0.1428135633468628 0 0
681 18 0.14326000213623047 0 0
682 18 0.14370642602443695 0 0
683 18 0.14415284991264343 0 0
684 18 0.1445992887020111 0 0
685 18 0.1450457125902176 0 0
686 18 0.14549213647842407 0 0
687 18 0.14593857526779175 0 0
688 18 0.14638499915599823 0 0
689 18 0.1468314230442047 0 0
690 18 0.1472778469324112 0 0
691 18 0.14772428572177887 0 0
692 2 0.14817070960998535 0 0
693 2 0.14861713349819183 0 0
694 2 0.1490635722875595 0 0
695 2 0.149509996175766 0 0
696 2 0.14995642006397247 0 0
697 2 0.15040285885334015 0 0
698 2 0.15084928274154663 0 0
699 2 0.1512957066297531 0 0
700 2 0.1517421454191208 0 0
701 2 0.15218856930732727 0 0
702 2 0.15263499319553375 0 0
703 2 0.15308143198490143 0 0
704 2 0.1535278558731079 0 0
705 2 0.1539742797613144 0 0
706 2 0.15442070364952087 0 0
707 2 0.15486714243888855 0 0
708 2 0.15531356632709503 0 0
709 2 0.1557599902153015 0 0
710 2 0.1562064290046692 0 0
711 2 0.15665285289287567 0 0
712 2 0.15709927678108215 0 0
713 2 0.15754571557044983 0 0
714 2 0.1579921394586563 0 0
715 2 0.1584385633468628 0 0
716 2 0.15888500213623047 0 0
717 2 0.15933142602443695 0 0
718 2 0.15977784991264343 0 0
719 2 0.1602242887020111 0 0
720 2 0.1606707125902176 0 0
721 2 0.16111713647842407 0 0
722 2 0.16156357526779175 0 0
723 2 0.16200999915599823 0 0
724 2 0.1624564230442047 0 0
725 2 0.1629028469324112 0 0
726 2 0.16334928572177887 0 0
727 2 0.16379570960998535 0 0
728 2 0.16424213349819183 0 0
729 2 0.1646885722875595 0 0
730 2 0.165134996175766 0 0
731 2 0.16558142006397247 0 0
732 2 0.16602785885334015 0 0
733 2 0.16647428274154663 0 0
734 2 0.1669207066297531 0 0
735 2 0.1673671454191208 0 0
736 2 0.16781356930732727 0 0
737 0 0.16825999319553375 0 0
738 0 0.16869661211967468 0 0
739 0 0.16912342607975006 0 0
740 0 0.1695404201745987 0 0
741 1 0.16994762420654297 0 0
742 1 0.1703384667634964 0 0
743 1 0.17071622610092163 0 0
744 1 0.17108091711997986 0 0
745 1 0.1714325100183487 0 0
746 1 0.17177104949951172 0 0
747 1 0.17209649085998535 0 0
748 1 0.17240886390209198 0 0
749 1 0.17260994017124176 0 0
750 1 0.172896146774292 0 0
751 1 0.17316928505897522 0 0
752 1 0.17342934012413025 0 0
753 1 0.17367631196975708 0 0
754 1 0.1739102005958557 0 0
755 1 0.17413102090358734 0 0
756 1 0.17433875799179077 0 0
757 1 0.174533411860466 0 0
758 1 0.17471499741077423 0 0
759 1 0.17488349974155426 0 0
760 1 0.1750389188528061 0 0
761 0 0.17518126964569092 0 0
762 0 0.175313800573349 0 0
763 0 0.17543652653694153 0 0
764 0 0.1755494326353073 0 0
765 0 0.17565254867076874 0 0
766 0 0.17574584484100342 0 0
767 0 0.17582932114601135 0 0
768 0 0.17590300738811493 0 0
769 0 0.17596687376499176 0 0
770 0 0.17602093517780304 0 0
771 0 0.17606517672538757 0 0
772 0 0.17609962821006775 0 0
773 0 0.17612425982952118 0 0
774 0 0.17613908648490906 0 0
775 0 0.1761440932750702 0 0
776 0 0.17613929510116577 0 0
777 0 0.1761443167924881 0 0
778 0 0.17613951861858368 0 0
779 0 0.1761445254087448 0 0
780 0 0.1761397272348404 0 0
781 0 0.17614474892616272 0 0
782 0 0.1761399507522583 0 0
783 0 0.17614497244358063 0 0
784 0 0.1761401742696762 0 0
785 0 0.17614518105983734 0 0
786 0 0.17614038288593292 0 0
787 0 0.17614540457725525 0 0
788 0 0.17614060640335083 0 0
789 0 0.17614561319351196 0 0
790 0 0.17614082992076874 0 0
791 0 0.17614583671092987 0 0
792 0 0.17614103853702545 0 0
793 0 0.17614606022834778 0 0
794 0 0.17614126205444336 0 0
795 0 0.1761462688446045 0 0
796 0 0.17614147067070007 0 0
797 0 0.1761464923620224 0 0
798 0 0.17614169418811798 0 0
799 0 0.1761467158794403 0 0
800 0 0.1761419177055359 0 0
801 0 0.1761419177055359 0 1
0 0 0.1761419177055359 0 1
1 0 0.009991071186959743 0 0
2 0 0.009991071186959743 0 0
3 0 0.009991071186959743 0 0
4 0 0.009991071186959743 0 0
5 0 0.009991071186959743 0 0
6 0 0.009991071186959743 0 0
7 0 0.009991071186959743 0 0
8 0 0.009991071186959743 0 0
9 0 0.009991071186959743 0 0
10 0 0.009991071186959743 0 0
11 0 0.009991071186959743 0 0
12 0 0.009991071186959743 0 0
13 0 0.009991071186959743 0 0
14 0 0.009991071186959743 0 0
15 0 0.009991071186959743 0 0
16 0 0.009991071186959743 0 0
17 0 0.009991071186959743 0 0
18 0 0.009991071186959743 0 0
19 0 0.009991071186959743 0 0
20 0 0.009991071186959743 0 0
21 0 0.009991071186959743 0 0
22 0 0.009991071186959743 0 0
23 0 0.009991071186959743 0 0
24 0 0.009991071186959743 0 0
25 0 0.009991071186959743 0 0
26 0 0.009991071186959743 0 0
27 0 0.009991071186959743 0 0
28 0 0.009991071186959743 0 0
29 0 0.009991071186959743 0 0
30 0 0.009991071186959743 0 0
31 0 0.009991071186959743 0 0
32 0 0.009991071186959743 0 0
33 0 0.009991071186959743 0 0
34 0 0.009991071186959743 0 0
35 0 0.009991071186959743 0 0
36 0 0.009991071186959743 0 0
37 0 0.009991071186959743 0 0
38 0 0.009991071186959743 0 0
39 0 0.009991071186959743 0 0
40 0 0.009991071186959743 0 0
41 0 0.009991071186959743 0 0
42 0 0.009991071186959743 0 0
43 0 0.009991071186959743 0 0
44 0 0.009991071186959743 0 0
45 0 0.009991071186959743 0 0
46 0 0.009991071186959743 0 0
47 0 0.009991071186959743 0 0
48 0 0.009991071186959743 0 0
49 0 0.009991071186959743 0 0
50 0 0.009991071186959743 0 0
51 0 0.009991071186959743 0 0
52 0 0.009991071186959743 0 0
53 0 0.009991071186959743 0 0
54 0 0.009991071186959743 0 0
55 0 0.009991071186959743 0 0
56 0 0.009991071186959743 0 0
57 0 0.009991071186959743 0 0
58 0 0.009991071186959743 0 0
59 0 0.009991071186959743 0 0
60 2 0.009991071186959743 0 0
61 2 0.010137120261788368 0 0
62 2 0.010289708152413368 0 0
63 2 0.010448834858834743 0 0
64 2 0.010614502243697643 0 0
65 2 0.010786708444356918 0 0
66 2 0.010965454392135143 0 0
67 2 0.011150739155709743 0 0
68 2 0.011342564597725868 0 0
69 2 0.011540927924215794 0 0
70 2 0.011745831929147243 0 0
71 2 0.011957274749875069 0 0
72 2 0.012175257317721844 0 0
73 2 0.012399779632687569 0 0
74 2 0.012630841694772243 0 0
75 2 0.012868442572653294 0 0
76 2 0.013112583197653294 0 0
77 2 0.013363263569772243 0 0
78 2 0.013620482757687569 0 0
79 2 0.013884241692721844 0 0
80 18 0.014154540374875069 0 0
81 18 0.014431378804147243 0 0
82 18 0.014714756049215794 0 0
83 18 0.015004673041403294 0 0
84 18 0.015301129780709743 0 0
85 18 0.015604125335812569 0 0
86 18 0.01591366156935692 0 0
87 18 0.01622973568737507 0 0
88 18 0.01655234955251217 0 0
89 18 0.01698189787566662 0 0
90 18 0.017321951687335968 0 0
91 18 0.017670724540948868 0 0
92 18 0.018028216436505318 0 0
93 2 0.018394427374005318 0 0
94 2 0.018769357353448868 0 0
95 2 0.019153006374835968 0 0
96 2 0.01954537443816662 0 0
97 0 0.019946463406085968 0 0
98 0 0.020337741822004318 0 0
99 0 0.020719211548566818 0 0
100 0 0.021090872585773468 0 0
101 0 0.02145272307097912 0 0
102 0 0.021804766729474068 0 0
103 0 0.02214699797332287 0 0
104 0 0.022479422390460968 0 0
105 0 0.022802036255598068 0 0
106 0 0.023114841431379318 0 0
107 0 0.02331962250173092 0 0
108 0 0.02361281029880047 0 0
109 0 0.02389618754386902 0 0
110 0 0.02416975609958172 0 0
111 0 0.02443351410329342 0 0
112 0 0.02468746528029442 0 0
113 0 0.02493160590529442 0 0
114 0 0.02516593597829342 0 0
115 0 0.02539045922458172 0 0
116 0 0.02560517191886902 0 0
117 0 0.02581007592380047 0 0
118 0 0.02600516937673092 0 0
119 0 0.02619045600295067 0 0
120 0 0.02636593207716942 0 0
121 0 0.02653159759938717 0 0
122 0 0.02668745629489422 0 0
123 0 0.02683350443840027 0 0
124 0 0.02696974389255047 0 0
125 0 0.02709617279469967 0 0
126 0 0.02721279487013817 0 0
127 0 0.02731960639357567 0 0
128 0 0.02731960639357567 0 0
129 0 0.02731960639357567 0 0
130 0 0.02731960639357567 0 0
131 0 0.02731960639357567 0 0
132 0 0.02731960639357567 0 0
133 0 0.02731960639357567 0 0
134 2 0.02731960639357567 0 0
135 18 0.02746565453708172 0 0
136 18 0.02761824242770672 0 0
137 18 0.02777737006545067 0 0
138 18 0.02794303558766842 0 0
139 18 0.02811524271965027 0 0
140 18 0.02829398773610592 0 0
141 18 0.02847927436232567 0 0
142 18 0.02867109887301922 0 0
143 18 0.02886946313083172 0 0
144 18 0.02907436713576317 0 0
145 18 0.02928580902516842 0 0
146 18 0.02950379252433777 0 0
147 18 0.02972831390798092 0 0
148 18 0.02995937690138817 0 0
149 18 0.03019697777926922 0 0
150 18 0.03044111840426922 0 0
151 18 0.03069179877638817 0 0
152 18 0.03094901703298092 0 0
153 18 0.03121277689933777 0 0
154 18 0.03148307651281357 0 0
155 18 0.03175991401076317 0 0
156 18 0.03204328939318657 0 0
157 18 0.03233320638537407 0 0
158 18 0.03262966498732567 0 0
159 18 0.03293266147375107 0 0
160 18 0.03324219584465027 0 0
161 18 0.03355827182531357 0 0
162 18 0.03388088569045067 0 0
163 18 0.03431043401360512 0 0
164 18 0.03465048596262932 0 0
165 18 0.03499925881624222 0 0
166 18 0.03535674884915352 0 0
167 18 0.03572295978665352 0 0
168 18 0.03609789162874222 0 0
169 18 0.03648154065012932 0 0
170 18 0.03687391057610512 0 0
171 18 0.03727499768137932 0 0
172 18 0.03768480569124222 0 0
173 2 0.03810333088040352 0 0
174 2 0.03853057697415352 0 0
175 2 0.03896654397249222 0 0
176 2 0.03941122815012932 0 0
177 2 0.03986463323235512 0 0
178 2 0.0403110608458519 0 0
179 2 0.04075748845934868 0 0
180 2 0.04120391979813576 0 0
181 2 0.04165034741163254 0 0
182 2 0.04209677502512932 0 0
183 2 0.0425432026386261 0 0
184 2 0.04298963397741318 0 0
185 2 0.04343606159090996 0 0
186 2 0.04388248920440674 0 0
187 2 0.04432891681790352 0 0
188 2 0.0447753481566906 0 0
189 2 0.04522177577018738 0 0
190 2 0.04566820338368416 0 0
191 2 0.04611463099718094 0 0
192 2 0.04656106233596802 0 0
193 2 0.0470074899494648 0 0
194 2 0.047053392976522446 0 0
195 2 0.0471012219786644 0 0
196 2 0.047151610255241394 0 0
197 2 0.047151610255241394 0 0
198 2 0.047151610255241394 0 0
199 2 0.047151610255241394 0 0
200 2 0.047151610255241394 0 0
201 2 0.047151610255241394 0 0
202 2 0.047151610255241394 0 0
203 2 0.047151610255241394 0 0
204 18 0.047151610255241394 0 0
205 18 0.047151610255241394 0 0
206 18 0.047151610255241394 0 0
207 18 0.047151610255241394 0 0
208 18 0.047151610255241394 0 0
209 18 0.047323815524578094 0 0
210 18 0.047502562403678894 0 0
211 18 0.047687847167253494 0 0
212 18 0.047879669815301895 0 0
213 18 0.048078034073114395 0 0
214 18 0.048282939940690994 0 0
215 18 0.048494383692741394 0 0
216 18 0.048712365329265594 0 0
217 18 0.048936888575553894 0 0
218 18 0.049167949706315994 0 0
219 2 0.049405548721551895 0 0
220 2 0.049649689346551895 0 0
221 2 0.049900371581315994 0 0
222 2 0.050157591700553894 0 0
223 2 0.050421349704265594 0 0
224 0 0.050691649317741394 0 0
225 0 0.050952136516571045 0 0
226 0 0.051202818751335144 0 0
227 0 0.051443688571453094 0 0
228 0 0.051674749702215195 0 0
229 0 0.051896002143621445 0 0
230 0 0.052107445895671844 0 0
231 0 0.052309080958366394 0 0
232 0 0.052500903606414795 0 0
233 0 0.052682921290397644 0 0
234 0 0.052855126559734344 0 0
235 0 0.0528658963739872 0 0
236 0 0.0528658963739872 0 0
237 0 0.0528658963739872 0 0
238 0 0.0528658963739872 0 0
239 0 0.0528658963739872 0 0
240 0 0.0528658963739872 0 0
241 0 0.0528658963739872 0 0
242 0 0.0528658963739872 0 0
243 0 0.0528658963739872 0 0
244 0 0.0528658963739872 0 0
245 0 0.0528658963739872 0 0
246 0 0.0528658963739872 0 0
247 0 0.0528658963739872 0 0
248 0 0.0528658963739872 0 0
249 0 0.0528658963739872 0 0
250 0 0.0528658963739872 0 0
251 0 0.0528658963739872 0 0
252 0 0.0528658963739872 0 0
253 0 0.0528658963739872 0 0
254 0 0.0528658963739872 0 0
255 0 0.0528658963739872 0 0
256 0 0.0528658963739872 0 0
257 0 0.0528658963739872 0 0
258 0 0.0528658963739872 0 0
259 0 0.0528658963739872 0 0
260 0 0.0528658963739872 0 0
261 0 0.0528658963739872 0 0
262 0 0.0528658963739872 0 0
263 0 0.0528658963739872 0 0
264 0 0.0528658963739872 0 0
265 0 0.0528658963739872 0 0
266 0 0.0528658963739872 0 0
267 0 0.0528658963739872 0 0
268 0 0.0528658963739872 0 0
269 0 0.0528658963739872 0 0
270 0 0.0528658963739872 0 0
271 0 0.0528658963739872 0 0
272 0 0.0528658963739872 0 0
273 0 0.0528658963739872 0 0
274 0 0.0528658963739872 0 0
275 0 0.0528658963739872 0 0
276 0 0.0528658963739872 0 0
277 0 0.0528658963739872 0 0
278 0 0.0528658963739872 0 0
279 0 0.0528658963739872 0 0
280 0 0.0528658963739872 0 0
281 0 0.0528658963739872 0 0
282 0 0.0528658963739872 0 0
283 0 0.0528658963739872 0 0
284 0 0.0528658963739872 0 0
285 0 0.0528658963739872 0 0
286 0 0.0528658963739872 0 0
287 0 0.0528658963739872 0 0
288 0 0.0528658963739872 0 0
289 0 0.0528658963739872 0 0
290 0 0.0528658963739872 0 0
291 0 0.0528658963739872 0 0
292 0 0.0528658963739872 0 0
293 0 0.0528658963739872 0 0
294 0 0.0528658963739872 0 0
295 0 0.0528658963739872 0 0
296 0 0.0528658963739872 0 0
297 0 0.0528658963739872 0 0
298 0 0.0528658963739872 0 0
299 0 0.0528658963739872 0 0
300 0 0.0528658963739872 0 0
301 0 0.0528658963739872 0 0
302 0 0.0528658963739872 0 0
303 0 0.0528658963739872 0 0
304 0 0.0528658963739872 0 0
305 0 0.0528658963739872 0 0
306 0 0.0528658963739872 0 0
307 0 0.0528658963739872 0 0
308 0 0.0528658963739872 0 0
309 0 0.0528658963739872 0 0
310 0 0.0528658963739872 0 0
311 0 0.0528658963739872 0 0
312 0 0.0528658963739872 0 0
313 0 0.0528658963739872 0 0
314 0 0.0528658963739872 0 0
315 0 0.0528658963739872 0 0
316 0 0.0528658963739872 0 0
317 0 0.0528658963739872 0 0
318 0 0.0528658963739872 0 0
319 0 0.0528658963739872 0 0
320 0 0.0528658963739872 0 0
321 0 0.0528658963739872 0 0
322 0 0.0528658963739872 0 0
323 0 0.0528658963739872 0 0
324 0 0.0528658963739872 0 0
325 0 0.0528658963739872 0 0
326 0 0.0528658963739872 0 0
327 0 0.0528658963739872 0 0
328 0 0.0528658963739872 0 0
329 0 0.0528658963739872 0 0
330 0 0.0528658963739872 0 0
331 0 0.0528658963739872 0 0
332 0 0.0528658963739872 0 0
333 0 0.0528658963739872 0 0
334 0 0.0528658963739872 0 0
335 0 0.0528658963739872 0 0
336 0 0.0528658963739872 0 0
337 0 0.0528658963739872 0 0
338 0 0.0528658963739872 0 0
339 0 0.0528658963739872 0 0
340 0 0.0528658963739872 0 0
341 0 0.0528658963739872 0 0
342 0 0.0528658963739872 0 0
343 0 0.0528658963739872 0 0
344 0 0.0528658963739872 0 0
345 0 0.0528658963739872 0 0
346 0 0.0528658963739872 0 0
347 0 0.0528658963739872 0 0
348 0 0.0528658963739872 0 0
349 0 0.0528658963739872 0 0
350 0 0.0528658963739872 0 0
351 0 0.0528658963739872 0 0
352 0 0.0528658963739872 0 0
353 0 0.0528658963739872 0 0
354 0 0.0528658963739872 0 0
355 0 0.0528658963739872 0 0
356 0 0.0528658963739872 0 0
357 0 0.0528658963739872 0 0
358 0 0.0528658963739872 0 0
359 0 0.0528658963739872 0 0
360 0 0.0528658963739872 0 0
361 0 0.0528658963739872 0 0
362 0 0.0528658963739872 0 0
363 0 0.0528658963739872 0 0
364 0 0.0528658963739872 0 0
365 0 0.0528658963739872 0 0
366 0 0.0528658963739872 0 0
367 0 0.0528658963739872 0 0
368 0 0.0528658963739872 0 0
369 0 0.0528658963739872 0 0
370 0 0.0528658963739872 0 0
371 0 0.0528658963739872 0 0
372 0 0.0528658963739872 0 0
373 0 0.0528658963739872 0 0
374 2 0.0528658963739872 0 0
375 2 0.0528658963739872 0 0
376 2 0.0528658963739872 0 0
377 2 0.0528658963739872 0 0
378 2 0.0528658963739872 0 0
379 2 0.0528658963739872 0 0
380 2 0.0528658963739872 0 0
381 2 0.0528658963739872 0 0
382 2 0.0528658963739872 0 0
383 2 0.0528658963739872 0 0
384 2 0.0528658963739872 0 0
385 2 0.0528658963739872 0 0
386 2 0.0528658963739872 0 0
387 2 0.0528658963739872 0 0
388 18 0.0528658963739872 0 0
389 18 0.0528658963739872 0 0
390 18 0.0528658963739872 0 0
391 18 0.0528658963739872 0 0
392 18 0.0528658963739872 0 0
393 18 0.0530381016433239 0 0
394 18 0.0532168485224247 0 0
395 18 0.0534021332859993 0 0
396 18 0.0535939559340477 0 0
397 2 0.0537923201918602 0 0
398 2 0.0539972260594368 0 0
399 2 0.0542086698114872 0 0
400 2 0.0544266514480114 0 0
401 2 0.0546511746942997 0 0
402 2 0.0548822358250618 0 0
403 2 0.0551198348402977 0 0
404 2 0.0553639754652977 0 0
405 2 0.0556146577000618 0 0
406 2 0.0558718778192997 0 0
407 2 0.0561356358230114 0 0
408 2 0.0564059354364872 0 0
409 2 0.0566827729344368 0 0
410 2 0.0569661483168602 0 0
411 2 0.0572560653090477 0 0
412 2 0.0575525239109993 0 0
413 2 0.0578555203974247 0 0
414 2 0.0581650547683239 0 0
415 2 0.0584811307489872 0 0
416 2 0.0588037446141243 0 0
417 2 0.05923328921198845 0 0
418 2 0.05957334116101265 0 0
419 2 0.05992211401462555 0 0
420 2 0.06027960777282715 0 0
421 2 0.06064581871032715 0 0
422 2 0.06102074682712555 0 0
423 2 0.06140439584851265 0 0
424 2 0.06179676577448845 0 0
425 2 0.06219785287976265 0 0
426 2 0.06260766088962555 0 0
427 2 0.06302618980407715 0 0
428 2 0.06345343589782715 0 0
429 18 0.06388939917087555 0 0
430 18 0.06433408707380295 0 0
431 18 0.06478749215602875 0 0
432 18 0.06523391604423523 0 0
433 18 0.06568034738302231 0 0
434 18 0.06612677127122879 0 0
435 18 0.06657320261001587 0 0
436 18 0.06701963394880295 0 0
437 18 0.06746605783700943 0 0
438 18 0.06791248917579651 0 0
439 18 0.06835892051458359 0 0
440 18 0.06880534440279007 0 0
441 18 0.06925177574157715 0 0
442 18 0.06969819962978363 0 0
443 18 0.07014463096857071 0 0
444 2 0.07059106230735779 0 0
445 2 0.07103748619556427 0 0
446 2 0.07148391753435135 0 0
447 2 0.07193034887313843 0 0
448 2 0.07237677276134491 0 0
449 2 0.07282320410013199 0 0
450 2 0.07326962798833847 0 0
451 2 0.07371605932712555 0 0
452 2 0.07416249066591263 0 0
453 2 0.07460891455411911 0 0
454 2 0.07505534589290619 0 0
455 2 0.07550177723169327 0 0
456 2 0.07594820111989975 0 0
457 2 0.07639463245868683 0 0
458 2 0.07684106379747391 0 0
459 2 0.07728748768568039 0 0
460 2 0.07773391902446747 0 0
461 2 0.07818034291267395 0 0
462 2 0.07862677425146103 0 0
463 0 0.07907320559024811 0 0
464 0 0.07950982451438904 0 0
465 0 0.07993663102388382 0 0
466 0 0.08035363256931305 0 0
467 0 0.08076082170009613 0 0
468 0 0.08115820586681366 0 0
469 0 0.08154577761888504 0 0
470 0 0.08192354440689087 0 0
471 2 0.08229149878025055 0 0
472 2 0.08266817033290863 0 0
473 18 0.08305356651544571 0 0
474 18 0.08316585421562195 0 1
474 18 0.08316585421562195 0 1
