data/levels/bonus1/abednego-level3.stl
1 0 0.012072917073965073 0 0
2 0 0.012072917073965073 0 0
3 0 0.012072917073965073 0 0
4 0 0.012072917073965073 0 0
5 0 0.012072917073965073 0 0
6 0 0.012072917073965073 0 0
7 0 0.012072917073965073 0 0
8 0 0.012072917073965073 0 0
9 0 0.012072917073965073 0 0
10 0 0.012072917073965073 0 0
11 0 0.012072917073965073 0 0
12 0 0.012072917073965073 0 0
13 0 0.012072917073965073 0 0
14 0 0.012072917073965073 0 0
15 0 0.012072917073965073 0 0
16 0 0.012072917073965073 0 0
17 0 0.012072917073965073 0 0
18 0 0.012072917073965073 0 0
19 0 0.012072917073965073 0 0
20 0 0.012072917073965073 0 0
21 0 0.012072917073965073 0 0
22 0 0.012072917073965073 0 0
23 0 0.012072917073965073 0 0
24 0 0.012072917073965073 0 0
25 0 0.012072917073965073 0 0
26 0 0.012072917073965073 0 0
27 0 0.012072917073965073 0 0
28 0 0.012072917073965073 0 0
29 0 0.012072917073965073 0 0
30 0 0.012072917073965073 0 0
31 0 0.012072917073965073 0 0
32 0 0.012072917073965073 0 0
33 0 0.012072917073965073 0 0
34 0 0.012072917073965073 0 0
35 0 0.012072917073965073 0 0
36 0 0.012072917073965073 0 0
37 0 0.012072917073965073 0 0
38 0 0.012072917073965073 0 0
39 0 0.012072917073965073 0 0
40 0 0.012072917073965073 0 0
41 0 0.012072917073965073 0 0
42 0 0.012072917073965073 0 0
43 0 0.012072917073965073 0 0
44 0 0.012072917073965073 0 0
45 0 0.012072917073965073 0 0
46 0 0.012072917073965073 0 0
47 0 0.012072917073965073 0 0
48 0 0.012072917073965073 0 0
49 0 0.012072917073965073 0 0
50 0 0.012072917073965073 0 0
51 0 0.012072917073965073 0 0
52 0 0.012072917073965073 0 0
53 0 0.012072917073965073 0 0
54 0 0.012072917073965073 0 0
55 0 0.012072917073965073 0 0
56 0 0.012072917073965073 0 0
57 0 0.012072917073965073 0 0
58 0 0.012072917073965073 0 0
59 0 0.012072917073965073 0 0
60 0 0.012072917073965073 0 0
61 0 0.012072917073965073 0 0
62 0 0.012072917073965073 0 0
63 0 0.012072917073965073 0 0
64 0 0.012072917073965073 0 0
65 0 0.012072917073965073 0 0
66 0 0.012072917073965073 0 0
67 0 0.012072917073965073 0 0
68 0 0.012072917073965073 0 0
69 0 0.012072917073965073 0 0
70 0 0.012072917073965073 0 0
71 0 0.012072917073965073 0 0
72 0 0.012072917073965073 0 0
73 0 0.012072917073965073 0 0
74 0 0.012072917073965073 0 0
75 0 0.012072917073965073 0 0
76 0 0.012072917073965073 0 0
77 0 0.012072917073965073 0 0
78 0 0.012072917073965073 0 0
79 0 0.012072917073965073 0 0
80 0 0.012072917073965073 0 0
81 0 0.012072917073965073 0 0
82 0 0.012072917073965073 0 0
83 0 0.012072917073965073 0 0
84 0 0.012072917073965073 0 0
85 0 0.012072917073965073 0 0
86 0 0.012072917073965073 0 0
87 0 0.012072917073965073 0 0
88 0 0.012072917073965073 0 0
89 0 0.012072917073965073 0 0
90 0 0.012072917073965073 0 0
91 0 0.012072917073965073 0 0
92 0 0.012072917073965073 0 0
93 0 0.012072917073965073 0 0
94 0 0.012072917073965073 0 0
95 0 0.012072917073965073 0 0
96 0 0.012072917073965073 0 0
97 0 0.012072917073965073 0 0
98 0 0.012072917073965073 0 0
99 0 0.012072917073965073 0 0
100 0 0.012072917073965073 0 0
101 0 0.012072917073965073 0 0
102 0 0.012072917073965073 0 0
103 0 0.012072917073965073 0 0
104 0 0.012072917073965073 0 0
105 0 0.012072917073965073 0 0
106 0 0.012072917073965073 0 0
107 0 0.012072917073965073 0 0
108 0 0.012072917073965073 0 0
109 0 0.012072917073965073 0 0
110 0 0.012072917073965073 0 0
111 0 0.012072917073965073 0 0
112 0 0.012072917073965073 0 0
113 0 0.012072917073965073 0 0
114 0 0.012072917073965073 0 0
115 0 0.012072917073965073 0 0
116 0 0.012072917073965073 0 0
117 0 0.012072917073965073 0 0
118 0 0.012072917073965073 0 0
119 0 0.012072917073965073 0 0
120 0 0.012072917073965073 0 0
121 0 0.012072917073965073 0 0
122 0 0.012072917073965073 0 0
123 0 0.012072917073965073 0 0
124 0 0.012072917073965073 0 0
125 0 0.012072917073965073 0 0
126 0 0.012072917073965073 0 0
127 0 0.012072917073965073 0 0
128 0 0.012072917073965073 0 0
129 0 0.012072917073965073 0 0
130 0 0.012072917073965073 0 0
131 0 0.012072917073965073 0 0
132 0 0.012072917073965073 0 0
133 0 0.012072917073965073 0 0
134 0 0.012072917073965073 0 0
135 0 0.012072917073965073 0 0
136 0 0.012072917073965073 0 0
137 0 0.012072917073965073 0 0
138 0 0.012072917073965073 0 0
139 0 0.012072917073965073 0 0
140 0 0.012072917073965073 0 0
141 0 0.012072917073965073 0 0
142 0 0.012072917073965073 0 0
143 0 0.012072917073965073 0 0
144 0 0.012072917073965073 0 0
145 0 0.012072917073965073 0 0
146 0 0.012072917073965073 0 0
147 0 0.012072917073965073 0 0
148 0 0.012072917073965073 0 0
149 0 0.012072917073965073 0 0
150 0 0.012072917073965073 0 0
151 0 0.012072917073965073 0 0
152 0 0.012072917073965073 0 0
153 0 0.012072917073965073 0 0
154 0 0.012072917073965073 0 0
155 0 0.012072917073965073 0 0
156 0 0.012072917073965073 0 0
157 0 0.012072917073965073 0 0
158 0 0.012072917073965073 0 0
159 0 0.012072917073965073 0 0
160 0 0.012072917073965073 0 0
161 0 0.012072917073965073 0 0
162 0 0.012072917073965073 0 0
163 0 0.012072917073965073 0 0
164 0 0.012072917073965073 0 0
165 0 0.012072917073965073 0 0
166 0 0.012072917073965073 0 0
167 0 0.012072917073965073 0 0
168 0 0.012072917073965073 0 0
169 0 0.012072917073965073 0 0
170 0 0.012072917073965073 0 0
171 0 0.012072917073965073 0 0
172 0 0.012072917073965073 0 0
173 0 0.012072917073965073 0 0
174 0 0.012072917073965073 0 0
175 0 0.012072917073965073 0 0
176 0 0.012072917073965073 0 0
177 0 0.012072917073965073 0 0
178 0 0.012072917073965073 0 0
179 0 0.012072917073965073 0 0
180 0 0.012072917073965073 0 0
181 0 0.012072917073965073 0 0
182 0 0.012072917073965073 0 0
183 0 0.012072917073965073 0 0
184 0 0.012072917073965073 0 0
185 0 0.012072917073965073 0 0
186 0 0.012072917073965073 0 0
187 0 0.012072917073965073 0 0
188 0 0.012072917073965073 0 0
189 0 0.012072917073965073 0 0
190 0 0.012072917073965073 0 0
191 0 0.012072917073965073 0 0
192 0 0.012072917073965073 0 0
193 0 0.012072917073965073 0 0
194 0 0.012072917073965073 0 0
195 0 0.012072917073965073 0 0
196 0 0.012072917073965073 0 0
197 0 0.012072917073965073 0 0
198 0 0.012072917073965073 0 0
199 0 0.012072917073965073 0 0
200 0 0.012072917073965073 0 0
201 0 0.012072917073965073 0 0
202 2 0.012072917073965073 0 0
203 2 0.012243306264281273 0 0
204 2 0.012421325780451298 0 0
205 2 0.012606974691152573 0 0
206 2 0.012800252065062523 0 0
207 2 0.013001159764826298 0 0
208 2 0.013209696859121323 0 0
209 2 0.013425862416625023 0 0
210 2 0.013649657368659973 0 0
211 2 0.013881082646548748 0 0
212 2 0.014120137318968773 0 0
213 2 0.014366820454597473 0 0
214 2 0.014621133916079998 0 0
215 2 0.014883076772093773 0 0
216 2 0.015152648091316223 0 0
217 2 0.015429849736392498 0 0
218 2 0.015714680776000023 0 0
219 2 0.016007140278816223 0 0
220 2 0.016307229176163673 0 0
221 2 0.016614949330687523 0 0
222 2 0.016930297017097473 0 0
223 2 0.017253274098038673 0 0
224 2 0.017583882436156273 0 0
225 2 0.017922118306159973 0 0
226 2 0.018267983570694923 0 0
227 2 0.018621480092406273 0 0
228 2 0.018982604146003723 0 0
229 2 0.019351357594132423 0 0
230 2 0.019727742299437523 0 0
231 2 0.020228881388902664 0 0
232 1 0.020625609904527664 0 0
233 1 0.02100326493382454 0 0
234 0 0.021365661174058914 0 0
235 0 0.021602028980851173 0 0
236 0 0.0219415370374918 0 0
237 0 0.02226960100233555 0 0
238 2 0.022586220875382423 0 0
239 2 0.02291047014296055 0 0
240 0 0.023242348805069923 0 0
241 0 0.023562783375382423 0 0
242 0 0.02387177385389805 0 0
243 0 0.0241693202406168 0 0
244 0 0.024455422535538673 0 0
245 0 0.024730080738663673 0 0
246 16 0.0249932948499918 0 0
247 16 0.02524506486952305 0 0
248 16 0.025485390797257423 0 0
249 16 0.025714272633194923 0 0
250 0 0.02593171037733555 0 0
251 0 0.0261377040296793 0 0
252 1 0.026332253590226173 0 0
253 1 0.02651154436171055 0 0
254 1 0.026675576344132423 0 0
255 1 0.0268243495374918 0 0
256 1 0.026653960347175598 0 0
257 1 0.026475941762328148 0 0
258 1 0.0262902919203043 0 0
259 1 0.026097014546394348 0 0
260 1 0.025896107777953148 0 0
261 1 0.02568756975233555 0 0
262 1 0.025471404194831848 0 0
263 1 0.025247609242796898 0 0
264 1 0.02501618303358555 0 0
265 1 0.024777129292488098 0 0
266 0 0.024530446156859398 0 0
267 0 0.024295205250382423 0 0
268 0 0.024071410298347473 0 0
269 0 0.023859059438109398 0 0
270 0 0.02365815080702305 0 0
271 0 0.023468688130378723 0 0
272 2 0.023290669545531273 0 0
273 2 0.023127907887101173 0 0
274 2 0.022980406880378723 0 0
275 2 0.023150796070694923 0 0
276 2 0.023328816518187523 0 0
277 2 0.023514464497566223 0 0
278 2 0.023707741871476173 0 0
279 2 0.023908650502562523 0 0
280 2 0.024117186665534973 0 0
281 2 0.024333352223038673 0 0
282 2 0.024557149037718773 0 0
283 2 0.024788573384284973 0 0
284 2 0.025027627125382423 0 0
285 2 0.025274312123656273 0 0
286 2 0.025528624653816223 0 0
287 2 0.025790566578507423 0 0
288 2 0.026060139760375023 0 0
289 18 0.026337340474128723 0 0
290 18 0.026622170582413673 0 0
291 18 0.026914631947875023 0 0
292 2 0.027214720845222473 0 0
293 2 0.027522439137101173 0 0
294 18 0.027837788686156273 0 0
295 18 0.028160765767097473 0 0
296 2 0.028491372242569923 0 0
297 2 0.028829609975218773 0 0
298 2 0.029175475239753723 0 0
299 2 0.029528969898819923 0 0
300 2 0.029890095815062523 0 0
301 2 0.030258849263191223 0 0
302 2 0.030635232105851173 0 0
303 2 0.031136373057961464 0 0
304 2 0.031533099710941315 0 0
305 2 0.031940001994371414 0 0
306 0 0.032357074320316315 0 0
307 0 0.03276270627975464 0 0
308 0 0.03315689042210579 0 0
309 0 0.033539630472660065 0 0
310 1 0.033910930156707764 0 0
311 1 0.03415238484740257 0 0
312 1 0.03449316322803497 0 0
313 1 0.034818682819604874 0 0
314 1 0.03512894734740257 0 0
315 1 0.03542394936084747 0 0
316 1 0.035703692585229874 0 0
317 1 0.03596818074584007 0 0
318 1 0.03621740639209747 0 0
319 1 0.03610347583889961 0 0
320 1 0.03632218390703201 0 0
321 1 0.03652563318610191 0 0
322 1 0.03671382740139961 0 0
323 1 0.03688675910234451 0 0
324 1 0.03704443201422691 0 0
325 1 0.03687404468655586 0 0
326 1 0.03669602423906326 0 0
327 1 0.03651037439703941 0 0
328 1 0.03631709888577461 0 0
329 1 0.03611619025468826 0 0
330 1 0.03590765222907066 0 0
331 1 0.03569148853421211 0 0
332 1 0.03546769171953201 0 0
333 1 0.03523626551032066 0 0
334 1 0.03499721363186836 0 0
335 0 0.03475052863359451 0 0
336 1 0.03451528772711754 0 0
337 1 0.03427242115139961 0 0
338 1 0.03402192145586014 0 0
339 1 0.03376379236578941 0 0
340 0 0.03349803760647774 0 0
341 0 0.03324372321367264 0 0
342 0 0.03300085291266441 0 0
343 2 0.03276943042874336 0 0
344 2 0.03255326300859451 0 0
345 2 0.03235235437750816 0 0
346 2 0.03216670826077461 0 0
347 2 0.03199631720781326 0 0
348 2 0.03184118494391441 0 0
349 2 0.03201157599687576 0 0
350 2 0.03218959644436836 0 0
351 2 0.03237524256110191 0 0
352 2 0.03256852179765701 0 0
353 2 0.03276943042874336 0 0
354 2 0.03297796472907066 0 0
355 2 0.03319413214921951 0 0
356 2 0.03341792896389961 0 0
357 2 0.03364935144782066 0 0
358 2 0.03388840705156326 0 0
359 2 0.03413509204983711 0 0
360 2 0.03438940271735191 0 0
361 2 0.03465134650468826 0 0
362 2 0.03492091968655586 0 0
363 2 0.03519811853766441 0 0
364 2 0.03548295050859451 0 0
365 2 0.03577541187405586 0 0
366 2 0.03607549890875816 0 0
367 2 0.03638321906328201 0 0
368 2 0.03669856861233711 0 0
369 2 0.03702154383063316 0 0
370 2 0.03735215216875076 0 0
371 2 0.03769038990139961 0 0
372 2 0.03803625330328941 0 0
373 2 0.03838974982500076 0 0
374 2 0.03875087574124336 0 0
375 2 0.03911962732672691 0 0
376 2 0.03949601203203201 0 0
377 2 0.0399971529841423 0 0
378 2 0.0403938814997673 0 0
379 2 0.040800780057907104 0 0
380 2 0.0412178561091423 0 0
381 2 0.0416451022028923 0 0
382 2 0.042082518339157104 0 0
383 2 0.0425301119685173 0 0
384 2 0.0429878756403923 0 0
385 2 0.043455809354782104 0 0
386 2 0.0439339205622673 0 0
387 2 0.0444222018122673 0 0
388 2 0.044920653104782104 0 0
389 2 0.0454292818903923 0 0
390 2 0.0459480807185173 0 0
391 2 0.046477049589157104 0 0
392 2 0.046997882425785065 0 0
393 2 0.04751871898770332 0 0
394 2 0.048039551824331284 0 0
395 2 0.048560384660959244 0 0
396 2 0.049081217497587204 0 0
397 2 0.049602050334215164 0 0
398 2 0.050122883170843124 0 0
399 2 0.050643716007471085 0 0
400 2 0.05116455256938934 0 0
401 2 0.0516853854060173 0 0
402 2 0.052206218242645264 0 0
403 2 0.052727051079273224 0 0
404 2 0.053247883915901184 0 0
405 2 0.053768716752529144 0 0
406 2 0.054289549589157104 0 0
407 2 0.054810382425785065 0 0
408 2 0.05533121898770332 0 0
409 2 0.055852051824331284 0 0
410 2 0.056372884660959244 0 0
411 2 0.056893717497587204 0 0
412 2 0.057414550334215164 0 0
413 2 0.057935383170843124 0 0
414 2 0.058456216007471085 0 0
415 2 0.05897705256938934 0 0
416 2 0.0594978854060173 0 0
417 2 0.060018718242645264 0 0
418 2 0.060539551079273224 0 0
419 2 0.061060383915901184 0 0
420 2 0.061581216752529144 0 0
421 2 0.062102049589157104 0 0
422 2 0.06262288242578506 0 0
423 2 0.06314371526241302 0 0
424 2 0.06366454809904099 0 0
425 2 0.06418538093566895 0 0
426 2 0.0647062137722969 0 0
427 2 0.06522705405950546 0 0
428 2 0.06574788689613342 0 0
429 2 0.06626871973276138 0 0
430 2 0.06678955256938934 0 0
431 2 0.0673103854060173 0 0
432 2 0.06783121824264526 0 0
433 2 0.06835205107927322 0 0
434 2 0.06887288391590118 0 0
435 2 0.06939371675252914 0 0
436 2 0.0699145495891571 0 0
437 2 0.07043538242578506 0 0
438 2 0.07095621526241302 0 0
439 2 0.07147704809904099 0 0
440 2 0.07199788093566895 0 0
441 2 0.0725187137722969 0 0
442 2 0.07303955405950546 0 0
443 2 0.07356038689613342 0 0
444 2 0.07408121973276138 0 0
445 2 0.07460205256938934 0 0
446 2 0.0751228854060173 0 0
447 2 0.07564371824264526 0 0
448 2 0.07616455107927322 0 0
449 2 0.07668538391590118 0 0
450 2 0.07720621675252914 0 0
451 2 0.0777270495891571 0 0
452 2 0.07824788242578506 0 0
453 2 0.07876871526241302 0 0
454 2 0.07928954809904099 0 0
455 2 0.07981038093566895 0 0
456 2 0.0803312137722969 0 0
457 2 0.08085205405950546 0 0
458 2 0.08137288689613342 0 0
459 2 0.08189371973276138 0 0
460 2 0.08241455256938934 0 0
461 2 0.0829353854060173 0 0
462 2 0.08345621824264526 0 0
463 2 0.08397705107927322 0 0
464 2 0.08449788391590118 0 0
465 2 0.08501871675252914 0 0
466 2 0.0855395495891571 0 0
467 2 0.08606038242578506 0 0
468 2 0.08658121526241302 0 0
469 2 0.08710204809904099 0 0
470 2 0.08762288093566895 0 0
471 2 0.0881437137722969 0 0
472 2 0.08866455405950546 0 0
473 2 0.08918538689613342 0 0
474 2 0.08970621973276138 0 0
475 2 0.09022705256938934 0 0
476 2 0.0907478854060173 0 0
477 2 0.09126871824264526 0 0
478 18 0.09178955107927322 0 0
479 18 0.09231038391590118 0 0
480 18 0.09283121675252914 0 0
481 18 0.0933520495891571 0 0
482 18 0.09387288242578506 0 0
483 18 0.09439371526241302 0 0
484 18 0.09491454809904099 0 0
485 18 0.09543538093566895 0 0
486 2 0.0959562137722969 0 0
487 2 0.09647705405950546 0 0
488 2 0.09699788689613342 0 0
489 2 0.09751871973276138 0 0
490 2 0.09803955256938934 0 0
491 2 0.0985603854060173 0 0
492 2 0.09908121824264526 0 0
493 2 0.09960205107927322 0 0
494 2 0.10012288391590118 0 0
495 2 0.10064371675252914 0 0
496 2 0.1011645495891571 0 0
497 2 0.10168538242578506 0 0
498 2 0.10220621526241302 0 0
499 2 0.10272704809904099 0 0
500 2 0.10324788093566895 0 0
501 18 0.1037687137722969 0 0
502 2 0.10428955405950546 0 0
503 2 0.10481038689613342 0 0
504 2 0.10533121973276138 0 0
505 2 0.10585205256938934 0 0
506 2 0.1063728854060173 0 0
507 2 0.10689371824264526 0 0
508 2 0.10741455107927322 0 0
509 2 0.10793538391590118 0 0
510 2 0.10845621675252914 0 0
511 2 0.1089770495891571 0 0
512 1 0.10949788242578506 0 0
513 1 0.11000345647335052 0 0
514 1 0.11049377173185349 0 0
515 1 0.11096882820129395 0 0
516 1 0.1114286258816719 0 0
517 1 0.11187317222356796 0 0
518 1 0.11230245232582092 0 0
519 1 0.11271647363901138 0 0
520 1 0.11311523616313934 0 0
521 1 0.1134987398982048 0 0
522 1 0.11386698484420776 0 0
523 1 0.11410538852214813 0 0
524 1 0.11444311589002609 0 0
525 1 0.11476558446884155 0 0
526 1 0.11507279425859451 0 0
527 1 0.11536474525928497 0 0
528 0 0.11564144492149353 0 0
529 0 0.11590669304132462 0 0
530 0 0.11616049706935883 0 0
531 0 0.11640285700559616 0 0
532 0 0.11663377285003662 0 0
533 0 0.1168532446026802 0 0
534 0 0.11706127226352692 0 0
535 0 0.11725785583257675 0 0
536 0 0.11744299530982971 0 0
537 0 0.1176166906952858 0 0
538 0 0.11777894198894501 0 0
539 0 0.11792974919080734 0 0
540 0 0.1180691123008728 0 0
541 0 0.11819703131914139 0 0
542 0 0.1183135062456131 0 0
543 0 0.11841854453086853 0 0
544 0 0.11851213127374649 0 0
545 0 0.11859427392482758 0 0
546 0 0.11866497248411179 0 0
547 0 0.11872422695159912 0 0
548 0 0.11877203732728958 0 0
549 0 0.11880840361118317 0 0
550 0 0.11883332580327988 0 0
551 2 0.11884680390357971 0 0
552 2 0.11901719123125076 0 0
553 2 0.11919521540403366 0 0
554 2 0.11938086152076721 0 0
555 2 0.11957413703203201 0 0
556 2 0.11977504938840866 0 0
557 2 0.11998358368873596 0 0
558 2 0.12019974738359451 0 0
559 2 0.12042354792356491 0 0
560 2 0.12065497040748596 0 0
561 2 0.12089038640260696 0 0
562 2 0.121129609644413 0 0
563 2 0.121129609644413 0 1
563 2 0.121129609644413 0 1
