data/levels/bonus2/level15.stl
1 0 0.009991071186959743 0 0
2 0 0.009991071186959743 0 0
3 0 0.009991071186959743 0 0
4 0 0.009991071186959743 0 0
5 0 0.009991071186959743 0 0
6 0 0.009991071186959743 0 0
7 0 0.009991071186959743 0 0
8 0 0.009991071186959743 0 0
9 0 0.009991071186959743 0 0
10 0 0.009991071186959743 0 0
11 0 0.009991071186959743 0 0
12 0 0.009991071186959743 0 0
13 0 0.009991071186959743 0 0
14 0 0.009991071186959743 0 0
15 0 0.009991071186959743 0 0
16 0 0.009991071186959743 0 0
17 0 0.009991071186959743 0 0
18 0 0.009991071186959743 0 0
19 0 0.009991071186959743 0 0
20 0 0.009991071186959743 0 0
21 0 0.009991071186959743 0 0
22 0 0.009991071186959743 0 0
23 0 0.009991071186959743 0 0
24 0 0.009991071186959743 0 0
25 0 0.009991071186959743 0 0
26 0 0.009991071186959743 0 0
27 0 0.009991071186959743 0 0
28 0 0.009991071186959743 0 0
29 0 0.009991071186959743 0 0
30 0 0.009991071186959743 0 0
31 0 0.009991071186959743 0 0
32 0 0.009991071186959743 0 0
33 0 0.009991071186959743 0 0
34 0 0.009991071186959743 0 0
35 0 0.009991071186959743 0 0
36 0 0.009991071186959743 0 0
37 0 0.009991071186959743 0 0
38 0 0.009991071186959743 0 0
39 0 0.009991071186959743 0 0
40 0 0.009991071186959743 0 0
41 0 0.009991071186959743 0 0
42 0 0.009991071186959743 0 0
43 0 0.009991071186959743 0 0
44 0 0.009991071186959743 0 0
45 0 0.009991071186959743 0 0
46 0 0.009991071186959743 0 0
47 0 0.009991071186959743 0 0
48 0 0.009991071186959743 0 0
49 0 0.009991071186959743 0 0
50 0 0.009991071186959743 0 0
51 0 0.009991071186959743 0 0
52 0 0.009991071186959743 0 0
53 0 0.009991071186959743 0 0
54 0 0.009991071186959743 0 0
55 0 0.009991071186959743 0 0
56 0 0.009991071186959743 0 0
57 0 0.009991071186959743 0 0
58 0 0.009991071186959743 0 0
59 0 0.009991071186959743 0 0
60 0 0.009991071186959743 0 0
61 0 0.009991071186959743 0 0
62 0 0.009991071186959743 0 0
63 0 0.009991071186959743 0 0
64 0 0.009991071186959743 0 0
65 0 0.009991071186959743 0 0
66 0 0.009991071186959743 0 0
67 0 0.009991071186959743 0 0
68 0 0.009991071186959743 0 0
69 0 0.009991071186959743 0 0
70 0 0.009991071186959743 0 0
71 0 0.009991071186959743 0 0
72 0 0.009991071186959743 0 0
73 0 0.009991071186959743 0 0
74 0 0.009991071186959743 0 0
75 0 0.009991071186959743 0 0
76 0 0.009991071186959743 0 0
77 0 0.009991071186959743 0 0
78 0 0.009991071186959743 0 0
79 0 0.009991071186959743 0 0
80 0 0.009991071186959743 0 0
81 0 0.009991071186959743 0 0
82 0 0.009991071186959743 0 0
83 0 0.009991071186959743 0 0
84 2 0.009991071186959743 0 0
85 2 0.010137120261788368 0 0
86 2 0.010289708152413368 0 0
87 2 0.010448834858834743 0 0
88 2 0.010614502243697643 0 0
89 2 0.010786708444356918 0 0
90 2 0.010965454392135143 0 0
91 2 0.011150739155709743 0 0
92 2 0.011342564597725868 0 0
93 2 0.011540927924215794 0 0
94 2 0.011745831929147243 0 0
95 2 0.011957274749875069 0 0
96 2 0.012175257317721844 0 0
97 2 0.012399779632687569 0 0
98 2 0.012630841694772243 0 0
99 2 0.012868442572653294 0 0
100 2 0.013112583197653294 0 0
101 2 0.013363263569772243 0 0
102 2 0.013620482757687569 0 0
103 2 0.013884241692721844 0 0
104 18 0.014154540374875069 0 0
105 18 0.014431378804147243 0 0
106 18 0.014714756049215794 0 0
107 18 0.015004673041403294 0 0
108 18 0.015301129780709743 0 0
109 18 0.015604125335812569 0 0
110 18 0.01591366156935692 0 0
111 18 0.01622973568737507 0 0
112 2 0.01655234955251217 0 0
113 2 0.01698189787566662 0 0
114 2 0.017321951687335968 0 0
115 2 0.017670724540948868 0 0
116 2 0.018028216436505318 0 0
117 2 0.018394427374005318 0 0
118 0 0.018769357353448868 0 0
119 0 0.019134478643536568 0 0
120 0 0.019489789381623268 0 0
121 0 0.01983529143035412 0 0
122 0 0.02017098478972912 0 0
123 0 0.020496869459748268 0 0
124 0 0.020812945440411568 0 0
125 0 0.02102099545300007 0 0
126 1 0.02131745219230652 0 0
127 1 0.02160082943737507 0 0
128 1 0.02187112718820572 0 0
129 1 0.02212834730744362 0 0
130 1 0.02237248793244362 0 0
131 1 0.02260354906320572 0 0
132 1 0.02282153256237507 0 0
133 1 0.02302643656730652 0 0
134 1 0.02321826107800007 0 0
135 1 0.02339700609445572 0 0
136 1 0.02356267347931862 0 0
137 1 0.02371526136994362 0 0
138 1 0.02385476976633072 0 0
139 1 0.02398120053112507 0 0
140 1 0.02383515238761902 0 0
141 1 0.02368256449699402 0 0
142 1 0.02352343685925007 0 0
143 1 0.02335776947438717 0 0
144 0 0.02318556420505047 0 0
145 0 0.02302316576242447 0 0
146 0 0.02287057787179947 0 0
147 0 0.02272780053317547 0 0
148 0 0.02259483002126217 0 0
149 0 0.02259483002126217 0 0
150 2 0.02259483002126217 0 0
151 2 0.02274087816476822 0 0
152 2 0.02289346605539322 0 0
153 2 0.02305259369313717 0 0
154 2 0.02321826107800007 0 0
155 2 0.02339046820998192 0 0
156 2 0.02356921322643757 0 0
157 2 0.02375449799001217 0 0
158 2 0.02394632250070572 0 0
159 2 0.02414468675851822 0 0
160 2 0.02434959076344967 0 0
161 2 0.02456103451550007 0 0
162 18 0.02477901801466942 0 0
163 18 0.02500353939831257 0 0
164 18 0.02523460052907467 0 0
165 18 0.02547220140695572 0 0
166 18 0.02571634203195572 0 0
167 18 0.02596702240407467 0 0
168 18 0.02622424252331257 0 0
169 18 0.02648800238966942 0 0
170 18 0.02675830014050007 0 0
171 18 0.02703513763844967 0 0
172 18 0.02731851488351822 0 0
173 18 0.02760843187570572 0 0
174 18 0.02790488861501217 0 0
175 18 0.02820788510143757 0 0
176 18 0.02851742133498192 0 0
177 18 0.02883349545300007 0 0
178 18 0.02915610931813717 0 0
179 18 0.02958565764129162 0 0
180 18 0.029925711452960968 0 0
181 18 0.030274484306573868 0 0
182 18 0.030631976202130318 0 0
183 18 0.030998187139630318 0 0
184 18 0.03137311711907387 0 0
185 18 0.03175676614046097 0 0
186 2 0.03214913606643677 0 0
187 2 0.03255022317171097 0 0
188 2 0.03296003118157387 0 0
189 2 0.03337855637073517 0 0
190 2 0.03380580246448517 0 0
191 2 0.03424176946282387 0 0
192 2 0.03468645364046097 0 0
193 2 0.03513985872268677 0 0
194 2 0.03558628633618355 0 0
195 2 0.03603271394968033 0 0
196 2 0.03647914156317711 0 0
197 2 0.03692557290196419 0 0
198 2 0.03737200051546097 0 0
199 2 0.03781842812895775 0 0
200 2 0.03826485946774483 0 0
201 2 0.03871128708124161 0 0
202 2 0.03915771469473839 0 0
203 2 0.03960414230823517 0 0
204 2 0.04005057364702225 0 0
205 2 0.04049700126051903 0 0
206 2 0.04094342887401581 0 0
207 2 0.04138985648751259 0 0
208 2 0.04183628782629967 0 0
209 2 0.04228271543979645 0 0
210 2 0.04272914305329323 0 0
211 2 0.04317557066679001 0 0
212 2 0.04362200200557709 0 0
213 2 0.04406842961907387 0 0
214 2 0.04451485723257065 0 0
215 2 0.04496128484606743 0 0
216 2 0.04540771618485451 0 0
217 2 0.04585414379835129 0 0
218 2 0.04630057141184807 0 0
219 2 0.04674699902534485 0 0
220 2 0.047053392976522446 0 0
221 2 0.0471012219786644 0 0
222 2 0.047151610255241394 0 0
223 2 0.047151610255241394 0 0
224 18 0.047151610255241394 0 0
225 18 0.047151610255241394 0 0
226 18 0.047151610255241394 0 0
227 18 0.047151610255241394 0 0
228 18 0.047151610255241394 0 0
229 18 0.047323815524578094 0 0
230 18 0.047502562403678894 0 0
231 18 0.047687847167253494 0 0
232 18 0.047879669815301895 0 0
233 18 0.048078034073114395 0 0
234 18 0.048282939940690994 0 0
235 18 0.048494383692741394 0 0
236 18 0.048712365329265594 0 0
237 18 0.048936888575553894 0 0
238 18 0.049167949706315994 0 0
239 18 0.049405548721551895 0 0
240 18 0.049649689346551895 0 0
241 18 0.049900371581315994 0 0
242 18 0.050157591700553894 0 0
243 18 0.050421349704265594 0 0
244 18 0.050691649317741394 0 0
245 18 0.050968486815690994 0 0
246 18 0.051251862198114395 0 0
247 18 0.051541779190301895 0 0
248 2 0.051838237792253494 0 0
249 2 0.052141234278678894 0 0
250 2 0.052450768649578094 0 0
251 2 0.052766844630241394 0 0
252 2 0.053089458495378494 0 0
253 2 0.053519003093242645 0 0
254 2 0.053859055042266846 0 0
255 2 0.054207827895879745 0 0
256 2 0.054565321654081345 0 0
257 2 0.054931532591581345 0 0
258 2 0.055306460708379745 0 0
259 2 0.055624820291996 0 0
260 2 0.055672649294137955 0 0
261 2 0.05572303757071495 0 0
262 2 0.05572303757071495 0 0
263 2 0.05572303757071495 0 0
264 2 0.05572303757071495 0 0
265 2 0.05572303757071495 0 0
266 2 0.05572303757071495 0 0
267 2 0.05572303757071495 0 0
268 2 0.05572303757071495 0 0
269 2 0.05572303757071495 0 0
270 2 0.05572303757071495 0 0
271 2 0.05572303757071495 0 0
272 18 0.05572303757071495 0 0
273 18 0.05572303757071495 0 0
274 18 0.05572303757071495 0 0
275 18 0.05572303757071495 0 0
276 18 0.05572303757071495 0 0
277 18 0.05589524284005165 0 0
278 18 0.05607398971915245 0 0
279 2 0.05625927448272705 0 0
280 2 0.05645110085606575 0 0
281 2 0.05664946511387825 0 0
282 2 0.05685436725616455 0 0
283 2 0.05706581100821495 0 0
284 2 0.05728379264473915 0 0
285 2 0.05750831589102745 0 0
286 2 0.05773937702178955 0 0
287 2 0.05797697976231575 0 0
288 0 0.05822112038731575 0 0
289 0 0.0584554523229599 0 0
290 0 0.0586799718439579 0 0
291 0 0.05889468640089035 0 0
292 0 0.05909958854317665 0 0
293 0 0.0592946857213974 0 0
294 0 0.059479970484972 0 0
295 0 0.05965544655919075 0 0
296 0 0.05982111394405365 0 0
297 0 0.0599769689142704 0 0
298 0 0.0601230189204216 0 0
299 0 0.06025925651192665 0 0
300 0 0.06038568913936615 0 0
301 0 0.0605023093521595 0 0
302 0 0.060609120875597 0 0
303 0 0.06070612370967865 0 0
304 2 0.06079331412911415 0 0
305 2 0.06093936413526535 0 0
306 2 0.06109195202589035 0 0
307 2 0.06125107780098915 0 0
308 2 0.06141674518585205 0 0
309 2 0.06158895045518875 0 0
310 2 0.06176769733428955 0 0
311 2 0.06195298209786415 0 0
312 2 0.06214480847120285 0 0
313 2 0.06234317272901535 0 0
314 2 0.06254807859659195 0 0
315 2 0.06275951862335205 0 0
316 2 0.06297750025987625 0 0
317 2 0.06320202350616455 0 0
318 2 0.06343308836221695 0 0
319 2 0.06367068737745285 0 0
320 2 0.06391482800245285 0 0
321 2 0.06416551023721695 0 0
322 2 0.06442272663116455 0 0
323 2 0.06468648463487625 0 0
324 2 0.06495678424835205 0 0
325 2 0.06523362547159195 0 0
326 2 0.06551700085401535 0 0
327 2 0.06580691784620285 0 0
328 2 0.06610337644815445 0 0
329 2 0.06640636920928955 0 0
330 2 0.06671590358018875 0 0
331 2 0.06703197956085205 0 0
332 18 0.06735459715127945 0 0
333 18 0.0677841380238533 0 0
334 18 0.0681241899728775 0 0
335 18 0.0684729665517807 0 0
336 18 0.0688304603099823 0 0
337 18 0.0691966712474823 0 0
338 18 0.0695715993642807 0 0
339 18 0.0699552446603775 0 0
340 18 0.0703476145863533 0 0
341 18 0.0707487016916275 0 0
342 18 0.0711585134267807 0 0
343 18 0.0715770423412323 0 0
344 18 0.0720042884349823 0 0
345 18 0.0724402517080307 0 0
346 18 0.0728849321603775 0 0
347 18 0.0733383372426033 0 0
348 18 0.07378476858139038 0 0
349 18 0.07423119992017746 0 0
350 18 0.07467762380838394 0 0
351 18 0.07512405514717102 0 0
352 18 0.0755704790353775 0 0
353 18 0.07601691037416458 0 0
354 2 0.07646334171295166 0 0
355 2 0.07690976560115814 0 0
356 2 0.07735619693994522 0 0
357 2 0.0778026282787323 0 0
358 2 0.07824905216693878 0 0
359 2 0.07869548350572586 0 0
360 2 0.07914190739393234 0 0
361 2 0.07958833873271942 0 0
362 2 0.0800347700715065 0 0
363 2 0.08048119395971298 0 0
364 2 0.08092762529850006 0 0
365 2 0.08137405663728714 0 0
366 2 0.08182048052549362 0 0
367 2 0.0822669118642807 0 0
368 2 0.08271334320306778 0 0
369 2 0.08315976709127426 0 0
370 2 0.08360619843006134 0 0
371 2 0.08405262231826782 0 0
372 0 0.08419624716043472 0 0
373 0 0.08409803360700607 0 0
374 0 0.08409803360700607 0 0
375 0 0.08409803360700607 0 0
376 0 0.08409803360700607 0 0
377 0 0.08409803360700607 0 0
378 1 0.08409803360700607 0 0
379 1 0.08395197987556458 0 0
380 1 0.08379939198493958 0 0
381 1 0.08364026993513107 0 0
382 1 0.08347459882497787 0 0
383 1 0.08330239355564117 0 0
384 1 0.08312364667654037 0 0
385 1 0.08293836563825607 0 0
386 1 0.08274653553962708 0 0
387 0 0.08254817128181458 0 0
388 0 0.08235961943864822 0 0
389 0 0.08218087255954742 0 0
390 0 0.08201193809509277 0 0
391 0 0.08185280859470367 0 0
392 0 0.08170349150896072 0 0
393 0 0.08156397938728333 0 0
394 2 0.08143427968025208 0 0
395 2 0.08158033341169357 0 0
396 2 0.08173292130231857 0 0
397 2 0.08189204335212708 0 0
398 2 0.08205771446228027 0 0
399 2 0.08222991973161697 0 0
400 2 0.08240866661071777 0 0
401 2 0.08259394764900208 0 0
402 2 0.08278577774763107 0 0
403 2 0.08298414200544357 0 0
404 2 0.08318904042243958 0 0
405 2 0.08340048789978027 0 0
406 0 0.08361846953630447 0 0
407 0 0.08382664620876312 0 0
408 0 0.08402501046657562 0 0
409 0 0.08421356230974197 0 0
410 0 0.08439230918884277 0 0
411 0 0.08456124365329742 0 0
412 0 0.08472037315368652 0 0
413 0 0.08486969023942947 0 0
414 0 0.08500920236110687 0 0
415 0 0.08513890206813812 0 0
416 2 0.08525878936052322 0 0
417 2 0.08540483564138412 0 0
418 2 0.08555742353200912 0 0
419 2 0.08571655303239822 0 0
420 0 0.08588221669197083 0 0
421 0 0.08603807538747787 0 0
422 0 0.08618412911891937 0 0
423 0 0.08632036298513412 0 0
424 0 0.08632036298513412 0 0
425 0 0.08632036298513412 0 0
426 1 0.08632036298513412 0 0
427 1 0.08617431670427322 0 0
428 1 0.08602172881364822 0 0
429 1 0.08586259931325912 0 0
430 1 0.08569693565368652 0 0
431 0 0.08552473038434982 0 0
432 0 0.08536233007907867 0 0
433 0 0.08520974218845367 0 0
434 0 0.08506696671247482 0 0
435 0 0.08493399620056152 0 0
436 0 0.08493399620056152 0 0
437 0 0.08493399620056152 0 0
438 0 0.08493399620056152 0 0
439 0 0.08493399620056152 0 0
440 0 0.08493399620056152 0 0
441 0 0.08493399620056152 0 0
442 0 0.08493399620056152 0 0
443 0 0.08493399620056152 0 0
444 0 0.08493399620056152 0 0
445 0 0.08493399620056152 0 0
446 0 0.08493399620056152 0 0
447 0 0.08493399620056152 0 0
448 0 0.08493399620056152 0 0
449 0 0.08493399620056152 0 0
450 0 0.08493399620056152 0 0
451 0 0.08493399620056152 0 0
452 0 0.08493399620056152 0 0
453 0 0.08493399620056152 0 0
454 2 0.08493399620056152 0 0
455 2 0.08508004248142242 0 0
456 2 0.08523263037204742 0 0
457 18 0.08539175987243652 0 0
458 18 0.08555742353200912 0 0
459 18 0.08572962880134583 0 0
460 18 0.08590837568044662 0 0
461 18 0.08609366416931152 0 0
462 18 0.08628548681735992 0 0
463 18 0.08648385107517242 0 0
464 18 0.08668875694274902 0 0
465 18 0.08690019696950912 0 0
466 18 0.08711817860603333 0 0
467 18 0.08734270185232162 0 0
468 18 0.08757376670837402 0 0
469 18 0.08781136572360992 0 0
470 18 0.08805550634860992 0 0
471 18 0.08830618858337402 0 0
472 18 0.08856340497732162 0 0
473 18 0.08862459659576416 0 0
474 2 0.08889489620923996 0 0
475 2 0.08917172998189926 0 0
476 2 0.08945510536432266 0 0
477 2 0.08974502235651016 0 0
478 2 0.09004148095846176 0 0
479 2 0.09034448117017746 0 0
480 2 0.09065401554107666 0 0
481 2 0.09097009152173996 0 0
482 2 0.09129270166158676 0 0
483 2 0.09172225743532181 0 0
484 2 0.09206230938434601 0 0
485 2 0.0924110859632492 0 0
486 2 0.0927685797214508 0 0
487 2 0.0931347906589508 0 0
488 2 0.0935097187757492 0 0
489 2 0.09389336407184601 0 0
490 2 0.09428573399782181 0 0
491 2 0.09468682110309601 0 0
492 2 0.0950966328382492 0 0
493 2 0.0955151617527008 0 0
494 2 0.0959424078464508 0 0
495 2 0.0963783711194992 0 0
496 2 0.09682305157184601 0 0
497 2 0.09727645665407181 0 0
498 2 0.09772288799285889 0 0
499 2 0.09816931933164597 0 0
500 2 0.09861574321985245 0 0
501 2 0.09906217455863953 0 0
502 2 0.09950859844684601 0 0
503 2 0.09995502978563309 0 0
504 2 0.10040146112442017 0 0
505 2 0.10084788501262665 0 0
506 2 0.10129431635141373 0 0
507 2 0.1017407476902008 0 0
508 2 0.10218717157840729 0 0
509 2 0.10263360291719437 0 0
510 2 0.10308002680540085 0 0
511 2 0.10352645814418793 0 0
512 2 0.103972889482975 0 0
513 2 0.10441931337118149 0 0
514 2 0.10486574470996857 0 0
515 2 0.10531217604875565 0 0
516 2 0.10575859993696213 0 0
517 2 0.1062050312757492 0 0
518 2 0.10665145516395569 0 0
519 2 0.10709788650274277 0 0
520 2 0.10754431784152985 0 0
521 2 0.10799074172973633 0 0
522 2 0.10843717306852341 0 0
523 2 0.10888360440731049 0 0
524 2 0.10933002829551697 0 0
525 2 0.10977645963430405 0 0
526 2 0.11022289097309113 0 0
527 2 0.11066931486129761 0 0
528 2 0.11111574620008469 0 0
529 2 0.11156217008829117 0 0
530 2 0.11200860142707825 0 0
531 2 0.11245503276586533 0 0
532 2 0.11290145665407181 0 0
533 2 0.11334788799285889 0 0
534 2 0.11379431933164597 0 0
535 2 0.11424074321985245 0 0
536 2 0.11468717455863953 0 0
537 2 0.11513359844684601 0 0
538 2 0.11558002978563309 0 0
539 2 0.11602646112442017 0 0
540 2 0.11647288501262665 0 0
541 2 0.11691931635141373 0 0
542 2 0.1173657476902008 0 0
543 2 0.11781217157840729 0 0
544 2 0.11825860291719437 0 0
545 2 0.11870502680540085 0 0
546 2 0.11915145814418793 0 0
547 2 0.119597889482975 0 0
548 2 0.12004431337118149 0 0
549 2 0.12049074470996857 0 0
550 2 0.12093717604875565 0 0
551 2 0.12138359993696213 0 0
552 2 0.1218300312757492 0 0
553 2 0.12227645516395569 0 0
554 2 0.12272288650274277 0 0
555 2 0.12316931784152985 0 0
556 2 0.12361574172973633 0 0
557 2 0.12406217306852341 0 0
558 2 0.12450860440731049 0 0
559 2 0.12495502829551697 0 0
560 2 0.12540145218372345 0 0
561 2 0.12584789097309113 0 0
562 2 0.1262943148612976 0 0
563 2 0.1267407387495041 0 0
564 2 0.12718717753887177 0 0
565 2 0.12763360142707825 0 0
566 2 0.12808002531528473 0 0
567 2 0.1285264641046524 0 0
568 2 0.1289728879928589 0 0
569 2 0.12941931188106537 0 0
570 2 0.12986575067043304 0 0
571 2 0.13031217455863953 0 0
572 2 0.130758598446846 0 0
573 2 0.13120503723621368 0 0
574 2 0.13165146112442017 0 0
575 2 0.13209788501262665 0 0
576 2 0.13254430890083313 0 0
577 2 0.1329907476902008 0 0
578 2 0.1334371715784073 0 0
579 2 0.13388359546661377 0 0
580 2 0.13433003425598145 0 0
581 2 0.13477645814418793 0 0
582 2 0.1352228820323944 0 0
583 2 0.13566932082176208 0 0
584 2 0.13611574470996857 0 0
585 2 0.13656216859817505 0 0
586 2 0.13700860738754272 0 0
587 2 0.1374550312757492 0 0
588 2 0.1379014551639557 0 0
589 2 0.13834789395332336 0 0
590 2 0.13879431784152985 0 0
591 2 0.13924074172973633 0 0
592 18 0.1396871656179428 0 0
593 18 0.14013360440731049 0 0
594 18 0.14058002829551697 0 0
595 18 0.14102645218372345 0 0
596 18 0.14147289097309113 0 0
597 18 0.1419193148612976 0 0
598 18 0.1423657387495041 0 0
599 18 0.14281217753887177 0 0
600 2 0.14325860142707825 0 0
601 2 0.14370502531528473 0 0
602 2 0.1441514641046524 0 0
603 2 0.1445978879928589 0 0
604 0 0.14504431188106537 0 0
605 0 0.1454809308052063 0 0
606 0 0.14590774476528168 0 0
607 0 0.1463247388601303 0 0
608 0 0.14673194289207458 0 0
609 0 0.14712932705879211 0 0
610 0 0.1475168913602829 0 0
611 0 0.14789465069770813 0 0
612 0 0.1482626050710678 0 0
613 0 0.14862075448036194 0 0
614 0 0.14896909892559052 0 0
615 0 0.14930762350559235 0 0
616 1 0.14963634312152863 0 0
617 1 0.1499519795179367 0 0
618 1 0.15015631914138794 0 0
619 1 0.15044580399990082 0 0
620 1 0.1507222056388855 0 0
621 1 0.15098553895950317 0 0
622 1 0.15123577415943146 0 0
623 1 0.15147294104099274 0 0
624 1 0.15169702470302582 0 0
625 1 0.1519080400466919 0 0
626 1 0.15210595726966858 0 0
627 1 0.15229080617427826 0 0
628 1 0.15246258676052094 0 0
629 1 0.15262126922607422 0 0
630 1 0.1527668833732605 0 0
631 1 0.15289941430091858 0 0
632 1 0.15275336802005768 0 0
633 1 0.15260078012943268 0 0
634 0 0.15244165062904358 0 0
635 0 0.15229234099388123 0 0
636 0 0.15215283632278442 0 0
637 0 0.15202313661575317 0 0
638 0 0.15190324187278748 0 0
639 0 0.15179315209388733 0 0
640 0 0.15169288218021393 0 0
641 0 0.15160241723060608 0 0
642 0 0.15152177214622498 0 0
643 0 0.15145093202590942 0 0
644 0 0.15138989686965942 0 0
645 0 0.15133866667747498 0 0
646 0 0.15133866667747498 0 0
647 0 0.15133866667747498 0 0
648 2 0.15133866667747498 0 0
649 2 0.15148471295833588 0 0
650 2 0.15163730084896088 0 0
651 2 0.15179643034934998 0 0
652 2 0.15196210145950317 0 0
653 2 0.15213429927825928 0 0
654 2 0.15231305360794067 0 0
655 2 0.15249833464622498 0 0
656 18 0.15269015729427338 0 0
657 18 0.15288852155208588 0 0
658 18 0.15309342741966248 0 0
659 18 0.15330487489700317 0 0
660 18 0.15352284908294678 0 0
661 18 0.15374737977981567 0 0
662 18 0.15397843718528748 0 0
663 18 0.15421603620052338 0 0
664 2 0.15446017682552338 0 0
665 2 0.15471085906028748 0 0
666 2 0.15496808290481567 0 0
667 2 0.15523183345794678 0 0
668 2 0.15550214052200317 0 0
669 2 0.15577897429466248 0 0
670 2 0.15606234967708588 0 0
671 2 0.15635226666927338 0 0
672 2 0.15664872527122498 0 0
673 2 0.15695172548294067 0 0
674 0 0.15726125240325928 0 0
675 0 0.15756097435951233 0 0
676 0 0.15785089135169983 0 0
677 0 0.15813100337982178 0 0
678 0 0.15840131044387817 0 0
679 0 0.15866179764270782 0 0
680 0 0.15891247987747192 0 0
681 0 0.15915334224700928 0 0
682 0 0.15938439965248108 0 0
683 0 0.15960565209388733 0 0
684 0 0.15981709957122803 0 0
685 0 0.16001874208450317 0 0
686 0 0.16021056473255157 0 0
687 0 0.16039258241653442 0 0
688 0 0.16056478023529053 0 0
689 0 0.16072717308998108 0 0
690 2 0.16087976098060608 0 0
691 2 0.16103889048099518 0 0
692 2 0.16120456159114838 0 0
693 2 0.16137677431106567 0 0
694 2 0.16155551373958588 0 0
695 2 0.16174079477787018 0 0
696 0 0.16193261742591858 0 0
697 0 0.16211463510990143 0 0
698 0 0.16228684782981873 0 0
699 0 0.16244924068450928 0 0
700 0 0.16260182857513428 0 0
701 0 0.16274461150169373 0 0
702 0 0.16287757456302643 0 0
703 0 0.16287757456302643 0 0
704 2 0.16287757456302643 0 0
705 2 0.16302362084388733 0 0
706 2 0.16317620873451233 0 0
707 2 0.16333533823490143 0 0
708 2 0.16350100934505463 0 0
709 2 0.16367322206497192 0 0
710 2 0.16385196149349213 0 0
711 2 0.16403724253177643 0 0
712 2 0.16422906517982483 0 0
713 2 0.16442742943763733 0 0
714 2 0.16463233530521393 0 0
715 2 0.16484378278255463 0 0
716 2 0.16506177186965942 0 0
717 2 0.16528628766536713 0 0
718 2 0.16551734507083893 0 0
719 2 0.16575494408607483 0 0
720 2 0.16599908471107483 0 0
721 18 0.16624976694583893 0 0
722 18 0.16650699079036713 0 0
723 2 0.16677075624465942 0 0
724 2 0.16704104840755463 0 0
725 2 0.16731788218021393 0 0
726 2 0.16760125756263733 0 0
727 2 0.16789117455482483 0 0
728 18 0.16818763315677643 0 0
729 18 0.16849063336849213 0 0
730 18 0.16880017518997192 0 0
731 18 0.16911624372005463 0 0
732 18 0.16943885385990143 0 0
733 18 0.16986840963363647 0 0
734 18 0.17020845413208008 0 0
735 18 0.17055723071098328 0 0
736 18 0.17091472446918488 0 0
737 18 0.17128093540668488 0 0
738 18 0.17165586352348328 0 0
739 18 0.17203950881958008 0 0
740 18 0.17243188619613647 0 0
741 18 0.17283296585083008 0 0
742 18 0.17324277758598328 0 0
743 18 0.17366130650043488 0 0
744 18 0.17408855259418488 0 0
745 18 0.17452451586723328 0 0
746 2 0.17496919631958008 0 0
747 2 0.17542260885238647 0 0
748 2 0.17586903274059296 0 0
749 2 0.17631545662879944 0 0
750 2 0.17676189541816711 0 0
751 2 0.1772083193063736 0 0
752 2 0.17765474319458008 0 0
753 2 0.17810116708278656 0 0
754 2 0.17848196625709534 0 0
755 2 0.17848196625709534 0 0
756 2 0.17848196625709534 0 0
757 2 0.17848196625709534 0 0
758 2 0.17848196625709534 0 0
759 2 0.17848196625709534 0 0
760 2 0.17848196625709534 0 0
761 2 0.17848196625709534 0 0
762 2 0.17848196625709534 0 0
763 2 0.17892839014530182 0 0
764 2 0.1793748289346695 0 0
765 2 0.17982125282287598 0 0
766 2 0.18026767671108246 0 0
767 2 0.18071411550045013 0 0
768 2 0.18116053938865662 0 0
769 2 0.1816069632768631 0 0
770 2 0.18205340206623077 0 0
771 2 0.18249982595443726 0 0
772 2 0.18294624984264374 0 0
773 2 0.1833926886320114 0 0
774 2 0.1838391125202179 0 0
775 2 0.18428553640842438 0 0
776 2 0.18473197519779205 0 0
777 2 0.18517839908599854 0 0
778 2 0.18562482297420502 0 0
779 2 0.1860712468624115 0 0
780 2 0.18651768565177917 0 0
781 2 0.18696410953998566 0 0
782 2 0.18741053342819214 0 0
783 2 0.18785697221755981 0 0
784 2 0.1883033961057663 0 0
785 2 0.18874981999397278 0 0
786 2 0.18919625878334045 0 0
787 2 0.18964268267154694 0 0
788 2 0.19008910655975342 0 0
789 2 0.1905355453491211 0 0
790 2 0.19098196923732758 0 0
791 2 0.19142839312553406 0 0
792 2 0.19187483191490173 0 0
793 2 0.19232125580310822 0 0
794 2 0.1927676796913147 0 0
795 2 0.19321110844612122 0 0
796 2 0.19364821910858154 0 0
797 2 0.1935500204563141 0 1
797 2 0.1935500204563141 0 1
