data/levels/world2/Going_Underground.stl
1 1 0.02309551276266575 0 0
2 1 0.0227394737303257 0 0
3 1 0.02236817590892315 0 0
4 1 0.02198162116110325 0 0
5 1 0.0215798057615757 0 0
6 1 0.02116273157298565 0 0
7 1 0.02073040045797825 0 0
8 1 0.0202828086912632 0 0
9 1 0.01981995813548565 0 0
10 1 0.01934185065329075 0 0
11 1 0.0188484825193882 0 0
12 1 0.01833985559642315 0 0
13 1 0.01781597174704075 0 0
14 1 0.0172768272459507 0 0
15 0 0.01672242395579815 0 0
16 0 0.0161909107118845 0 0
17 0 0.01568228378891945 0 0
18 0 0.015196545980870724 0 0
19 0 0.014733696356415749 0 0
20 0 0.014293733984231949 0 0
21 2 0.013876660726964474 0 0
22 2 0.013490105047821999 0 0
23 2 0.013134065084159374 0 0
24 2 0.012808544561266899 0 0
25 2 0.012513541616499424 0 0
26 2 0.012854320928454399 0 0
27 2 0.013210359029471874 0 0
28 2 0.013581657782196999 0 0
29 2 0.013968213461339474 0 0
30 2 0.014370027929544449 0 0
31 2 0.014787102118134499 0 0
32 2 0.015219434164464474 0 0
33 0 0.01566702499985695 0 0
34 0 0.01609172858297825 0 0
35 0 0.01649354211986065 0 0
36 0 0.01687246933579445 0 0
37 0 0.0172285083681345 0 0
38 0 0.01756165735423565 0 0
39 0 0.0178719200193882 0 0
40 0 0.0178719200193882 0 0
41 0 0.0178719200193882 0 0
42 0 0.0178719200193882 0 0
43 0 0.0178719200193882 0 0
44 0 0.0178719200193882 0 0
45 0 0.0178719200193882 0 0
46 0 0.0178719200193882 0 0
47 0 0.0178719200193882 0 0
48 0 0.0178719200193882 0 0
49 0 0.0178719200193882 0 0
50 0 0.0178719200193882 0 0
51 0 0.0178719200193882 0 0
52 0 0.0178719200193882 0 0
53 0 0.0178719200193882 0 0
54 0 0.0178719200193882 0 0
55 0 0.0178719200193882 0 0
56 0 0.0178719200193882 0 0
57 0 0.0178719200193882 0 0
58 0 0.0178719200193882 0 0
59 0 0.0178719200193882 0 0
60 0 0.0178719200193882 0 0
61 0 0.0178719200193882 0 0
62 0 0.0178719200193882 0 0
63 0 0.0178719200193882 0 0
64 0 0.0178719200193882 0 0
65 0 0.0178719200193882 0 0
66 0 0.0178719200193882 0 0
67 0 0.0178719200193882 0 0
68 0 0.0178719200193882 0 0
69 0 0.0178719200193882 0 0
70 0 0.0178719200193882 0 0
71 0 0.0178719200193882 0 0
72 0 0.0178719200193882 0 0
73 0 0.0178719200193882 0 0
74 0 0.0178719200193882 0 0
75 0 0.0178719200193882 0 0
76 0 0.0178719200193882 0 0
77 0 0.0178719200193882 0 0
78 0 0.0178719200193882 0 0
79 0 0.0178719200193882 0 0
80 0 0.0178719200193882 0 0
81 0 0.0178719200193882 0 0
82 0 0.0178719200193882 0 0
83 0 0.0178719200193882 0 0
84 0 0.0178719200193882 0 0
85 0 0.0178719200193882 0 0
86 0 0.0178719200193882 0 0
87 0 0.0178719200193882 0 0
88 0 0.0178719200193882 0 0
89 0 0.0178719200193882 0 0
90 0 0.0178719200193882 0 0
91 0 0.0178719200193882 0 0
92 0 0.0178719200193882 0 0
93 0 0.0178719200193882 0 0
94 0 0.0178719200193882 0 0
95 0 0.0178719200193882 0 0
96 0 0.0178719200193882 0 0
97 0 0.0178719200193882 0 0
98 0 0.0178719200193882 0 0
99 0 0.0178719200193882 0 0
100 0 0.0178719200193882 0 0
101 0 0.0178719200193882 0 0
102 0 0.0178719200193882 0 0
103 0 0.0178719200193882 0 0
104 0 0.0178719200193882 0 0
105 0 0.0178719200193882 0 0
106 0 0.0178719200193882 0 0
107 0 0.0178719200193882 0 0
108 0 0.0178719200193882 0 0
109 0 0.0178719200193882 0 0
110 0 0.0178719200193882 0 0
111 0 0.0178719200193882 0 0
112 0 0.0178719200193882 0 0
113 0 0.0178719200193882 0 0
114 0 0.0178719200193882 0 0
115 2 0.0178719200193882 0 0
116 2 0.01821270026266575 0 0
117 2 0.01856873743236065 0 0
118 2 0.0189400352537632 0 0
119 2 0.01932659186422825 0 0
120 2 0.01972840540111065 0 0
121 2 0.0201454795897007 0 0
122 2 0.02057781256735325 0 0
123 2 0.02102540247142315 0 0
124 2 0.0214882530272007 0 0
125 2 0.02196636237204075 0 0
126 2 0.02245972864329815 0 0
127 2 0.0229683555662632 0 0
128 2 0.02349224127829075 0 0
129 2 0.02403138391673565 0 0
130 2 0.0245857872068882 0 0
131 2 0.02515544928610325 0 0
132 2 0.02574036829173565 0 0
133 2 0.0263405479490757 0 0
134 2 0.02695598639547825 0 0
135 2 0.02758668176829815 0 0
136 2 0.0282326377928257 0 0
137 2 0.02889385260641575 0 0
138 2 0.02957032434642315 0 0
139 2 0.0302620567381382 0 0
140 2 0.03096904791891575 0 0
141 2 0.0316912978887558 0 0
142 2 0.0324288047850132 0 0
143 2 0.0331815704703331 0 0
144 2 0.03418385237455368 0 0
145 2 0.03497730940580368 0 0
146 2 0.03579111024737358 0 0
147 2 0.03662525862455368 0 0
148 2 0.03747975081205368 0 0
149 2 0.03835458680987358 0 0
150 2 0.03924977034330368 0 0
151 2 0.04016529768705368 0 0
152 2 0.04110116884112358 0 0
153 2 0.04205738753080368 0 0
154 2 0.04303395003080368 0 0
155 2 0.04403085634112358 0 0
156 2 0.04504811018705368 0 0
157 2 0.04608570784330368 0 0
158 2 0.04714364930987358 0 0
159 2 0.0481853149831295 0 0
160 2 0.04922698438167572 0 0
161 2 0.05026865005493164 0 0
162 2 0.05131031572818756 0 0
163 2 0.05235198512673378 0 0
164 2 0.0533936507999897 0 0
165 2 0.05443531647324562 0 0
166 2 0.05547698214650154 0 0
167 2 0.05651865154504776 0 0
168 2 0.05756031721830368 0 0
169 2 0.0586019828915596 0 0
170 2 0.05964364856481552 0 0
171 2 0.06068531796336174 0 0
172 2 0.06172698363661766 0 0
173 2 0.06276865303516388 0 0
174 2 0.0638103187084198 0 0
175 2 0.06485198438167572 0 0
176 2 0.06589365005493164 0 0
177 2 0.06693531572818756 0 0
178 2 0.06797698140144348 0 0
179 2 0.0690186470746994 0 0
180 2 0.07006032019853592 0 0
181 2 0.07110198587179184 0 0
182 2 0.07214365154504776 0 0
183 2 0.07318531721830368 0 0
184 2 0.0742269828915596 0 0
185 2 0.07526864856481552 0 0
186 2 0.07631031423807144 0 0
187 2 0.07735197991132736 0 0
188 2 0.07839365303516388 0 0
189 2 0.0794353187084198 0 0
190 2 0.08047698438167572 0 0
191 2 0.08151865005493164 0 0
192 2 0.08256031572818756 0 0
193 2 0.08360198140144348 0 0
194 2 0.0846436470746994 0 0
195 2 0.08568532019853592 0 0
196 2 0.08672698587179184 0 0
197 2 0.08776865154504776 0 0
198 2 0.08881031721830368 0 0
199 2 0.0898519828915596 0 0
200 2 0.09089364856481552 0 0
201 2 0.09193531423807144 0 0
202 2 0.09297697991132736 0 0
203 2 0.09401865303516388 0 0
204 2 0.0950603187084198 0 0
205 2 0.09610198438167572 0 0
206 2 0.09714365005493164 0 0
207 2 0.09818531572818756 0 0
208 2 0.09922698140144348 0 0
209 2 0.1002686470746994 0 0
210 2 0.10131032019853592 0 0
211 2 0.10235198587179184 0 0
212 2 0.10339365899562836 0 0
213 2 0.10443532466888428 0 0
214 2 0.1054769903421402 0 0
215 2 0.10651865601539612 0 0
216 2 0.10756032168865204 0 0
217 2 0.10860198736190796 0 0
218 2 0.10964365303516388 0 0
219 2 0.1106853261590004 0 0
220 2 0.11172699183225632 0 0
221 2 0.11276865750551224 0 0
222 2 0.11381032317876816 0 0
223 2 0.11485198885202408 0 0
224 2 0.11589365452528 0 0
225 2 0.11693532019853592 0 0
226 2 0.11797699332237244 0 0
227 2 0.11901865899562836 0 0
228 2 0.12006032466888428 0 0
229 2 0.1211019903421402 0 0
230 2 0.12214365601539612 0 0
231 18 0.12318532168865204 0 0
232 18 0.12422698736190796 0 0
233 18 0.12526865303516388 0 0
234 18 0.1263103187084198 0 0
235 18 0.12735198438167572 0 0
236 18 0.12839365005493164 0 0
237 18 0.12943531572818756 0 0
238 18 0.13047699630260468 0 0
239 18 0.1315186619758606 0 0
240 18 0.13256032764911652 0 0
241 18 0.13360199332237244 0 0
242 18 0.13464365899562836 0 0
243 2 0.13568532466888428 0 0
244 2 0.1367269903421402 0 0
245 2 0.13776865601539612 0 0
246 2 0.13881032168865204 0 0
247 2 0.13985198736190796 0 0
248 2 0.14089365303516388 0 0
249 2 0.1419353187084198 0 0
250 2 0.14297698438167572 0 0
251 2 0.14401865005493164 0 0
252 2 0.14506031572818756 0 0
253 2 0.14610199630260468 0 0
254 2 0.1471436619758606 0 0
255 2 0.14818532764911652 0 0
256 2 0.14922699332237244 0 0
257 2 0.15026865899562836 0 0
258 2 0.15131032466888428 0 0
259 2 0.1523519903421402 0 0
260 2 0.15339365601539612 0 0
261 2 0.15443532168865204 0 0
262 2 0.15547698736190796 0 0
263 2 0.15651865303516388 0 0
264 2 0.1575603187084198 0 0
265 2 0.15860198438167572 0 0
266 2 0.15964365005493164 0 0
267 2 0.16068531572818756 0 0
268 2 0.16172699630260468 0 0
269 2 0.1627686619758606 0 0
270 2 0.16381032764911652 0 0
271 2 0.16485199332237244 0 0
272 2 0.16589365899562836 0 0
273 2 0.16693532466888428 0 0
274 2 0.1679769903421402 0 0
275 2 0.16901865601539612 0 0
276 2 0.17006032168865204 0 0
277 2 0.17110198736190796 0 0
278 2 0.17214365303516388 0 0
279 2 0.1731853187084198 0 0
280 18 0.17422698438167572 0 0
281 18 0.17526865005493164 0 0
282 18 0.17631031572818756 0 0
283 18 0.17645791172981262 0 0
284 18 0.17645791172981262 0 0
285 18 0.17645791172981262 0 0
286 18 0.17645791172981262 0 0
287 18 0.17645791172981262 0 0
288 18 0.17645791172981262 0 0
289 18 0.17749957740306854 0 0
290 18 0.1777859926223755 0 1
290 18 0.1777859926223755 0 1
