data/levels/bonus2/level15.stl
1 0 0.009991071186959743 0 0
2 0 0.009991071186959743 0 0
3 0 0.009991071186959743 0 0
4 0 0.009991071186959743 0 0
5 0 0.009991071186959743 0 0
6 0 0.009991071186959743 0 0
7 0 0.009991071186959743 0 0
8 0 0.009991071186959743 0 0
9 0 0.009991071186959743 0 0
10 0 0.009991071186959743 0 0
11 0 0.009991071186959743 0 0
12 0 0.009991071186959743 0 0
13 0 0.009991071186959743 0 0
14 0 0.009991071186959743 0 0
15 0 0.009991071186959743 0 0
16 0 0.009991071186959743 0 0
17 0 0.009991071186959743 0 0
18 0 0.009991071186959743 0 0
19 0 0.009991071186959743 0 0
20 0 0.009991071186959743 0 0
21 0 0.009991071186959743 0 0
22 0 0.009991071186959743 0 0
23 0 0.009991071186959743 0 0
24 2 0.009991071186959743 0 0
25 2 0.010137120261788368 0 0
26 2 0.010289708152413368 0 0
27 2 0.010448834858834743 0 0
28 2 0.010614502243697643 0 0
29 2 0.010786708444356918 0 0
30 2 0.010965454392135143 0 0
31 2 0.011150739155709743 0 0
32 2 0.011342564597725868 0 0
33 2 0.011540927924215794 0 0
34 2 0.011745831929147243 0 0
35 2 0.011957274749875069 0 0
36 2 0.012175257317721844 0 0
37 2 0.012399779632687569 0 0
38 2 0.012630841694772243 0 0
39 2 0.012868442572653294 0 0
40 2 0.013112583197653294 0 0
41 2 0.013363263569772243 0 0
42 2 0.013620482757687569 0 0
43 2 0.013884241692721844 0 0
44 2 0.014154540374875069 0 0
45 2 0.014431378804147243 0 0
46 2 0.014714756049215794 0 0
47 2 0.015004673041403294 0 0
48 2 0.015301129780709743 0 0
49 2 0.015604125335812569 0 0
50 2 0.01591366156935692 0 0
51 2 0.01622973568737507 0 0
52 18 0.01655234955251217 0 0
53 18 0.01698189787566662 0 0
54 18 0.017321951687335968 0 0
55 18 0.017670724540948868 0 0
56 18 0.018028216436505318 0 0
57 18 0.018394427374005318 0 0
58 18 0.018769357353448868 0 0
59 18 0.019153006374835968 0 0
60 18 0.01954537443816662 0 0
61 18 0.019946463406085968 0 0
62 2 0.020356271415948868 0 0
63 2 0.020774798467755318 0 0
64 2 0.021202044561505318 0 0
65 0 0.021638009697198868 0 0
66 0 0.022064166143536568 0 0
67 0 0.022480512037873268 0 0
68 2 0.02288704924285412 0 0
69 2 0.023302307352423668 0 0
70 0 0.02372628264129162 0 0
71 0 0.024140451103448868 0 0
72 0 0.024544809013605118 0 0
73 0 0.02493935637176037 0 0
74 0 0.025324096903204918 0 0
75 0 0.025699026882648468 0 0
76 0 0.026064148172736168 0 0
77 0 0.02641945891082287 0 0
78 0 0.026764962822198868 0 0
79 0 0.027100656181573868 0 0
80 1 0.02742653898894787 0 0
81 1 0.02773934416472912 0 0
82 1 0.02794085629284382 0 0
83 1 0.02822750434279442 0 0
84 0 0.02850107103586197 0 0
85 0 0.02876483090221882 0 0
86 0 0.02901878021657467 0 0
87 0 0.02926292084157467 0 0
88 0 0.02949725277721882 0 0
89 0 0.02972177416086197 0 0
90 0 0.02993648871779442 0 0
91 0 0.03014139086008072 0 0
92 0 0.03033648617565632 0 0
93 0 0.03052177093923092 0 0
94 0 0.03069724701344967 0 0
95 0 0.03086291439831257 0 0
96 0 0.03101877123117447 0 0
97 0 0.03116482123732567 0 0
98 0 0.03130105882883072 0 0
99 0 0.03130105882883072 0 0
100 0 0.03130105882883072 0 0
101 0 0.03130105882883072 0 0
102 2 0.03130105882883072 0 0
103 2 0.03144710883498192 0 0
104 18 0.03159969672560692 0 0
105 18 0.03175882250070572 0 0
106 18 0.03192448988556862 0 0
107 18 0.03209669515490532 0 0
108 18 0.03227544203400612 0 0
109 18 0.03246072679758072 0 0
110 18 0.03265255317091942 0 0
111 18 0.03285091742873192 0 0
112 18 0.03305581957101822 0 0
113 18 0.03326726332306862 0 0
114 18 0.03348524495959282 0 0
115 18 0.03370976820588112 0 0
116 18 0.03394082933664322 0 0
117 18 0.03417843207716942 0 0
118 18 0.03442257270216942 0 0
119 18 0.03467325121164322 0 0
120 18 0.03493047133088112 0 0
121 18 0.03519422933459282 0 0
122 18 0.03546452894806862 0 0
123 18 0.03574136644601822 0 0
124 18 0.03602474555373192 0 0
125 18 0.03631466254591942 0 0
126 18 0.03661111742258072 0 0
127 18 0.03691411390900612 0 0
128 2 0.03722364827990532 0 0
129 2 0.03753972426056862 0 0
130 2 0.03786233812570572 0 0
131 2 0.03829188644886017 0 0
132 2 0.03863194212317467 0 0
133 2 0.03898071125149727 0 0
134 2 0.03933820500969887 0 0
135 2 0.03970441594719887 0 0
136 2 0.04007934406399727 0 0
137 2 0.04046299681067467 0 0
138 2 0.04085536301136017 0 0
139 2 0.04125645384192467 0 0
140 2 0.04166625812649727 0 0
141 2 0.04208478704094887 0 0
142 2 0.04251203313469887 0 0
143 2 0.04294799640774727 0 0
144 2 0.04339268431067467 0 0
145 2 0.04384608566761017 0 0
146 2 0.04429251700639725 0 0
147 2 0.04473894461989403 0 0
148 2 0.04518537223339081 0 0
149 2 0.04563179984688759 0 0
150 2 0.04607823118567467 0 0
151 2 0.04652465879917145 0 0
152 2 0.04697108641266823 0 0
153 2 0.047053392976522446 0 0
154 2 0.047053392976522446 0 0
155 2 0.047053392976522446 0 0
156 2 0.047053392976522446 0 0
157 2 0.047053392976522446 0 0
158 2 0.047053392976522446 0 0
159 2 0.0471012219786644 0 0
160 2 0.047151610255241394 0 0
161 2 0.047151610255241394 0 0
162 2 0.047151610255241394 0 0
163 2 0.047151610255241394 0 0
164 2 0.047151610255241394 0 0
165 2 0.047151610255241394 0 0
166 18 0.047151610255241394 0 0
167 18 0.047151610255241394 0 0
168 18 0.047151610255241394 0 0
169 18 0.047151610255241394 0 0
170 18 0.047151610255241394 0 0
171 2 0.047323815524578094 0 0
172 2 0.047502562403678894 0 0
173 2 0.047687847167253494 0 0
174 2 0.047879669815301895 0 0
175 2 0.048078034073114395 0 0
176 2 0.048282939940690994 0 0
177 2 0.048494383692741394 0 0
178 2 0.048712365329265594 0 0
179 2 0.048936888575553894 0 0
180 2 0.049167949706315994 0 0
181 2 0.049405548721551895 0 0
182 2 0.049649689346551895 0 0
183 2 0.049900371581315994 0 0
184 2 0.050157591700553894 0 0
185 2 0.050421349704265594 0 0
186 2 0.050691649317741394 0 0
187 2 0.050968486815690994 0 0
188 2 0.051251862198114395 0 0
189 2 0.051541779190301895 0 0
190 2 0.051838237792253494 0 0
191 2 0.052141234278678894 0 0
192 2 0.052450768649578094 0 0
193 2 0.052766844630241394 0 0
194 2 0.0528658963739872 0 0
195 2 0.0528658963739872 0 0
196 18 0.0528658963739872 0 0
197 18 0.0528658963739872 0 0
198 18 0.0528658963739872 0 0
199 18 0.0528658963739872 0 0
200 18 0.0528658963739872 0 0
201 18 0.0530381016433239 0 0
202 18 0.0532168485224247 0 0
203 18 0.0534021332859993 0 0
204 18 0.0535939559340477 0 0
205 18 0.0537923201918602 0 0
206 18 0.0539972260594368 0 0
207 18 0.0542086698114872 0 0
208 18 0.0544266514480114 0 0
209 18 0.0546511746942997 0 0
210 2 0.0548822358250618 0 0
211 2 0.0551198348402977 0 0
212 0 0.0553639754652977 0 0
213 0 0.05559830740094185 0 0
214 0 0.05582283064723015 0 0
215 0 0.0560375414788723 0 0
216 0 0.0562424473464489 0 0
217 0 0.05643754079937935 0 0
218 0 0.05662282556295395 0 0
219 0 0.0567983016371727 0 0
220 1 0.0569639690220356 0 0
221 1 0.0571165569126606 0 0
222 1 0.0572560653090477 0 0
223 1 0.0573824979364872 0 0
224 1 0.057236447930336 0 0
225 1 0.057083860039711 0 0
226 0 0.0569247342646122 0 0
227 0 0.05677541345357895 0 0
228 0 0.05663590505719185 0 0
229 0 0.0565062053501606 0 0
230 0 0.0563863143324852 0 0
231 0 0.05627623572945595 0 0
232 0 0.05617596209049225 0 0
233 0 0.05572303757071495 0 0
234 2 0.05564238503575325 0 0
235 2 0.05572303757071495 0 0
236 2 0.05572303757071495 0 0
237 2 0.05572303757071495 0 0
238 2 0.05572303757071495 0 0
239 2 0.05572303757071495 0 0
240 2 0.05572303757071495 0 0
241 2 0.05572303757071495 0 0
242 2 0.05572303757071495 0 0
243 2 0.05572303757071495 0 0
244 2 0.05572303757071495 0 0
245 2 0.05572303757071495 0 0
246 2 0.05572303757071495 0 0
247 2 0.05572303757071495 0 0
248 2 0.05572303757071495 0 0
249 18 0.05572303757071495 0 0
250 18 0.05572303757071495 0 0
251 18 0.05572303757071495 0 0
252 18 0.05572303757071495 0 0
253 18 0.05572303757071495 0 0
254 2 0.05589524284005165 0 0
255 2 0.05607398971915245 0 0
256 2 0.05625927448272705 0 0
257 2 0.05645110085606575 0 0
258 0 0.05664946511387825 0 0
259 0 0.0568380206823349 0 0
260 0 0.0570167638361454 0 0
261 0 0.05718570202589035 0 0
262 0 0.05734482780098915 0 0
263 0 0.0574941486120224 0 0
264 0 0.0576336570084095 0 0
265 0 0.05776335671544075 0 0
266 0 0.05788324773311615 0 0
267 0 0.0579933263361454 0 0
268 0 0.0580935999751091 0 0
269 0 0.05818406119942665 0 0
270 0 0.05826471745967865 0 0
271 0 0.0583355613052845 0 0
272 2 0.0583965964615345 0 0
273 2 0.0585426427423954 0 0
274 2 0.0586952306330204 0 0
275 2 0.0588543601334095 0 0
276 2 0.0590200275182724 0 0
277 2 0.0591922327876091 0 0
278 2 0.0593709796667099 0 0
279 2 0.0595562644302845 0 0
280 2 0.0597480870783329 0 0
281 2 0.0599464513361454 0 0
282 2 0.060151357203722 0 0
283 2 0.0603628009557724 0 0
284 2 0.0605807825922966 0 0
285 2 0.0608053058385849 0 0
286 2 0.061036366969347 0 0
287 2 0.0612739659845829 0 0
288 2 0.0615181066095829 0 0
289 2 0.061768788844347 0 0
290 2 0.0620260089635849 0 0
291 2 0.0622897669672966 0 0
292 18 0.0625600665807724 0 0
293 18 0.0628369003534317 0 0
294 18 0.0631202831864357 0 0
295 18 0.0634102001786232 0 0
296 18 0.0637066513299942 0 0
297 18 0.0640096515417099 0 0
298 18 0.0643191859126091 0 0
299 18 0.0646352618932724 0 0
300 18 0.0649578720331192 0 0
301 18 0.06538742035627365 0 0
302 18 0.06572747230529785 0 0
303 18 0.06607624888420105 0 0
304 18 0.06643373519182205 0 0
305 18 0.06679994612932205 0 0
306 18 0.06717488169670105 0 0
307 18 0.06755852699279785 0 0
308 18 0.06795089691877365 0 0
309 2 0.06835198402404785 0 0
310 2 0.06876179575920105 0 0
311 2 0.06918031722307205 0 0
312 2 0.06960756331682205 0 0
313 2 0.07004353404045105 0 0
314 2 0.07048821449279785 0 0
315 2 0.07094161957502365 0 0
316 2 0.07138805091381073 0 0
317 2 0.07183447480201721 0 0
318 2 0.07228090614080429 0 0
319 2 0.07272733747959137 0 0
320 2 0.07317376136779785 0 0
321 2 0.07362019270658493 0 0
322 2 0.07406661659479141 0 0
323 2 0.07451304793357849 0 0
324 2 0.07495947927236557 0 0
325 2 0.07540590316057205 0 0
326 2 0.07585233449935913 0 0
327 2 0.07629876583814621 0 0
328 2 0.07674518972635269 0 0
329 2 0.07719162106513977 0 0
330 2 0.07763804495334625 0 0
331 2 0.07808447629213333 0 0
332 2 0.07853090763092041 0 0
333 2 0.07897733151912689 0 0
334 2 0.07942376285791397 0 0
335 2 0.07987019419670105 0 0
336 2 0.08031661808490753 0 0
337 2 0.08076304942369461 0 0
338 0 0.08120947331190109 0 0
339 0 0.08164609968662262 0 0
340 0 0.0820729061961174 0 0
341 0 0.08248990774154663 0 0
342 0 0.08289709687232971 0 0
343 0 0.08329448103904724 0 0
344 0 0.08368205279111862 0 0
345 0 0.08405981957912445 0 0
346 1 0.08442777395248413 0 0
347 1 0.08478265255689621 0 0
348 1 0.08512444794178009 0 0
349 1 0.08545316755771637 0 0
350 1 0.08576880395412445 0 0
351 1 0.08597315102815628 0 0
352 1 0.08626262843608856 0 0
353 1 0.08653903752565384 0 0
354 1 0.08680235594511032 0 0
355 1 0.0870525985956192 0 0
356 1 0.08728976547718048 0 0
357 1 0.08751384913921356 0 0
358 1 0.08772485703229904 0 0
359 1 0.08792278915643692 0 0
360 1 0.0881076380610466 0 0
361 1 0.08827941119670868 0 0
362 1 0.08843810111284256 0 0
363 1 0.08858371526002884 0 0
364 1 0.08871624618768692 0 0
365 1 0.08857019990682602 0 0
366 1 0.08841761201620102 0 0
367 1 0.08825848251581192 0 0
368 1 0.08809281140565872 0 0
369 1 0.08792060613632202 0 0
370 1 0.08774185925722122 0 0
371 1 0.08755657821893692 0 0
372 1 0.08736475557088852 0 0
373 1 0.08716639131307602 0 0
374 1 0.08713410794734955 0 0
375 1 0.08713410794734955 0 0
376 1 0.08713410794734955 0 0
377 1 0.08713410794734955 0 0
378 1 0.08713410794734955 0 0
379 1 0.08713410794734955 0 0
380 1 0.08713410794734955 0 0
381 1 0.08713410794734955 0 0
382 0 0.08713410794734955 0 0
383 0 0.08713410794734955 0 0
384 0 0.08713410794734955 0 0
385 0 0.08713410794734955 0 0
386 0 0.08713410794734955 0 0
387 0 0.08713410794734955 0 0
388 0 0.08713410794734955 0 0
389 0 0.08713410794734955 0 0
390 2 0.08713410794734955 0 0
391 2 0.08728015422821045 0 0
392 18 0.08743274211883545 0 0
393 18 0.08759187161922455 0 0
394 18 0.08775753527879715 0 0
395 18 0.08792974054813385 0 0
396 18 0.08810848742723465 0 0
397 18 0.08811142295598984 0 1
397 18 0.08811142295598984 0 1
1 0 0.009991071186959743 0 0
2 0 0.009991071186959743 0 0
3 0 0.009991071186959743 0 0
4 0 0.009991071186959743 0 0
5 0 0.009991071186959743 0 0
6 0 0.009991071186959743 0 0
7 0 0.009991071186959743 0 0
8 0 0.009991071186959743 0 0
9 0 0.009991071186959743 0 0
10 0 0.009991071186959743 0 0
11 0 0.009991071186959743 0 0
12 0 0.009991071186959743 0 0
13 0 0.009991071186959743 0 0
14 0 0.009991071186959743 0 0
15 0 0.009991071186959743 0 0
16 0 0.009991071186959743 0 0
17 0 0.009991071186959743 0 0
18 0 0.009991071186959743 0 0
19 0 0.009991071186959743 0 0
20 0 0.009991071186959743 0 0
21 0 0.009991071186959743 0 0
22 0 0.009991071186959743 0 0
23 0 0.009991071186959743 0 0
24 2 0.009991071186959743 0 0
25 2 0.010137120261788368 0 0
26 2 0.010289708152413368 0 0
27 2 0.010448834858834743 0 0
28 2 0.010614502243697643 0 0
29 2 0.010786708444356918 0 0
30 2 0.010965454392135143 0 0
31 2 0.011150739155709743 0 0
32 2 0.011342564597725868 0 0
33 2 0.011540927924215794 0 0
34 2 0.011745831929147243 0 0
35 2 0.011957274749875069 0 0
36 2 0.012175257317721844 0 0
37 2 0.012399779632687569 0 0
38 2 0.012630841694772243 0 0
39 2 0.012868442572653294 0 0
40 2 0.013112583197653294 0 0
41 2 0.013363263569772243 0 0
42 2 0.013620482757687569 0 0
43 2 0.013884241692721844 0 0
44 2 0.014154540374875069 0 0
45 2 0.014431378804147243 0 0
46 2 0.014714756049215794 0 0
47 2 0.015004673041403294 0 0
48 2 0.015301129780709743 0 0
49 2 0.015604125335812569 0 0
50 2 0.01591366156935692 0 0
51 2 0.01622973568737507 0 0
52 2 0.01655234955251217 0 0
53 2 0.01698189787566662 0 0
54 18 0.017321951687335968 0 0
55 18 0.017670724540948868 0 0
56 18 0.018028216436505318 0 0
57 18 0.018394427374005318 0 0
58 18 0.018769357353448868 0 0
59 18 0.019153006374835968 0 0
60 18 0.01954537443816662 0 0
61 18 0.019946463406085968 0 0
62 18 0.020356271415948868 0 0
63 18 0.020774798467755318 0 0
64 18 0.021202044561505318 0 0
65 18 0.021638009697198868 0 0
66 0 0.022082693874835968 0 0
67 0 0.022517569363117218 0 0
68 0 0.022942636162042618 0 0
69 0 0.023357892408967018 0 0
70 0 0.023763339966535568 0 0
71 0 0.024158978834748268 0 0
72 0 0.024544809013605118 0 0
73 0 0.024920828640460968 0 0
74 1 0.025287039577960968 0 0
75 1 0.025640171021223068 0 0
76 1 0.025980224832892418 0 0
77 1 0.026307199150323868 0 0
78 1 0.026621093973517418 0 0
79 1 0.02682369574904442 0 0
80 1 0.02711143158376217 0 0
81 1 0.02738608978688717 0 0
82 1 0.02764767035841942 0 0
83 1 0.02789616957306862 0 0
84 0 0.02813159115612507 0 0
85 0 0.02835720404982567 0 0
86 0 0.02857300639152527 0 0
87 0 0.02877900004386902 0 0
88 0 0.02897518500685692 0 0
89 0 0.02916155941784382 0 0
90 0 0.02933812513947487 0 0
91 0 0.02950488217175007 0 0
92 0 0.02966183051466942 0 0
93 0 0.02980896830558777 0 0
94 0 0.02994629740715027 0 0
95 0 0.03007381781935692 0 0
96 0 0.03019152767956257 0 0
97 0 0.03019152767956257 0 0
98 0 0.03019152767956257 0 0
99 0 0.03019152767956257 0 0
100 0 0.03019152767956257 0 0
101 0 0.03019152767956257 0 0
102 2 0.03019152767956257 0 0
103 2 0.03033757582306862 0 0
104 2 0.03049016371369362 0 0
105 2 0.03064929135143757 0 0
106 18 0.03081495873630047 0 0
107 18 0.03098716400563717 0 0
108 18 0.03116591088473797 0 0
109 18 0.03135119751095772 0 0
110 18 0.03154302015900612 0 0
111 18 0.03174138441681862 0 0
112 18 0.03194629028439522 0 0
113 18 0.03215773031115532 0 0
114 18 0.03237571567296982 0 0
115 18 0.03260023519396782 0 0
116 18 0.03283130005002022 0 0
117 18 0.03306889906525612 0 0
118 18 0.03331303969025612 0 0
119 18 0.03356372192502022 0 0
120 18 0.03382093831896782 0 0
121 18 0.03408470004796982 0 0
122 18 0.03435499593615532 0 0
123 18 0.03463183715939522 0 0
124 18 0.03491521254181862 0 0
125 18 0.03520512953400612 0 0
126 18 0.03550158813595772 0 0
127 18 0.03580458089709282 0 0
128 18 0.03611411899328232 0 0
129 18 0.03643019124865532 0 0
130 18 0.03675280883908272 0 0
131 18 0.03718235716223717 0 0
132 18 0.03752240911126137 0 0
133 18 0.03787118196487427 0 0
134 18 0.03822867199778557 0 0
135 18 0.03859488293528557 0 0
136 18 0.03896981477737427 0 0
137 18 0.03935346379876137 0 0
138 2 0.03974583372473717 0 0
139 2 0.04014692083001137 0 0
140 2 0.04055672883987427 0 0
141 2 0.04097525402903557 0 0
142 2 0.04140250012278557 0 0
143 2 0.04183846712112427 0 0
144 2 0.04228315129876137 0 0
145 2 0.04273655638098717 0 0
146 2 0.04318298399448395 0 0
147 2 0.04362941160798073 0 0
148 2 0.04407583922147751 0 0
149 2 0.04452227056026459 0 0
150 2 0.04496869817376137 0 0
151 2 0.04541512578725815 0 0
152 2 0.04586155340075493 0 0
153 2 0.04630798473954201 0 0
154 2 0.04675441235303879 0 0
155 2 0.04720083996653557 0 0
156 2 0.04764726758003235 0 0
157 2 0.04809369891881943 0 0
158 2 0.04854012653231621 0 0
159 2 0.04898655414581299 0 0
160 2 0.04943298175930977 0 0
161 2 0.04987941309809685 0 0
162 2 0.0499105341732502 0 0
163 2 0.04995836690068245 0 0
164 2 0.05000875145196915 0 0
165 2 0.05000875145196915 0 0
166 0 0.05000875145196915 0 0
167 0 0.05000875145196915 0 0
168 0 0.05000875145196915 0 0
169 0 0.05000875145196915 0 0
170 0 0.05000875145196915 0 0
171 0 0.05000875145196915 0 0
172 16 0.05000875145196915 0 0
173 18 0.05000875145196915 0 0
174 18 0.05000875145196915 0 0
175 18 0.05000875145196915 0 0
176 18 0.05000875145196915 0 0
177 18 0.050174418836832047 0 0
178 18 0.05034662410616875 0 0
179 18 0.050525370985269547 0 0
180 18 0.05071065574884415 0 0
181 18 0.050902482122182846 0 0
182 18 0.051100846379995346 0 0
183 18 0.05130574852228165 0 0
184 18 0.051517192274332047 0 0
185 18 0.05173517391085625 0 0
186 0 0.051959697157144547 0 0
187 0 0.052174411714076996 0 0
188 0 0.052379313856363297 0 0
189 0 0.05257440730929375 0 0
190 0 0.05275969207286835 0 0
191 0 0.0529351681470871 0 0
192 0 0.05310083553195 0 0
193 0 0.053256694227457047 0 0
194 0 0.053402744233608246 0 0
195 0 0.053538981825113297 0 0
196 0 0.0536654107272625 0 0
197 0 0.05378203094005585 0 0
198 0 0.05388884246349335 0 0
199 0 0.053985845297575 0 0
200 0 0.054073039442300797 0 0
201 0 0.054150424897670746 0 0
202 0 0.054217997938394547 0 0
203 0 0.0542757622897625 0 0
204 0 0.0543237179517746 0 0
205 0 0.05436186492443085 0 0
206 0 0.05439020320773125 0 0
207 0 0.054408732801675797 0 0
208 0 0.054417453706264496 0 0
209 0 0.054416362196207047 0 0
210 0 0.054416362196207047 0 0
211 0 0.054416362196207047 0 0
212 0 0.054416362196207047 0 0
213 0 0.054416362196207047 0 0
214 0 0.054416362196207047 0 0
215 0 0.054416362196207047 0 0
216 0 0.054416362196207047 0 0
217 0 0.054416362196207047 0 0
218 2 0.054416362196207047 0 0
219 2 0.054562412202358246 0 0
220 18 0.054715000092983246 0 0
221 18 0.054874125868082047 0 0
222 18 0.055039793252944946 0 0
223 18 0.05521199852228165 0 0
224 18 0.055390745401382446 0 0
225 18 0.055576030164957047 0 0
226 18 0.055767856538295746 0 0
227 16 0.055966220796108246 0 0
228 0 0.0561547726392746 0 0
229 0 0.0563335195183754 0 0
230 0 0.056502457708120346 0 0
231 0 0.05666158348321915 0 0
232 0 0.0568109005689621 0 0
233 0 0.056950412690639496 0 0
234 0 0.057080112397670746 0 0
235 0 0.05719999969005585 0 0
236 0 0.0573100820183754 0 0
237 0 0.057410355657339096 0 0
238 0 0.05750081688165665 0 0
239 0 0.05758146941661835 0 0
240 0 0.057652316987514496 0 0
241 0 0.057713352143764496 0 0
242 0 0.05776457488536835 0 0
243 0 0.05780599266290665 0 0
244 0 0.057837601751089096 0 0
245 0 0.0578593984246254 0 0
246 0 0.05787138640880585 0 0
247 0 0.057873569428920746 0 0
248 0 0.057865940034389496 0 0
249 0 0.057868119329214096 0 0
250 0 0.057860489934682846 0 0
251 0 0.057862669229507446 0 0
252 0 0.057855039834976196 0 0
253 0 0.057857219129800797 0 0
254 0 0.057849589735269547 0 0
255 0 0.05785176903009415 0 0
256 0 0.05785176903009415 0 0
257 0 0.05785176903009415 0 0
258 2 0.05785176903009415 0 0
259 2 0.057997819036245346 0 0
260 2 0.058150406926870346 0 0
261 2 0.05830953270196915 0 0
262 2 0.058475200086832047 0 0
263 2 0.05864740535616875 0 0
264 2 0.058826152235269547 0 0
265 2 0.05901143699884415 0 0
266 2 0.059203263372182846 0 0
267 2 0.059401627629995346 0 0
268 2 0.05960652977228165 0 0
269 2 0.059817973524332047 0 0
270 2 0.06003595516085625 0 0
271 2 0.060260478407144547 0 0
272 2 0.06049153953790665 0 0
273 2 0.060729142278432846 0 0
274 2 0.060973282903432846 0 0
275 2 0.06122396141290665 0 0
276 18 0.061481181532144547 0 0
277 18 0.06174493953585625 0 0
278 18 0.062015239149332047 0 0
279 18 0.06229207664728165 0 0
280 18 0.06257545202970505 0 0
281 18 0.06286536902189255 0 0
282 18 0.06316182762384415 0 0
283 18 0.06346482783555984 0 0
284 18 0.06377436220645905 0 0
285 18 0.06409043818712234 0 0
286 18 0.06441304832696915 0 0
287 18 0.0648425966501236 0 0
288 18 0.0651826485991478 0 0
289 18 0.0655314177274704 0 0
290 18 0.065888911485672 0 0
291 18 0.066255122423172 0 0
292 2 0.0666300505399704 0 0
293 2 0.0670137032866478 0 0
294 2 0.0674060732126236 0 0
295 2 0.0678071603178978 0 0
296 2 0.0682169646024704 0 0
297 2 0.068635493516922 0 0
298 2 0.069062739610672 0 0
299 2 0.0694987028837204 0 0
300 2 0.0699433907866478 0 0
301 2 0.0703967958688736 0 0
302 2 0.07084321975708008 0 0
303 2 0.07128965109586716 0 0
304 2 0.07173608243465424 0 0
305 2 0.07218250632286072 0 0
306 2 0.0726289376616478 0 0
307 2 0.07307536900043488 0 0
308 2 0.07352179288864136 0 0
309 2 0.07396822422742844 0 0
310 2 0.07441464811563492 0 0
311 2 0.074861079454422 0 0
312 2 0.07530751079320908 0 0
313 2 0.07575393468141556 0 0
314 2 0.07620036602020264 0 0
315 0 0.07664679735898972 0 0
316 0 0.07708341628313065 0 0
317 0 0.07751022279262543 0 0
318 0 0.07792722433805466 0 0
319 0 0.07833441346883774 0 0
320 0 0.07873179763555527 0 0
321 0 0.07911936938762665 0 0
322 0 0.07949713617563248 0 0
323 0 0.07986509054899216 0 0
324 0 0.08022323250770569 0 0
325 1 0.08057156950235367 0 0
326 1 0.08090683072805405 0 0
327 1 0.08122900873422623 0 0
328 1 0.0815381109714508 0 0
329 1 0.08173591643571854 0 0
330 1 0.08201885968446732 0 0
331 1 0.0822887197136879 0 0
332 1 0.08254550397396088 0 0
333 1 0.08278920501470566 0 0
334 1 0.08301983773708344 0 0
335 1 0.08323737978935242 0 0
336 1 0.0834418460726738 0 0
337 1 0.08363323658704758 0 0
338 1 0.08381154388189316 0 0
339 1 0.08397677540779114 0 0
340 1 0.08412893116474152 0 0
341 1 0.0842680037021637 0 0
342 1 0.0841219574213028 0 0
343 1 0.0839693695306778 0 0
344 1 0.0838102400302887 0 0
345 1 0.0836445763707161 0 0
346 1 0.0834723636507988 0 0
347 1 0.0832936242222786 0 0
348 1 0.0831083357334137 0 0
349 1 0.0829165130853653 0 0
350 1 0.0827181488275528 0 0
351 1 0.0825132429599762 0 0
352 1 0.0823018029332161 0 0
353 1 0.0820838138461113 0 0
354 1 0.0818592980504036 0 0
355 1 0.0816282331943512 0 0
356 1 0.0813906341791153 0 0
357 1 0.0811464935541153 0 0
358 1 0.0808958113193512 0 0
359 1 0.0806385949254036 0 0
360 0 0.0803748294711113 0 0
361 0 0.08012088388204575 0 0
362 2 0.07987674325704575 0 0
363 2 0.07964567840099335 0 0
364 2 0.07942769676446915 0 0
365 2 0.07922279089689255 0 0
366 0 0.07903096824884415 0 0
367 0 0.0788489505648613 0 0
368 0 0.0786767452955246 0 0
369 0 0.07851435244083405 0 0
370 0 0.07836176455020905 0 0
371 0 0.0782189816236496 0 0
372 0 0.0780860111117363 0 0
373 0 0.0780860111117363 0 0
374 2 0.0780860111117363 0 0
375 2 0.0782320648431778 0 0
376 2 0.0783846527338028 0 0
377 2 0.0785437747836113 0 0
378 2 0.0787094458937645 0 0
379 2 0.0788816511631012 0 0
380 2 0.079060398042202 0 0
381 2 0.0792456790804863 0 0
382 0 0.0794375091791153 0 0
383 0 0.07961951941251755 0 0
384 0 0.07979173213243484 0 0
385 0 0.0799541249871254 0 0
386 0 0.0801067128777504 0 0
387 0 0.08024949580430984 0 0
388 0 0.08038245886564255 0 0
389 0 0.08038245886564255 0 0
390 0 0.08038245886564255 0 0
391 0 0.08038245886564255 0 0
392 0 0.08038245886564255 0 0
393 0 0.08038245886564255 0 0
394 0 0.08038245886564255 0 0
395 0 0.08038245886564255 0 0
396 0 0.08038245886564255 0 0
397 0 0.08038245886564255 0 0
398 0 0.08038245886564255 0 0
399 0 0.08038245886564255 0 0
400 0 0.08038245886564255 0 0
401 16 0.08038245886564255 0 0
402 18 0.08038245886564255 0 0
403 18 0.08052851259708405 0 0
404 18 0.08068110048770905 0 0
405 18 0.08084022253751755 0 0
406 16 0.08100589364767075 0 0
407 16 0.0811617523431778 0 0
408 18 0.0813077986240387 0 0
409 18 0.0814603865146637 0 0
410 18 0.0816195160150528 0 0
411 18 0.08143732696771622 0 0
412 18 0.08143732696771622 0 0
413 18 0.08143732696771622 0 0
414 0 0.08143732696771622 0 0
415 0 0.08143732696771622 0 0
416 2 0.08143732696771622 0 0
417 2 0.08143732696771622 0 0
418 2 0.08143732696771622 0 0
419 2 0.08143732696771622 0 0
420 2 0.08143732696771622 0 0
421 2 0.08143732696771622 0 0
422 2 0.08143732696771622 0 0
423 2 0.08143732696771622 0 0
424 2 0.08143732696771622 0 0
425 2 0.08143732696771622 0 0
426 2 0.08143732696771622 0 0
427 2 0.08143732696771622 0 0
428 2 0.08143732696771622 0 0
429 2 0.08143732696771622 0 0
430 2 0.08143732696771622 0 0
431 2 0.08143732696771622 0 0
432 2 0.08143732696771622 0 0
433 2 0.08143732696771622 0 0
434 0 0.08143732696771622 0 0
435 0 0.08143732696771622 0 0
436 0 0.08160953223705292 0 0
437 0 0.08177192509174347 0 0
438 0 0.08192451298236847 0 0
439 0 0.08206729590892792 0 0
440 1 0.08220026642084122 0 0
441 1 0.08205421268939972 0 0
442 1 0.08190162479877472 0 0
443 1 0.08174250274896622 0 0
444 1 0.08157683163881302 0 0
445 1 0.08140462636947632 0 0
446 1 0.08122587949037552 0 0
447 1 0.08104059845209122 0 0
448 1 0.08084876835346222 0 0
449 1 0.08065040409564972 0 0
450 1 0.08044550567865372 0 0
451 1 0.08023405820131302 0 0
452 1 0.08001607656478882 0 0
453 1 0.07979155331850052 0 0
454 1 0.07956049591302872 0 0
455 1 0.07932288944721222 0 0
456 1 0.07907874882221222 0 0
457 1 0.07882807403802872 0 0
458 1 0.07857085019350052 0 0
459 0 0.07830709218978882 0 0
460 0 0.07805313915014267 0 0
461 2 0.07780899852514267 0 0
462 2 0.07757794111967087 0 0
463 2 0.07735995948314667 0 0
464 18 0.07715505361557007 0 0
465 18 0.07696323096752167 0 0
466 18 0.07678448408842087 0 0
467 18 0.07661881297826767 0 0
468 18 0.07646622508764267 0 0
469 18 0.07632672041654587 0 0
470 18 0.07620029151439667 0 0
471 18 0.07634633779525757 0 0
472 18 0.07649892568588257 0 0
473 18 0.07665805518627167 0 0
474 18 0.07682371884584427 0 0
475 18 0.07699592411518097 0 0
476 18 0.07717467099428177 0 0
477 18 0.07735995948314667 0 0
478 18 0.07755178213119507 0 0
479 18 0.07775014638900757 0 0
480 18 0.07795505225658417 0 0
481 18 0.07816649228334427 0 0
482 18 0.07838447391986847 0 0
483 18 0.07860899716615677 0 0
484 18 0.07884006202220917 0 0
485 18 0.07907766103744507 0 0
486 18 0.07932180166244507 0 0
487 18 0.07957248389720917 0 0
488 2 0.07982970029115677 0 0
489 2 0.08009345829486847 0 0
490 0 0.08036375790834427 0 0
491 0 0.08062424510717392 0 0
492 0 0.08087492734193802 0 0
493 0 0.08111579716205597 0 0
494 0 0.08134686201810837 0 0
495 0 0.08143732696771622 0 0
496 0 0.08143732696771622 0 0
497 0 0.08163895457983017 0 0
498 0 0.08183078467845917 0 0
499 0 0.08201279491186142 0 0
500 0 0.08218500763177872 0 0
501 0 0.08234740048646927 0 0
502 0 0.08249998837709427 0 0
503 0 0.08264277130365372 0 0
504 0 0.08277573436498642 0 0
505 0 0.08289889991283417 0 0
506 0 0.08301224559545517 0 0
507 0 0.08311579376459122 0 0
508 0 0.08320952206850052 0 0
509 0 0.08329344540834427 0 0
510 0 0.08329344540834427 0 0
511 0 0.08329344540834427 0 0
512 0 0.08329344540834427 0 0
513 0 0.08329344540834427 0 0
514 0 0.08329344540834427 0 0
515 0 0.08329344540834427 0 0
516 0 0.08329344540834427 0 0
517 0 0.08329344540834427 0 0
518 0 0.08329344540834427 0 0
519 0 0.08329344540834427 0 0
520 2 0.08329344540834427 0 0
521 2 0.08343949168920517 0 0
522 2 0.08359207957983017 0 0
523 2 0.08375120908021927 0 0
524 2 0.08391688019037247 0 0
525 2 0.08408908545970917 0 0
526 2 0.08426783233880997 0 0
527 2 0.08445311337709427 0 0
528 2 0.08464493602514267 0 0
529 2 0.08484330028295517 0 0
530 2 0.08504820615053177 0 0
531 2 0.08525965362787247 0 0
532 0 0.08547763526439667 0 0
533 0 0.08568580448627472 0 0
534 0 0.08588416874408722 0 0
535 0 0.08607272803783417 0 0
536 0 0.08625147491693497 0 0
537 0 0.08642040938138962 0 0
538 0 0.08713410794734955 0 0
539 0 0.0872834250330925 0 0
540 0 0.0874229297041893 0 0
541 0 0.08755262941122055 0 0
542 0 0.08767252415418625 0 0
543 0 0.0877826064825058 0 0
544 0 0.0878828763961792 0 0
545 0 0.08797334134578705 0 0
546 0 0.08797334134578705 0 0
547 0 0.08797334134578705 0 0
548 0 0.08797334134578705 0 0
549 0 0.08797334134578705 0 0
550 0 0.08797334134578705 0 0
551 2 0.08797334134578705 0 0
552 2 0.08811938762664795 0 0
553 18 0.08827197551727295 0 0
554 18 0.08843110501766205 0 0
555 18 0.08859676867723465 0 0
556 18 0.08876897394657135 0 0
557 18 0.08894772082567215 0 0
558 18 0.08913300931453705 0 0
559 18 0.08932483196258545 0 0
560 18 0.08952319622039795 0 0
561 18 0.08972810208797455 0 0
562 18 0.08993954211473465 0 0
563 18 0.09015752375125885 0 0
564 18 0.09038204699754715 0 0
565 18 0.09061311185359955 0 0
566 18 0.09085071086883545 0 0
567 18 0.09109485149383545 0 0
568 18 0.09134553372859955 0 0
569 18 0.09160275012254715 0 0
570 18 0.09186650812625885 0 0
571 18 0.09213680773973465 0 0
572 18 0.09241364896297455 0 0
573 2 0.09269702434539795 0 0
574 2 0.09298694133758545 0 0
575 2 0.09328339993953705 0 0
576 2 0.09358639270067215 0 0
577 2 0.09389592707157135 0 0
578 2 0.09421200305223465 0 0
579 2 0.09453462064266205 0 0
580 2 0.0949641615152359 0 0
581 2 0.0953042134642601 0 0
582 2 0.0956529900431633 0 0
583 2 0.0960104838013649 0 0
584 2 0.0963766947388649 0 0
585 2 0.0967516228556633 0 0
586 2 0.0971352681517601 0 0
587 2 0.0975276380777359 0 0
588 0 0.0979287251830101 0 0
589 0 0.09832000732421875 0 0
590 0 0.09870147705078125 0 0
591 0 0.0990731343626976 0 0
592 0 0.0994349867105484 0 0
593 0 0.09978703409433365 0 0
594 0 0.10012926161289215 0 0
595 0 0.1004616841673851 0 0
596 0 0.1007843017578125 0 0
597 0 0.10109710693359375 0 0
598 0 0.1013018935918808 0 0
599 0 0.10159507393836975 0 0
600 0 0.10187845677137375 0 0
601 0 0.102152019739151 0 0
602 0 0.1024157851934433 0 0
603 0 0.10266973078250885 0 0
604 0 0.10291387140750885 0 0
605 0 0.1031482070684433 0 0
606 0 0.103372722864151 0 0
607 0 0.10358744114637375 0 0
608 0 0.10379233956336975 0 0
609 2 0.1039874404668808 0 0
610 2 0.10418906807899475 0 0
611 2 0.1043972447514534 0 0
612 0 0.10461195558309555 0 0
613 0 0.10481686145067215 0 0
614 0 0.1050119549036026 0 0
615 0 0.1051972433924675 0 0
616 0 0.10537271946668625 0 0
617 0 0.10553838312625885 0 0
618 0 0.1056942418217659 0 0
619 0 0.1058402881026268 0 0
620 0 0.10597652941942215 0 0
621 0 0.10597652941942215 0 0
622 0 0.10597652941942215 0 0
623 0 0.10597652941942215 0 0
624 0 0.10597652941942215 0 0
625 0 0.10597652941942215 0 0
626 0 0.10597652941942215 0 0
627 0 0.10597652941942215 0 0
628 0 0.10597652941942215 0 0
629 2 0.10597652941942215 0 0
630 2 0.10612257570028305 0 0
631 2 0.10627516359090805 0 0
632 2 0.10643429309129715 0 0
633 2 0.10659995675086975 0 0
634 0 0.10677216947078705 0 0
635 0 0.1069345623254776 0 0
636 0 0.1070871502161026 0 0
637 0 0.10722993314266205 0 0
638 0 0.10736289620399475 0 0
639 2 0.10736289620399475 0 0
640 2 0.10750894993543625 0 0
641 2 0.10766153782606125 0 0
642 0 0.10782065987586975 0 0
643 0 0.1079699844121933 0 0
644 2 0.1081094890832901 0 0
645 2 0.108255535364151 0 0
646 0 0.108408123254776 0 0
647 0 0.10855090618133545 0 0
648 0 0.10868387669324875 0 0
649 0 0.10868387669324875 0 0
650 0 0.10868387669324875 0 0
651 0 0.10868387669324875 0 0
652 0 0.10868387669324875 0 0
653 0 0.10868387669324875 0 0
654 0 0.10868387669324875 0 0
655 0 0.10868387669324875 0 0
656 0 0.10868387669324875 0 0
657 0 0.10868387669324875 0 0
658 0 0.10868387669324875 0 0
659 0 0.10868387669324875 0 0
660 0 0.10868387669324875 0 0
661 0 0.10868387669324875 0 0
662 0 0.10868387669324875 0 0
663 0 0.10868387669324875 0 0
664 0 0.10868387669324875 0 0
665 0 0.10868387669324875 0 0
666 0 0.10868387669324875 0 0
667 0 0.10868387669324875 0 0
668 0 0.10868387669324875 0 0
669 0 0.10868387669324875 0 0
670 2 0.10868387669324875 0 0
671 2 0.10882992297410965 0 0
672 2 0.10898251086473465 0 0
673 2 0.10914164036512375 0 0
674 2 0.10930730402469635 0 0
675 2 0.10947950929403305 0 0
676 2 0.10965825617313385 0 0
677 2 0.10984354466199875 0 0
678 2 0.11003536731004715 0 0
679 2 0.11023373156785965 0 0
680 2 0.11043863743543625 0 0
681 2 0.11065007746219635 0 0
682 2 0.11086805909872055 0 0
683 2 0.11109258234500885 0 0
684 2 0.11132364720106125 0 0
685 2 0.11156124621629715 0 0
686 0 0.11180538684129715 0 0
687 0 0.112039715051651 0 0
688 0 0.1122642382979393 0 0
689 0 0.11247895658016205 0 0
690 0 0.11268385499715805 0 0
691 0 0.1128789484500885 0 0
692 0 0.1130642369389534 0 0
693 0 0.11323971301317215 0 0
694 0 0.11340537667274475 0 0
695 0 0.1135612353682518 0 0
696 0 0.1137072890996933 0 0
697 0 0.11384352296590805 0 0
698 0 0.11384352296590805 0 0
699 0 0.11384352296590805 0 0
700 0 0.11384352296590805 0 0
701 0 0.11384352296590805 0 0
702 2 0.11384352296590805 0 0
703 2 0.11398957669734955 0 0
704 2 0.11414216458797455 0 0
705 0 0.11430128663778305 0 0
706 0 0.114450603723526 0 0
707 0 0.1145901158452034 0 0
708 0 0.11471981555223465 0 0
709 0 0.11471981555223465 0 0
710 2 0.11471981555223465 0 0
711 2 0.11486586183309555 0 0
712 2 0.11501844972372055 0 0
713 2 0.11517757922410965 0 0
714 2 0.11534324288368225 0 0
715 2 0.11551545560359955 0 0
716 0 0.11569419503211975 0 0
717 0 0.115863136947155 0 0
718 0 0.1160222589969635 0 0
719 0 0.11617158353328705 0 0
720 0 0.11631108820438385 0 0
721 0 0.1164407879114151 0 0
722 2 0.1164407879114151 0 0
723 2 0.116586834192276 0 0
724 2 0.116739422082901 0 0
725 2 0.1168985515832901 0 0
726 2 0.1170642226934433 0 0
727 2 0.11723642796278 0 0
728 0 0.1174151748418808 0 0
729 0 0.11758410930633545 0 0
730 0 0.11774323880672455 0 0
731 0 0.1178925558924675 0 0
732 2 0.1180320605635643 0 0
733 2 0.1181781142950058 0 0
734 2 0.1183307021856308 0 0
735 2 0.1184898242354393 0 0
736 2 0.1186554953455925 0 0
737 2 0.1188277006149292 0 0
738 0 0.11900644749403 0 0
739 0 0.11917538195848465 0 0
740 0 0.11933451145887375 0 0
741 0 0.1194838285446167 0 0
742 2 0.1196233332157135 0 0
743 2 0.119769386947155 0 0
744 2 0.11992197483778 0 0
745 2 0.1200810968875885 0 0
746 0 0.1202467679977417 0 0
747 0 0.12040262669324875 0 0
748 2 0.12054867297410965 0 0
749 2 0.12070126086473465 0 0
750 2 0.12086039036512375 0 0
751 2 0.12102605402469635 0 0
752 0 0.12119825929403305 0 0
753 0 0.1213606595993042 0 0
754 0 0.1215132474899292 0 0
755 0 0.12165602296590805 0 0
756 2 0.12178899347782135 0 0
757 2 0.12193503975868225 0 0
758 0 0.12208762764930725 0 0
759 0 0.1222304105758667 0 0
760 0 0.12236338108778 0 0
761 0 0.12236338108778 0 0
762 0 0.12236338108778 0 0
763 0 0.12236338108778 0 0
764 0 0.12236338108778 0 0
765 0 0.12236338108778 0 0
766 2 0.12236338108778 0 0
767 2 0.1225094273686409 0 0
768 2 0.1226620152592659 0 0
769 2 0.122821144759655 0 0
770 0 0.1229868084192276 0 0
771 0 0.12314266711473465 0 0
772 0 0.12328871339559555 0 0
773 0 0.1234249547123909 0 0
774 0 0.1234249547123909 0 0
775 0 0.1234249547123909 0 0
776 0 0.1234249547123909 0 0
777 0 0.1234249547123909 0 0
778 0 0.1234249547123909 0 0
779 0 0.1234249547123909 0 0
780 0 0.1234249547123909 0 0
781 2 0.1234249547123909 0 0
782 2 0.1235710009932518 0 0
783 2 0.1237235888838768 0 0
784 0 0.1238827183842659 0 0
785 0 0.12403203547000885 0 0
786 0 0.12417154759168625 0 0
787 0 0.1243012472987175 0 0
788 0 0.1243012472987175 0 0
789 0 0.1243012472987175 0 0
790 0 0.1243012472987175 0 0
791 0 0.1243012472987175 0 0
792 0 0.1243012472987175 0 0
793 0 0.1243012472987175 0 0
794 0 0.1243012472987175 0 0
795 0 0.1243012472987175 0 0
796 0 0.1243012472987175 0 0
797 0 0.1243012472987175 0 0
798 0 0.1243012472987175 0 0
799 2 0.1243012472987175 0 0
800 2 0.1244472935795784 0 0
801 2 0.1245998814702034 0 0
802 0 0.1247590109705925 0 0
803 0 0.12490832805633545 0 0
804 0 0.12504783272743225 0 0
805 2 0.1251775324344635 0 0
806 2 0.1253235787153244 0 0
807 2 0.1254761666059494 0 0
808 0 0.1256352961063385 0 0
809 0 0.12578462064266205 0 0
810 2 0.12592412531375885 0 0
811 2 0.12607017159461975 0 0
812 2 0.12622275948524475 0 0
813 0 0.12638188898563385 0 0
814 0 0.1265312135219574 0 0
815 0 0.1266707181930542 0 0
816 0 0.12680041790008545 0 0
817 0 0.12680041790008545 0 0
818 0 0.12680041790008545 0 0
819 0 0.12680041790008545 0 0
820 0 0.12680041790008545 0 0
821 2 0.12680041790008545 0 0
822 2 0.12694646418094635 0 0
823 2 0.12709905207157135 0 0
824 0 0.12725818157196045 0 0
825 0 0.127407506108284 0 0
826 2 0.1275470107793808 0 0
827 2 0.1276930570602417 0 0
828 0 0.1278456449508667 0 0
829 0 0.12798842787742615 0 0
830 0 0.12812139093875885 0 0
831 0 0.12812139093875885 0 0
832 2 0.12812139093875885 0 0
833 2 0.12826743721961975 0 0
834 0 0.12842002511024475 0 0
835 0 0.1285628080368042 0 0
836 0 0.1286957710981369 0 0
837 0 0.1286957710981369 0 0
838 2 0.1286957710981369 0 0
839 2 0.128841832280159 0 0
840 2 0.128994420170784 0 0
841 0 0.1291535347700119 0 0
842 0 0.12930285930633545 0 0
843 0 0.12944236397743225 0 0
844 0 0.1295720636844635 0 0
845 0 0.1295720636844635 0 0
846 2 0.1295720636844635 0 0
847 2 0.1297181099653244 0 0
848 2 0.1298706978559494 0 0
849 0 0.1300298273563385 0 0
850 0 0.13017915189266205 0 0
851 0 0.13031865656375885 0 0
852 0 0.1304483562707901 0 0
853 0 0.1304483562707901 0 0
854 0 0.1304483562707901 0 0
855 0 0.1304483562707901 0 0
856 0 0.1304483562707901 0 0
857 0 0.1304483562707901 0 0
858 2 0.1304483562707901 0 0
859 2 0.130594402551651 0 0
860 2 0.130746990442276 0 0
861 2 0.1309061199426651 0 0
862 0 0.1310717910528183 0 0
863 0 0.13122764229774475 0 0
864 0 0.13137368857860565 0 0
865 0 0.131509929895401 0 0
866 0 0.131509929895401 0 0
867 0 0.131509929895401 0 0
868 0 0.131509929895401 0 0
869 0 0.131509929895401 0 0
870 0 0.131509929895401 0 0
871 0 0.131509929895401 0 0
872 0 0.131509929895401 0 0
873 0 0.131509929895401 0 0
874 0 0.131509929895401 0 0
875 0 0.131509929895401 0 0
876 0 0.131509929895401 0 0
877 0 0.131509929895401 0 0
878 0 0.131509929895401 0 0
879 0 0.131509929895401 0 0
880 0 0.131509929895401 0 0
881 0 0.131509929895401 0 0
882 0 0.131509929895401 0 0
883 0 0.131509929895401 0 0
884 0 0.131509929895401 0 0
885 0 0.131509929895401 0 0
886 0 0.131509929895401 0 0
887 0 0.131509929895401 0 0
888 0 0.131509929895401 0 0
889 0 0.131509929895401 0 0
890 0 0.131509929895401 0 0
891 0 0.131509929895401 0 0
892 0 0.131509929895401 0 0
893 0 0.131509929895401 0 0
894 0 0.131509929895401 0 0
895 0 0.131509929895401 0 0
896 2 0.131509929895401 0 0
897 2 0.1316559761762619 0 0
898 2 0.1318085640668869 0 0
899 2 0.131967693567276 0 0
900 2 0.1321333646774292 0 0
901 2 0.1323055773973465 0 0
902 2 0.1324843168258667 0 0
903 2 0.132669597864151 0 0
904 2 0.1328614205121994 0 0
905 2 0.1330597847700119 0 0
906 2 0.1332646906375885 0 0
907 2 0.1334761381149292 0 0
908 2 0.133694127202034 0 0
909 2 0.1339186429977417 0 0
910 2 0.1341497004032135 0 0
911 2 0.1343872994184494 0 0
912 2 0.1346314400434494 0 0
913 2 0.1348821222782135 0 0
914 2 0.1351393461227417 0 0
915 2 0.135403111577034 0 0
916 2 0.1356734037399292 0 0
917 2 0.1359502375125885 0 0
918 2 0.1362336128950119 0 0
919 2 0.1365235298871994 0 0
920 2 0.136819988489151 0 0
921 2 0.1371229887008667 0 0
922 2 0.1374325305223465 0 0
923 2 0.1377485990524292 0 0
924 2 0.138071209192276 0 0
925 2 0.13850076496601105 0 0
926 2 0.13884080946445465 0 0
927 2 0.13918958604335785 0 0
928 2 0.13954707980155945 0 0
929 18 0.13991329073905945 0 0
930 18 0.14028821885585785 0 0
931 18 0.14067186415195465 0 0
932 18 0.14106424152851105 0 0
933 18 0.14146532118320465 0 0
934 18 0.14187513291835785 0 0
935 18 0.14229366183280945 0 0
936 18 0.14272090792655945 0 0
937 18 0.14315687119960785 0 0
938 18 0.14360155165195465 0 0
939 18 0.14405496418476105 0 0
940 18 0.14450138807296753 0 0
941 18 0.144947811961174 0 0
942 18 0.1453942507505417 0 0
943 18 0.14584067463874817 0 0
944 18 0.14628709852695465 0 0
945 18 0.14673352241516113 0 0
946 18 0.1471799612045288 0 0
947 18 0.1476263850927353 0 0
948 18 0.14807280898094177 0 0
949 18 0.14851924777030945 0 0
950 18 0.14896567165851593 0 0
951 18 0.1494120955467224 0 0
952 18 0.1498585343360901 0 0
953 2 0.15030495822429657 0 0
954 2 0.15075138211250305 0 0
955 2 0.15119782090187073 0 0
956 2 0.1516442447900772 0 0
957 2 0.1520906686782837 0 0
958 2 0.15253710746765137 0 0
959 2 0.15298353135585785 0 0
960 2 0.15342995524406433 0 0
961 2 0.1538763791322708 0 0
962 2 0.1543228179216385 0 0
963 2 0.15476924180984497 0 0
964 2 0.15521566569805145 0 0
965 2 0.15566210448741913 0 0
966 2 0.1561085283756256 0 0
967 2 0.1565549522638321 0 0
968 2 0.15700139105319977 0 0
969 2 0.15744781494140625 0 0
970 2 0.15789423882961273 0 0
971 2 0.1583406776189804 0 0
972 2 0.15848197042942047 0 0
973 2 0.15852980315685272 0 0
974 2 0.15858018398284912 0 0
975 2 0.15858018398284912 0 0
976 0 0.15858018398284912 0 0
977 0 0.15873603522777557 0 0
978 0 0.15888208150863647 0 0
979 0 0.15901832282543182 0 0
980 0 0.15914475917816162 0 0
981 0 0.15926137566566467 0 0
982 0 0.15936818718910217 0 0
983 0 0.15946519374847412 0 0
984 0 0.15955238044261932 0 0
985 0 0.15962976217269897 0 0
986 0 0.15969733893871307 0 0
987 0 0.15975511074066162 0 0
988 0 0.15980306267738342 0 0
989 0 0.15984120965003967 0 0
990 2 0.15986955165863037 0 0
991 2 0.16001559793949127 0 0
992 2 0.16016818583011627 0 0
993 2 0.16032731533050537 0 0
994 2 0.16049297153949738 0 0
995 2 0.16066518425941467 0 0
996 2 0.16084392368793488 0 0
997 2 0.16102921962738037 0 0
998 2 0.16122104227542877 0 0
999 2 0.16141940653324127 0 0
1000 2 0.16162431240081787 0 0
1001 2 0.16183574497699738 0 0
1002 2 0.16205373406410217 0 0
1003 2 0.16227824985980988 0 0
1004 2 0.16250932216644287 0 0
1005 2 0.16274692118167877 0 0
1006 2 0.16299106180667877 0 0
1007 2 0.16324174404144287 0 0
1008 2 0.16349895298480988 0 0
1009 2 0.16376271843910217 0 0
1010 2 0.16403301060199738 0 0
1011 2 0.16430985927581787 0 0
1012 2 0.16459323465824127 0 0
1013 2 0.16488315165042877 0 0
1014 2 0.16517961025238037 0 0
1015 2 0.16548259556293488 0 0
1016 2 0.16579213738441467 0 0
1017 18 0.16610820591449738 0 0
1018 18 0.16643083095550537 0 0
1019 18 0.16686037182807922 0 0
1020 18 0.16720043122768402 0 0
1021 18 0.16754919290542603 0 0
1022 18 0.16790668666362762 0 0
1023 18 0.16827289760112762 0 0
1024 18 0.16864782571792603 0 0
1025 18 0.16903148591518402 0 0
1026 18 0.16942384839057922 0 0
1027 18 0.16982494294643402 0 0
1028 18 0.17023473978042603 0 0
1029 18 0.17065326869487762 0 0
1030 18 0.17108051478862762 0 0
1031 18 0.17151647806167603 0 0
1032 18 0.17196117341518402 0 0
1033 18 0.17241457104682922 0 0
1034 18 0.1728609949350357 0 0
1035 18 0.17330743372440338 0 0
1036 18 0.17375385761260986 0 0
1037 18 0.17420028150081635 0 0
1038 18 0.17464672029018402 0 0
1039 18 0.1750931441783905 0 0
1040 2 0.17553956806659698 0 0
1041 2 0.17598600685596466 0 0
1042 2 0.17643243074417114 0 0
1043 2 0.17687885463237762 0 0
1044 2 0.1773252934217453 0 0
1045 2 0.17777171730995178 0 0
1046 2 0.17821814119815826 0 0
1047 2 0.17866457998752594 0 0
1048 0 0.17911100387573242 0 0
1049 0 0.17954762279987335 0 0
1050 0 0.17997443675994873 0 0
1051 0 0.18039143085479736 0 0
1052 0 0.18079861998558044 0 0
1053 0 0.18119600415229797 0 0
1054 0 0.18158358335494995 0 0
1055 0 0.18196134269237518 0 0
1056 0 0.18232929706573486 0 0
1057 0 0.182687446475029 0 0
1058 0 0.18303577601909637 0 0
1059 0 0.1833743005990982 0 0
1060 0 0.18370302021503448 0 0
1061 0 0.1840219348669052 0 0
1062 0 0.18423283100128174 0 0
1063 0 0.18453212082386017 0 0
1064 0 0.18482160568237305 0 0
1065 0 0.18510127067565918 0 0
1066 0 0.18537113070487976 0 0
1067 0 0.1856311857700348 0 0
1068 0 0.18588143587112427 0 0
1069 0 0.186121866106987 0 0
1070 0 0.18635249137878418 0 0
1071 0 0.1865733116865158 0 0
1072 0 0.1867843121290207 0 0
1073 0 0.18698552250862122 0 0
1074 0 0.187176913022995 0 0
1075 0 0.18735848367214203 0 0
1076 0 0.1875302493572235 0 0
1077 0 0.18769221007823944 0 0
1078 2 0.18784436583518982 0 0
1079 2 0.1880030632019043 0 0
1080 2 0.18816828727722168 0 0
1081 2 0.18834006786346436 0 0
1082 2 0.18851837515830994 0 0
1083 2 0.18870322406291962 0 0
1084 18 0.1888946145772934 0 0
1085 18 0.18909253180027008 0 0
1086 18 0.18929700553417206 0 0
1087 18 0.18950800597667694 0 0
1088 18 0.18972556293010712 0 0
1089 18 0.1899496465921402 0 0
1090 18 0.19018027186393738 0 0
1091 18 0.19041743874549866 0 0
1092 18 0.19066114723682404 0 0
1093 18 0.19091138243675232 0 0
1094 18 0.1911681741476059 0 0
1095 18 0.19143149256706238 0 0
1096 18 0.19170135259628296 0 0
1097 18 0.19197775423526764 0 0
1098 18 0.19226069748401642 0 0
1099 18 0.1925501823425293 0 0
1100 18 0.19284619390964508 0 0
1101 18 0.19314876198768616 0 0
1102 18 0.19345785677433014 0 0
1103 18 0.19377349317073822 0 0
1104 18 0.1940956711769104 0 0
1105 18 0.19452477991580963 0 0
1106 18 0.1948643922805786 0 0
1107 18 0.1952127367258072 0 0
1108 18 0.19556978344917297 0 0
1109 18 0.19593556225299835 0 0
1110 18 0.19631005823612213 0 0
1111 18 0.1966932713985443 0 0
1112 18 0.1970852017402649 0 0
1113 18 0.19748584926128387 0 0
1114 18 0.19789522886276245 0 0
1115 18 0.19831331074237823 0 0
1116 2 0.1987401247024536 0 0
1117 2 0.1991756558418274 0 0
1118 0 0.19961990416049957 0 0
1119 0 0.2000543475151062 0 0
1120 0 0.20047897100448608 0 0
1121 0 0.20089378952980042 0 0
1122 0 0.2012988030910492 0 0
1123 0 0.20169401168823242 0 0
1124 0 0.2020794004201889 0 0
1125 0 0.20245498418807983 0 0
1126 0 0.2028207629919052 0 0
1127 0 0.20317672193050385 0 0
1128 0 0.20352289080619812 0 0
1129 0 0.20385922491550446 0 0
1130 0 0.20418576896190643 0 0
1131 0 0.20450249314308167 0 0
1132 1 0.2047112137079239 0 0
1133 1 0.20500506460666656 0 0
1134 1 0.20528581738471985 0 0
1135 1 0.20555350184440613 0 0
1136 1 0.2058081030845642 0 0
1137 1 0.20604963600635529 0 0
1138 1 0.20627807080745697 0 0
1139 1 0.20649343729019165 0 0
1140 1 0.20669573545455933 0 0
1141 1 0.2068849354982376 0 0
1142 0 0.2070610672235489 0 0
1143 0 0.20722739398479462 0 0
1144 1 0.2073839008808136 0 0
1145 1 0.20752733945846558 0 0
1146 0 0.20765769481658936 0 0
1147 0 0.20765769481658936 0 0
1148 0 0.20765769481658936 0 0
1149 0 0.20765769481658936 0 0
1150 0 0.20765769481658936 0 0
1151 0 0.20765769481658936 0 0
1152 0 0.20765769481658936 0 0
1153 0 0.20765769481658936 0 0
1154 0 0.20765769481658936 0 0
1155 0 0.20765769481658936 0 0
1156 0 0.20765769481658936 0 0
1157 0 0.20765769481658936 0 0
1158 0 0.20765769481658936 0 0
1159 0 0.20765769481658936 0 0
1160 0 0.20765769481658936 0 0
1161 0 0.20765769481658936 0 0
1162 0 0.20765769481658936 0 0
1163 0 0.20765769481658936 0 0
1164 0 0.20765769481658936 0 0
1165 0 0.20765769481658936 0 0
1166 0 0.20765769481658936 0 0
1167 0 0.20765769481658936 0 0
1168 0 0.20765769481658936 0 0
1169 0 0.20765769481658936 0 0
1170 0 0.20765769481658936 0 0
1171 0 0.20765769481658936 0 0
1172 0 0.20765769481658936 0 0
1173 0 0.20765769481658936 0 0
1174 0 0.20765769481658936 0 0
1175 0 0.20765769481658936 0 0
1176 0 0.20765769481658936 0 0
1177 0 0.20765769481658936 0 0
1178 0 0.20765769481658936 0 0
1179 0 0.20765769481658936 0 0
1180 0 0.20765769481658936 0 0
1181 0 0.20765769481658936 0 0
1182 0 0.20765769481658936 0 0
1183 0 0.20765769481658936 0 0
1184 0 0.20765769481658936 0 0
1185 0 0.20765769481658936 0 0
1186 0 0.20765769481658936 0 0
1187 0 0.20765769481658936 0 0
1188 0 0.20765769481658936 0 0
1189 0 0.20765769481658936 0 0
1190 0 0.20765769481658936 0 0
1191 0 0.20765769481658936 0 0
1192 0 0.20765769481658936 0 0
1193 0 0.20765769481658936 0 0
1194 2 0.20765769481658936 0 0
1195 2 0.20780374109745026 0 0
1196 2 0.20795632898807526 0 0
1197 2 0.20811545848846436 0 0
1198 18 0.20828111469745636 0 0
1199 18 0.20845332741737366 0 0
1200 18 0.20863206684589386 0 0
1201 18 0.20881736278533936 0 0
1202 18 0.20900918543338776 0 0
1203 18 0.20920754969120026 0 0
1204 18 0.20941245555877686 0 0
1205 18 0.20962388813495636 0 0
1206 18 0.20984187722206116 0 0
1207 18 0.21006639301776886 0 0
1208 18 0.21029746532440186 0 0
1209 18 0.21053506433963776 0 0
1210 18 0.21077920496463776 0 0
1211 18 0.21102988719940186 0 0
1212 18 0.21128709614276886 0 0
1213 18 0.21155086159706116 0 0
1214 2 0.21182115375995636 0 0
1215 2 0.21209800243377686 0 0
1216 0 0.21238137781620026 0 0
1217 0 0.2126549482345581 0 0
1218 2 0.2129186987876892 0 0
1219 2 0.2131890058517456 0 0
1220 2 0.2134658396244049 0 0
1221 2 0.2137492150068283 0 0
1222 2 0.2140391319990158 0 0
1223 2 0.2143355906009674 0 0
1224 2 0.2146385908126831 0 0
1225 2 0.2149481177330017 0 0
1226 2 0.2152642011642456 0 0
1227 2 0.2155868113040924 0 0
1228 2 0.21601633727550507 0 0
1229 2 0.21635639667510986 0 0
1230 2 0.21670517325401306 0 0
1231 2 0.21706266701221466 0 0
1232 2 0.21742887794971466 0 0
1233 2 0.21780380606651306 0 0
1234 2 0.21818745136260986 0 0
1235 2 0.21857981383800507 0 0
1236 2 0.21898090839385986 0 0
1237 2 0.21939072012901306 0 0
1238 2 0.21980924904346466 0 0
1239 2 0.22023649513721466 0 0
1240 2 0.22067245841026306 0 0
1241 2 0.22111713886260986 0 0
1242 2 0.22157053649425507 0 0
1243 2 0.22201697528362274 0 0
1244 0 0.22246339917182922 0 0
1245 0 0.22290001809597015 0 0
1246 0 0.22332683205604553 0 0
1247 0 0.22374382615089417 0 0
1248 0 0.22415103018283844 0 0
1249 0 0.22454839944839478 0 0
1250 0 0.22493597865104675 0 0
1251 2 0.22531373798847198 0 0
1252 2 0.2257002294063568 0 0
1253 2 0.22609542310237885 0 0
1254 18 0.22649934887886047 0 0
1255 18 0.2269119918346405 0 0
1256 18 0.22733335196971893 0 0
1257 18 0.22776342928409576 0 0
1258 18 0.2282022386789322 0 0
1259 18 0.22864975035190582 0 0
1260 18 0.2290961742401123 0 0
1261 18 0.22954261302947998 0 0
1262 18 0.22998903691768646 0 0
1263 18 0.23043546080589294 0 0
1264 18 0.23088189959526062 0 0
1265 18 0.2313283234834671 0 0
1266 18 0.23177474737167358 0 0
1267 18 0.23222117125988007 0 0
1268 2 0.23266761004924774 0 0
1269 2 0.23311403393745422 0 0
1270 0 0.2335604578256607 0 0
1271 0 0.23399707674980164 0 0
1272 0 0.23442389070987701 0 0
1273 0 0.23484089970588684 0 0
1274 0 0.23524808883666992 0 0
1275 0 0.23564547300338745 0 0
1276 0 0.23603303730487823 0 0
1277 0 0.23641081154346466 0 0
1278 0 0.23677876591682434 0 0
1279 0 0.23713690042495728 0 0
1280 0 0.23748524487018585 0 0
1281 0 0.23782376945018768 0 0
1282 0 0.23815248906612396 0 0
1283 0 0.2384714037179947 0 0
1284 0 0.23868229985237122 0 0
1285 0 0.23898158967494965 0 0
1286 0 0.23927105963230133 0 0
1287 0 0.23955073952674866 0 0
1288 0 0.23982059955596924 0 0
1289 0 0.24008065462112427 0 0
1290 0 0.24033090472221375 0 0
1291 0 0.24057133495807648 0 0
1292 0 0.24080196022987366 0 0
1293 0 0.24102278053760529 0 0
1294 0 0.24123378098011017 0 0
1295 0 0.2414349764585495 0 0
1296 0 0.24162636697292328 0 0
1297 0 0.2418079525232315 0 0
1298 0 0.241979718208313 0 0
1299 0 0.24214167892932892 0 0
1300 0 0.2422938346862793 0 0
1301 0 0.24243617057800293 0 0
1302 0 0.242568701505661 0 0
1303 0 0.24269142746925354 0 0
1304 0 0.24280434846878052 0 0
1305 0 0.24290744960308075 0 0
1306 0 0.24300074577331543 0 0
1307 0 0.24308423697948456 0 0
1308 0 0.24308423697948456 0 0
1309 0 0.24308423697948456 0 0
1310 0 0.24308423697948456 0 0
1311 0 0.24308423697948456 0 0
1312 0 0.24308423697948456 0 0
1313 0 0.24308423697948456 0 0
1314 0 0.24308423697948456 0 0
1315 0 0.24308423697948456 0 0
1316 0 0.24308423697948456 0 0
1317 0 0.24308423697948456 0 0
1318 0 0.24308423697948456 0 0
1319 0 0.24308423697948456 0 0
1320 0 0.24308423697948456 0 0
1321 0 0.24308423697948456 0 0
1322 0 0.24308423697948456 0 0
1323 0 0.24308423697948456 0 0
1324 0 0.24308423697948456 0 0
1325 0 0.24308423697948456 0 0
1326 0 0.24308423697948456 0 0
1327 0 0.24308423697948456 0 0
1328 0 0.24308423697948456 0 0
1329 0 0.24308423697948456 0 0
1330 0 0.24308423697948456 0 0
1331 0 0.24308423697948456 0 0
1332 0 0.24308423697948456 0 0
1333 0 0.24308423697948456 0 0
1334 0 0.24308423697948456 0 0
1335 0 0.24308423697948456 0 0
1336 0 0.24308423697948456 0 0
1337 0 0.24308423697948456 0 0
1338 0 0.24308423697948456 0 0
1339 0 0.24308423697948456 0 0
1340 0 0.24308423697948456 0 0
1341 0 0.24308423697948456 0 0
1342 0 0.24308423697948456 0 0
1343 0 0.24308423697948456 0 0
1344 0 0.24308423697948456 0 0
1345 0 0.24308423697948456 0 0
1346 0 0.24308423697948456 0 0
1347 0 0.24308423697948456 0 0
1348 0 0.24308423697948456 0 0
1349 0 0.24308423697948456 0 0
1350 0 0.24308423697948456 0 0
1351 0 0.24308423697948456 0 0
1352 0 0.24308423697948456 0 0
1353 0 0.24308423697948456 0 0
1354 0 0.24308423697948456 0 0
1355 0 0.24308423697948456 0 0
1356 0 0.24308423697948456 0 0
1357 0 0.24308423697948456 0 0
1358 0 0.24308423697948456 0 0
1359 0 0.24308423697948456 0 0
1360 0 0.24308423697948456 0 0
1361 0 0.24308423697948456 0 0
1362 0 0.24308423697948456 0 0
1363 0 0.24308423697948456 0 0
1364 0 0.24308423697948456 0 0
1365 0 0.24308423697948456 0 0
1366 0 0.24308423697948456 0 0
1367 0 0.24308423697948456 0 0
1368 0 0.24308423697948456 0 0
1369 0 0.24308423697948456 0 0
1370 0 0.24308423697948456 0 0
1371 0 0.24308423697948456 0 0
1372 0 0.24308423697948456 0 0
1373 0 0.24308423697948456 0 0
1374 0 0.24308423697948456 0 0
1375 0 0.24308423697948456 0 0
1376 0 0.24308423697948456 0 0
1377 0 0.24308423697948456 0 0
1378 0 0.24308423697948456 0 0
1379 0 0.24308423697948456 0 0
1380 0 0.24308423697948456 0 0
1381 0 0.24308423697948456 0 0
1382 0 0.24308423697948456 0 0
1383 0 0.24308423697948456 0 0
1384 0 0.24308423697948456 0 0
1385 0 0.24308423697948456 0 0
1386 0 0.24308423697948456 0 0
1387 0 0.24308423697948456 0 0
1388 0 0.24308423697948456 0 0
1389 0 0.24308423697948456 0 0
1390 0 0.24308423697948456 0 0
1391 0 0.24308423697948456 0 0
1392 0 0.24308423697948456 0 0
1393 0 0.24308423697948456 0 0
1394 0 0.24308423697948456 0 0
1395 0 0.24308423697948456 0 0
1396 0 0.24308423697948456 0 0
1397 0 0.24308423697948456 0 0
1398 0 0.24308423697948456 0 0
1399 0 0.24308423697948456 0 0
1400 0 0.24308423697948456 0 0
1401 0 0.24308423697948456 0 0
1402 0 0.24308423697948456 0 0
1403 0 0.24308423697948456 0 0
1404 0 0.24308423697948456 0 0
1405 0 0.24308423697948456 0 0
1406 0 0.24308423697948456 0 0
1407 0 0.24308423697948456 0 0
1408 0 0.24308423697948456 0 0
1409 0 0.24308423697948456 0 0
1410 0 0.24308423697948456 0 0
1411 0 0.24308423697948456 0 0
1412 0 0.24308423697948456 0 0
1413 0 0.24308423697948456 0 0
1414 0 0.24308423697948456 0 0
1415 0 0.24308423697948456 0 0
1416 0 0.24308423697948456 0 0
1417 0 0.24308423697948456 0 0
1418 0 0.24308423697948456 0 0
1419 0 0.24308423697948456 0 0
1420 0 0.24308423697948456 0 0
1421 0 0.24308423697948456 0 0
1422 0 0.24308423697948456 0 0
1423 0 0.24308423697948456 0 0
1424 0 0.24308423697948456 0 0
1425 0 0.24308423697948456 0 0
1426 0 0.24308423697948456 0 0
1427 0 0.24308423697948456 0 0
1428 0 0.24308423697948456 0 0
1429 0 0.24308423697948456 0 0
1430 0 0.24308423697948456 0 0
1431 0 0.24308423697948456 0 0
1432 0 0.24308423697948456 0 0
1433 0 0.24308423697948456 0 0
1434 0 0.24308423697948456 0 0
1435 0 0.24308423697948456 0 0
1436 0 0.24308423697948456 0 0
1437 0 0.24308423697948456 0 0
1438 0 0.24308423697948456 0 0
1439 0 0.24308423697948456 0 0
1440 0 0.24308423697948456 0 0
1441 0 0.24308423697948456 0 0
1442 0 0.24308423697948456 0 0
1443 0 0.24308423697948456 0 0
1444 0 0.24308423697948456 0 0
1445 0 0.24308423697948456 0 0
1446 0 0.24308423697948456 0 0
1447 0 0.24308423697948456 0 0
1448 0 0.24308423697948456 0 0
1449 0 0.24308423697948456 0 0
1450 0 0.24308423697948456 0 0
1451 0 0.24308423697948456 0 0
1452 0 0.24308423697948456 0 0
1453 0 0.24308423697948456 0 0
1454 0 0.24308423697948456 0 0
1455 0 0.24308423697948456 0 0
1456 0 0.24308423697948456 0 0
1457 0 0.24308423697948456 0 0
1458 0 0.24308423697948456 0 0
1459 0 0.24308423697948456 0 0
1460 0 0.24308423697948456 0 0
1461 0 0.24308423697948456 0 0
1462 0 0.24308423697948456 0 0
1463 0 0.24308423697948456 0 0
1464 0 0.24308423697948456 0 0
1465 0 0.24308423697948456 0 0
1466 0 0.24308423697948456 0 0
1467 0 0.24308423697948456 0 0
1468 0 0.24308423697948456 0 0
1469 0 0.24308423697948456 0 0
1470 0 0.24308423697948456 0 0
1471 0 0.24308423697948456 0 0
1472 0 0.24308423697948456 0 0
1473 0 0.24308423697948456 0 0
1474 0 0.24308423697948456 0 0
1475 0 0.24308423697948456 0 0
1476 0 0.24308423697948456 0 0
1477 0 0.24308423697948456 0 0
1478 0 0.24308423697948456 0 0
1479 0 0.24308423697948456 0 0
1480 0 0.24308423697948456 0 0
1481 0 0.24308423697948456 0 0
1482 0 0.24308423697948456 0 0
1483 0 0.24308423697948456 0 0
1484 0 0.24308423697948456 0 0
1485 0 0.24308423697948456 0 0
1486 0 0.24308423697948456 0 0
1487 0 0.24308423697948456 0 0
1488 0 0.24308423697948456 0 0
1489 0 0.24308423697948456 0 0
1490 0 0.24308423697948456 0 0
1491 0 0.24308423697948456 0 0
1492 2 0.24308423697948456 0 0
1493 2 0.24323028326034546 0 0
1494 2 0.24338287115097046 0 0
1495 2 0.24354200065135956 0 0
1496 2 0.24370767176151276 0 0
1497 2 0.24387986958026886 0 0
1498 2 0.24405862390995026 0 0
1499 2 0.24424390494823456 0 0
1500 2 0.24443572759628296 0 0
1501 2 0.24463409185409546 0 0
1502 2 0.24483899772167206 0 0
1503 2 0.24505044519901276 0 0
1504 2 0.24526841938495636 0 0
1505 2 0.24549295008182526 0 0
1506 2 0.24572400748729706 0 0
1507 2 0.24596160650253296 0 0
1508 2 0.24620574712753296 0 0
1509 2 0.24645642936229706 0 0
1510 2 0.24671365320682526 0 0
1511 2 0.24697740375995636 0 0
1512 2 0.24724771082401276 0 0
1513 2 0.24752454459667206 0 0
1514 18 0.24780791997909546 0 0
1515 18 0.24809783697128296 0 0
1516 18 0.24839429557323456 0 0
1517 18 0.24869729578495026 0 0
1518 18 0.24900682270526886 0 0
1519 18 0.24932290613651276 0 0
1520 18 0.24964551627635956 0 0
1521 18 0.2500750422477722 0 0
1522 2 0.2504151165485382 0 0
1523 2 0.250763863325119 0 0
1524 2 0.2511213719844818 0 0
1525 2 0.2514875829219818 0 0
1526 0 0.251862496137619 0 0
1527 0 0.25222763419151306 0 0
1528 0 0.25258293747901917 0 0
1529 0 0.2529284358024597 0 0
1530 0 0.2532641291618347 0 0
1531 0 0.25359001755714417 0 0
1532 0 0.25390610098838806 0 0
1533 0 0.25411415100097656 0 0
1534 0 0.25441062450408936 0 0
1535 0 0.2546972632408142 0 0
1536 0 0.2549740970134735 0 0
1537 0 0.25524112582206726 0 0
1538 0 0.25549834966659546 0 0
1539 0 0.2557457685470581 0 0
1540 0 0.2559833526611328 0 0
1541 0 0.25621116161346436 0 0
1542 0 0.25642913579940796 0 0
1543 0 0.256637305021286 0 0
1544 0 0.2568356692790985 0 0
1545 0 0.25702422857284546 0 0
1546 0 0.25720298290252686 0 0
1547 0 0.2573719024658203 0 0
1548 0 0.2575310468673706 0 0
1549 0 0.25768035650253296 0 0
1550 0 0.25781986117362976 0 0
1551 0 0.257949560880661 0 0
1552 0 0.2580694556236267 0 0
1553 0 0.25817954540252686 0 0
1554 2 0.25827980041503906 0 0
1555 2 0.25842586159706116 0 0
1556 2 0.25857844948768616 0 0
1557 2 0.25873756408691406 0 0
1558 2 0.25890323519706726 0 0
1559 2 0.25907546281814575 0 0
1560 2 0.25925418734550476 0 0
1561 2 0.25943946838378906 0 0
1562 2 0.25963130593299866 0 0
1563 2 0.25982967019081116 0 0
1564 2 0.26003456115722656 0 0
1565 2 0.26024600863456726 0 0
1566 2 0.26046401262283325 0 0
1567 2 0.26068851351737976 0 0
1568 2 0.26091957092285156 0 0
1569 2 0.26115718483924866 0 0
1570 2 0.26140132546424866 0 0
1571 2 0.26165199279785156 0 0
1572 2 0.26190921664237976 0 0
1573 2 0.26217299699783325 0 0
1574 2 0.26244327425956726 0 0
1575 2 0.26272010803222656 0 0
1576 2 0.26300349831581116 0 0
1577 2 0.26329341530799866 0 0
1578 2 0.26358985900878906 0 0
1579 2 0.26389285922050476 0 0
1580 18 0.26420241594314575 0 0
1581 18 0.26451846957206726 0 0
1582 18 0.26484107971191406 0 0
1583 18 0.2652706205844879 0 0
1584 18 0.2656106650829315 0 0
1585 18 0.2659594416618347 0 0
1586 18 0.2663169503211975 0 0
1587 18 0.2666831612586975 0 0
1588 18 0.2670580744743347 0 0
1589 18 0.2674417197704315 0 0
1590 18 0.2678340971469879 0 0
1591 18 0.2682351768016815 0 0
1592 18 0.2686449885368347 0 0
1593 18 0.2690635323524475 0 0
1594 18 0.2694907784461975 0 0
1595 18 0.2699267268180847 0 0
1596 18 0.2703714072704315 0 0
1597 18 0.2708248198032379 0 0
1598 18 0.2712712585926056 0 0
1599 18 0.2717176675796509 0 0
1600 18 0.27216410636901855 0 0
1601 18 0.27261054515838623 0 0
1602 18 0.2730569541454315 0 0
1603 18 0.2735033929347992 0 0
1604 18 0.27394983172416687 0 0
1605 18 0.27439624071121216 0 0
1606 2 0.27484267950057983 0 0
1607 2 0.2752891182899475 0 0
1608 2 0.2757355272769928 0 0
1609 2 0.2761819660663605 0 0
1610 0 0.27662840485572815 0 0
1611 0 0.2770650088787079 0 0
1612 0 0.27749183773994446 0 0
1613 0 0.2779088318347931 0 0
1614 0 0.27831602096557617 0 0
1615 0 0.2787134051322937 0 0
1616 0 0.2791009843349457 0 0
1617 0 0.2794787287712097 0 0
1618 0 0.2798466980457306 0 0
1619 0 0.2802048325538635 0 0
1620 0 0.2805531620979309 0 0
1621 0 0.2808917164802551 0 0
1622 0 0.281220406293869 0 0
1623 0 0.28153932094573975 0 0
1624 0 0.28175023198127747 0 0
1625 0 0.2820495069026947 0 0
1626 0 0.2823390066623688 0 0
1627 0 0.2826186716556549 0 0
1628 0 0.2828885316848755 0 0
1629 0 0.2831485867500305 0 0
1630 0 0.28339883685112 0 0
1631 0 0.28363925218582153 0 0
1632 0 0.2838698923587799 0 0
1633 0 0.28409069776535034 0 0
1634 0 0.2843017280101776 0 0
1635 0 0.28450292348861694 0 0
1636 0 0.2846943140029907 0 0
1637 0 0.28487586975097656 0 0
1638 0 0.28504765033721924 0 0
1639 0 0.28520962595939636 0 0
1640 0 0.28536176681518555 0 0
1641 0 0.2855041027069092 0 0
1642 2 0.28563663363456726 0 0
1643 18 0.28578269481658936 0 0
1644 18 0.28593528270721436 0 0
1645 18 0.28609439730644226 0 0
1646 18 0.28626006841659546 0 0
1647 18 0.28643226623535156 0 0
1648 18 0.28661102056503296 0 0
1649 18 0.28679630160331726 0 0
1650 18 0.28698813915252686 0 0
1651 18 0.28718650341033936 0 0
1652 18 0.28739139437675476 0 0
1653 18 0.28760284185409546 0 0
1654 18 0.28782081604003906 0 0
1655 18 0.28804534673690796 0 0
1656 2 0.28827640414237976 0 0
1657 2 0.28851401805877686 0 0
1658 2 0.28875815868377686 0 0
1659 2 0.28900882601737976 0 0
1660 2 0.28926604986190796 0 0
1661 2 0.28952980041503906 0 0
1662 2 0.28980010747909546 0 0
1663 2 0.29007694125175476 0 0
1664 2 0.29036033153533936 0 0
1665 2 0.29065024852752686 0 0
1666 2 0.29094669222831726 0 0
1667 2 0.29124969244003296 0 0
1668 0 0.29155921936035156 0 0
1669 0 0.291858971118927 0 0
1670 0 0.2921488881111145 0 0
1671 0 0.29242897033691406 0 0
1672 0 0.29269927740097046 0 0
1673 0 0.2929597795009613 0 0
1674 0 0.2932104468345642 0 0
1675 0 0.29345130920410156 0 0
1676 2 0.29368239641189575 0 0
1677 2 0.29391998052597046 0 0
1678 2 0.29416412115097046 0 0
1679 2 0.29441481828689575 0 0
1680 2 0.29467201232910156 0 0
1681 2 0.29493579268455505 0 0
1682 2 0.29520606994628906 0 0
1683 2 0.29548293352127075 0 0
1684 2 0.29576629400253296 0 0
1685 2 0.29605621099472046 0 0
1686 2 0.29635268449783325 0 0
1687 2 0.29665565490722656 0 0
1688 2 0.29696521162986755 0 0
1689 2 0.29728126525878906 0 0
1690 2 0.29760390520095825 0 0
1691 2 0.2980334162712097 0 0
1692 2 0.2983734905719757 0 0
1693 2 0.2987222373485565 0 0
1694 2 0.2990797460079193 0 0
1695 2 0.2994459569454193 0 0
1696 2 0.2998208701610565 0 0
1697 2 0.3002045452594757 0 0
1698 2 0.3005968928337097 0 0
1699 2 0.3009980022907257 0 0
1700 2 0.3014077842235565 0 0
1701 2 0.3018263280391693 0 0
1702 2 0.3022535741329193 0 0
1703 2 0.3026895225048065 0 0
1704 2 0.3031342327594757 0 0
1705 2 0.3035876154899597 0 0
1706 2 0.3040340542793274 0 0
1707 2 0.30448049306869507 0 0
1708 2 0.30492690205574036 0 0
1709 2 0.30537334084510803 0 0
1710 18 0.3058197796344757 0 0
1711 18 0.306266188621521 0 0
1712 18 0.30671262741088867 0 0
1713 18 0.30715906620025635 0 0
1714 18 0.30760547518730164 0 0
1715 18 0.3080519139766693 0 0
1716 18 0.308498352766037 0 0
1717 18 0.3089447617530823 0 0
1718 0 0.30939120054244995 0 0
1719 0 0.3098278045654297 0 0
1720 0 0.31025463342666626 0 0
1721 0 0.3106716275215149 0 0
1722 0 0.311078816652298 0 0
1723 0 0.3114762008190155 0 0
1724 1 0.3118637800216675 0 0
1725 1 0.31223827600479126 0 0
1726 1 0.31259968876838684 0 0
1727 1 0.3129480183124542 0 0
1728 1 0.3132832646369934 0 0
1729 1 0.3136054575443268 0 0
1730 0 0.31391456723213196 0 0
1731 0 0.31411564350128174 0 0
1732 0 0.3144051134586334 0 0
1733 0 0.31468480825424194 0 0
1734 0 0.3149546682834625 0 0
1735 0 0.31521472334861755 0 0
1736 0 0.31546494364738464 0 0
1737 0 0.31570538878440857 0 0
1738 0 0.31593602895736694 0 0
1739 1 0.3161568343639374 0 0
1740 1 0.316364586353302 0 0
1741 1 0.31655922532081604 0 0
1742 1 0.31674081087112427 0 0
1743 1 0.3169093132019043 0 0
1744 1 0.31706473231315613 0 0
1745 1 0.31720706820487976 0 0
1746 1 0.3173363506793976 0 0
1747 1 0.3171902894973755 0 0
1748 1 0.3170377016067505 0 0
1749 1 0.3168785870075226 0 0
1750 1 0.3167129158973694 0 0
1751 1 0.3165406882762909 0 0
1752 1 0.3163619637489319 0 0
1753 1 0.3161766827106476 0 0
1754 1 0.315984845161438 0 0
1755 1 0.3157864809036255 0 0
1756 0 0.3155815899372101 0 0
1757 0 0.31538647413253784 0 0
1758 0 0.31520119309425354 0 0
1759 0 0.3150257170200348 0 0
1760 2 0.3148600459098816 0 0
1761 2 0.3147074580192566 0 0
1762 2 0.3145679533481598 0 0
1763 2 0.3144415318965912 0 0
1764 2 0.3145875632762909 0 0
1765 2 0.3147401511669159 0 0
1766 18 0.3148992955684662 0 0
1767 18 0.3150649666786194 0 0
1768 18 0.3152371644973755 0 0
1769 18 0.3154159188270569 0 0
1770 18 0.3156011998653412 0 0
1771 18 0.3157930076122284 0 0
1772 18 0.3159913718700409 0 0
1773 18 0.3161962926387787 0 0
1774 2 0.3164077401161194 0 0
1775 2 0.316625714302063 0 0
1776 2 0.3168502449989319 0 0
1777 2 0.3170813024044037 0 0
1778 2 0.3173188865184784 0 0
1779 2 0.3175630271434784 0 0
1780 2 0.3178137242794037 0 0
1781 2 0.3180709481239319 0 0
1782 2 0.318334698677063 0 0
1783 2 0.3186050057411194 0 0
1784 2 0.3188818395137787 0 0
1785 2 0.3191651999950409 0 0
1786 2 0.3194551169872284 0 0
1787 2 0.3197515904903412 0 0
1788 0 0.3200545907020569 0 0
1789 0 0.32034775614738464 0 0
1790 0 0.32063114643096924 0 0
1791 0 0.3209047019481659 0 0
1792 0 0.3211684823036194 0 0
1793 0 0.32142242789268494 0 0
1794 0 0.32166656851768494 0 0
1795 0 0.3219009041786194 0 0
1796 0 0.3221254050731659 0 0
1797 0 0.32234013080596924 0 0
1798 0 0.32254502177238464 0 0
1799 0 0.3227401375770569 0 0
1800 0 0.3229254186153412 0 0
1801 0 0.32310089468955994 0 0
1802 0 0.32326656579971313 0 0
1803 0 0.3234224021434784 0 0
1804 0 0.3235684633255005 0 0
1805 0 0.32370468974113464 0 0
1806 0 0.32383114099502563 0 0
1807 0 0.3239477574825287 0 0
1808 0 0.3239477574825287 0 0
1809 0 0.3239477574825287 0 0
1810 0 0.3239477574825287 0 0
1811 2 0.3239477574825287 0 0
1812 2 0.3240937888622284 0 0
1813 2 0.3242463767528534 0 0
1814 2 0.3244055211544037 0 0
1815 2 0.3245711922645569 0 0
1816 2 0.324743390083313 0 0
1817 2 0.3249221444129944 0 0
1818 2 0.3251074254512787 0 0
1819 2 0.3252992331981659 0 0
1820 18 0.3254975974559784 0 0
1821 18 0.3257025182247162 0 0
1822 18 0.3259139657020569 0 0
1823 18 0.3261319398880005 0 0
1824 18 0.3263564705848694 0 0
1825 18 0.3265875279903412 0 0
1826 18 0.3268251121044159 0 0
1827 18 0.3270692527294159 0 0
1828 18 0.3273199498653412 0 0
1829 18 0.3275771737098694 0 0
1830 18 0.3278409242630005 0 0
1831 18 0.3281112313270569 0 0
1832 18 0.3283880650997162 0 0
1833 18 0.3286714255809784 0 0
1834 18 0.3289613425731659 0 0
1835 18 0.3292578160762787 0 0
1836 2 0.3295608162879944 0 0
1837 2 0.329870343208313 0 0
1838 2 0.3301864266395569 0 0
1839 2 0.3305090367794037 0 0
1840 0 0.33093857765197754 0 0
1841 0 0.331260085105896 0 0
1842 2 0.3315718173980713 0 0
1843 0 0.33179184794425964 0 0
1844 0 0.3321003019809723 0 0
1845 0 0.3323989510536194 0 0
1846 0 0.33268776535987854 0 0
1847 0 0.33296677470207214 0 0
1848 0 0.3332360088825226 0 0
1849 0 0.3334954082965851 0 0
1850 2 0.33374497294425964 0 0
1851 2 0.3340011239051819 0 0
1852 2 0.33426377177238464 0 0
1853 2 0.3345330059528351 0 0
1854 0 0.33480873703956604 0 0
1855 0 0.33507469296455383 0 0
1856 0 0.3353308141231537 0 0
1857 0 0.335577130317688 0 0
1858 0 0.33581364154815674 0 0
1859 0 0.33604034781455994 0 0
1860 0 0.3362572491168976 0 0
1861 0 0.3364643156528473 0 0
1862 0 0.33666160702705383 0 0
1863 0 0.33684906363487244 0 0
1864 0 0.3370267152786255 0 0
1865 0 0.337194561958313 0 0
1866 0 0.33735260367393494 0 0
1867 0 0.33750084042549133 0 0
1868 0 0.3376392424106598 0 0
1869 0 0.3377678692340851 0 0
1870 0 0.33788666129112244 0 0
1871 0 0.33799564838409424 0 0
1872 0 0.33799564838409424 0 0
1873 0 0.33799564838409424 0 0
1874 0 0.33799564838409424 0 0
1875 0 0.33799564838409424 0 0
1876 0 0.33799564838409424 0 0
1877 0 0.33799564838409424 0 0
1878 0 0.33799564838409424 0 0
1879 0 0.33799564838409424 0 0
1880 0 0.33799564838409424 0 0
1881 0 0.33799564838409424 0 0
1882 0 0.33799564838409424 0 0
1883 0 0.33799564838409424 0 0
1884 0 0.33799564838409424 0 0
1885 0 0.33799564838409424 0 0
1886 0 0.33799564838409424 0 0
1887 0 0.33799564838409424 0 0
1888 0 0.33799564838409424 0 0
1889 0 0.33799564838409424 0 0
1890 0 0.33799564838409424 0 0
1891 0 0.33799564838409424 0 0
1892 2 0.33799564838409424 0 0
1893 2 0.33814170956611633 0 0
1894 2 0.33829429745674133 0 0
1895 2 0.33845341205596924 0 0
1896 2 0.33861908316612244 0 0
1897 2 0.33879128098487854 0 0
1898 2 0.33897003531455994 0 0
1899 2 0.33915531635284424 0 0
1900 2 0.33934715390205383 0 0
1901 2 0.33954551815986633 0 0
1902 2 0.33975040912628174 0 0
1903 2 0.33996185660362244 0 0
1904 2 0.34017983078956604 0 0
1905 2 0.34040436148643494 0 0
1906 2 0.34063541889190674 0 0
1907 2 0.34087303280830383 0 0
1908 2 0.34111717343330383 0 0
1909 2 0.34136784076690674 0 0
1910 2 0.34162506461143494 0 0
1911 2 0.34188881516456604 0 0
1912 2 0.34215912222862244 0 0
1913 2 0.34243595600128174 0 0
1914 2 0.34271934628486633 0 0
1915 2 0.34300926327705383 0 0
1916 2 0.34330570697784424 0 0
1917 2 0.34360870718955994 0 0
1918 2 0.34391823410987854 0 0
1919 2 0.34423431754112244 0 0
1920 2 0.34455692768096924 0 0
1921 2 0.3449864685535431 0 0
1922 2 0.3453265130519867 0 0
1923 2 0.3456752896308899 0 0
1924 2 0.3460327684879303 0 0
1925 2 0.3463989794254303 0 0
1926 2 0.3467739224433899 0 0
1927 2 0.3471575677394867 0 0
1928 2 0.3475499451160431 0 0
1929 2 0.3479510247707367 0 0
1930 2 0.3483608365058899 0 0
1931 0 0.3487793505191803 0 0
1932 0 0.34918808937072754 0 0
1933 0 0.34958699345588684 0 0
1934 0 0.3499760925769806 0 0
1935 0 0.3503553867340088 0 0
1936 0 0.35072484612464905 0 0
1937 0 0.35108453035354614 0 0
1938 0 0.3514343798160553 0 0
1939 0 0.3517744541168213 0 0
1940 0 0.35210469365119934 0 0
1941 0 0.35242512822151184 0 0
1942 0 0.35263755917549133 0 0
1943 0 0.35293835401535034 0 0
1944 0 0.3532293736934662 0 0
1945 0 0.3535105586051941 0 0
1946 0 0.35378196835517883 0 0
1947 0 0.35404354333877563 0 0
1948 0 0.3542953133583069 0 0
1949 0 0.3545372784137726 0 0
1950 0 0.35476940870285034 0 0
1951 0 0.35499176383018494 0 0
1952 1 0.3552042841911316 0 0
1953 1 0.35540375113487244 0 0
1954 1 0.3555901348590851 0 0
1955 1 0.35576340556144714 0 0
1956 1 0.3559236228466034 0 0
1957 1 0.35607078671455383 0 0
1958 1 0.3562048375606537 0 0
1959 1 0.3560587763786316 0 0
1960 1 0.3559061884880066 0 0
1961 1 0.3557470738887787 0 0
1962 1 0.3555814027786255 0 0
1963 1 0.3554092049598694 0 0
1964 0 0.355230450630188 0 0
1965 0 0.35506150126457214 0 0
1966 0 0.35490238666534424 0 0
1967 0 0.3547530770301819 0 0
1968 0 0.3546135723590851 0 0
1969 0 0.35448387265205383 0 0
1970 0 0.35448387265205383 0 0
1971 0 0.35448387265205383 0 0
1972 0 0.35448387265205383 0 0
1973 0 0.35448387265205383 0 0
1974 0 0.35448387265205383 0 0
1975 0 0.35448387265205383 0 0
1976 0 0.35448387265205383 0 0
1977 0 0.35448387265205383 0 0
1978 0 0.35448387265205383 0 0
1979 0 0.35448387265205383 0 0
1980 0 0.35448387265205383 0 0
1981 2 0.35448387265205383 0 0
1982 2 0.35462990403175354 0 0
1983 2 0.35478249192237854 0 0
1984 2 0.35494163632392883 0 0
1985 2 0.35510727763175964 0 0
1986 2 0.35527950525283813 0 0
1987 2 0.35545822978019714 0 0
1988 2 0.35564354062080383 0 0
1989 2 0.35583534836769104 0 0
1990 2 0.35603371262550354 0 0
1991 2 0.35623863339424133 0 0
1992 2 0.35645005106925964 0 0
1993 2 0.35666805505752563 0 0
1994 2 0.35689255595207214 0 0
1995 2 0.35712364315986633 0 0
1996 2 0.35736122727394104 0 0
1997 2 0.35760536789894104 0 0
1998 0 0.35785606503486633 0 0
1999 0 0.3580969274044037 0 0
2000 0 0.3583279848098755 0 0
2001 0 0.35854923725128174 0 0
2002 0 0.35876068472862244 0 0
2003 0 0.3589623272418976 0 0
2004 2 0.3591541349887848 0 0
2005 2 0.3593524992465973 0 0
2006 2 0.3595574200153351 0 0
2007 2 0.3597688376903534 0 0
2008 2 0.3599868416786194 0 0
2009 2 0.3602113425731659 0 0
2010 2 0.3604424297809601 0 0
2011 2 0.3606800138950348 0 0
2012 2 0.3609241545200348 0 0
2013 2 0.3611748516559601 0 0
2014 2 0.3614320456981659 0 0
2015 2 0.3616958260536194 0 0
2016 2 0.3619661033153534 0 0
2017 2 0.3622429668903351 0 0
2018 2 0.3625263273715973 0 0
2019 2 0.3628162443637848 0 0
2020 18 0.3631127178668976 0 0
2021 18 0.3634156882762909 0 0
2022 18 0.3637252449989319 0 0
2023 18 0.3640412986278534 0 0
2024 18 0.3643639385700226 0 0
2025 18 0.36479344964027405 0 0
2026 18 0.36513349413871765 0 0
2027 18 0.36548227071762085 0 0
2028 18 0.36583974957466125 0 0
2029 2 0.36620596051216125 0 0
2030 2 0.36658090353012085 0 0
2031 2 0.36696454882621765 0 0
2032 2 0.36735692620277405 0 0
2033 0 0.36775800585746765 0 0
2034 0 0.3681492805480957 0 0
2035 0 0.3685307502746582 0 0
2036 0 0.36890241503715515 0 0
2037 0 0.36926427483558655 0 0
2038 0 0.36961629986763 0 0
2039 0 0.3699585497379303 0 0
2040 0 0.37029096484184265 0 0
2041 0 0.37061357498168945 0 0
2042 0 0.3709263801574707 0 0
2043 0 0.37113115191459656 0 0
2044 0 0.3714243471622467 0 0
2045 0 0.3717077076435089 0 0
2046 0 0.37198129296302795 0 0
2047 0 0.37224504351615906 0 0
2048 0 0.3724989891052246 0 0
2049 0 0.3727431297302246 0 0
2050 0 0.37297746539115906 0 0
2051 0 0.37320199608802795 0 0
2052 0 0.3734166920185089 0 0
2053 0 0.3736216127872467 0 0
2054 0 0.37381669878959656 0 0
2055 0 0.37400197982788086 0 0
2056 0 0.3741774559020996 0 0
2057 0 0.3743431270122528 0 0
2058 0 0.37449899315834045 0 0
2059 0 0.37464502453804016 0 0
2060 2 0.3747812807559967 0 0
2061 2 0.3749273121356964 0 0
2062 2 0.3750799000263214 0 0
2063 2 0.3752390444278717 0 0
2064 2 0.3754047155380249 0 0
2065 2 0.375576913356781 0 0
2066 2 0.3757556676864624 0 0
2067 2 0.3759409487247467 0 0
2068 2 0.3761327564716339 0 0
2069 2 0.3763311207294464 0 0
2070 0 0.3765360414981842 0 0
2071 0 0.37673112750053406 0 0
2072 0 0.37691640853881836 0 0
2073 0 0.3770918846130371 0 0
2074 0 0.3772575557231903 0 0
2075 0 0.37741342186927795 0 0
2076 0 0.37755945324897766 0 0
2077 0 0.3776957094669342 0 0
2078 0 0.3776957094669342 0 0
2079 0 0.3776957094669342 0 0
2080 0 0.3776957094669342 0 0
2081 0 0.3776957094669342 0 0
2082 0 0.3776957094669342 0 0
2083 0 0.3776957094669342 0 0
2084 0 0.3776957094669342 0 0
2085 0 0.3776957094669342 0 0
2086 0 0.3776957094669342 0 0
2087 0 0.3776957094669342 0 0
2088 0 0.3776957094669342 0 0
2089 0 0.3776957094669342 0 0
2090 0 0.3776957094669342 0 0
2091 0 0.3776957094669342 0 0
2092 0 0.3776957094669342 0 0
2093 0 0.3776957094669342 0 0
2094 0 0.3776957094669342 0 0
2095 0 0.3776957094669342 0 0
2096 0 0.3776957094669342 0 0
2097 0 0.3776957094669342 0 0
2098 0 0.3776957094669342 0 0
2099 0 0.3776957094669342 0 0
2100 0 0.3776957094669342 0 0
2101 0 0.3776957094669342 0 0
2102 0 0.3776957094669342 0 0
2103 0 0.3776957094669342 0 0
2104 0 0.3776957094669342 0 0
2105 0 0.3776957094669342 0 0
2106 0 0.3776957094669342 0 0
2107 0 0.3776957094669342 0 0
2108 0 0.3776957094669342 0 0
2109 0 0.3776957094669342 0 0
2110 0 0.3776957094669342 0 0
2111 0 0.3776957094669342 0 0
2112 0 0.3776957094669342 0 0
2113 0 0.3776957094669342 0 0
2114 0 0.3776957094669342 0 0
2115 0 0.3776957094669342 0 0
2116 0 0.3776957094669342 0 0
2117 0 0.3776957094669342 0 0
2118 0 0.3776957094669342 0 0
2119 0 0.3776957094669342 0 0
2120 0 0.3776957094669342 0 0
2121 0 0.3776957094669342 0 0
2122 0 0.3776957094669342 0 0
2123 0 0.3776957094669342 0 0
2124 0 0.3776957094669342 0 0
2125 0 0.3776957094669342 0 0
2126 0 0.3776957094669342 0 0
2127 0 0.3776957094669342 0 0
2128 0 0.3776957094669342 0 0
2129 0 0.3776957094669342 0 0
2130 0 0.3776957094669342 0 0
2131 0 0.3776957094669342 0 0
2132 0 0.3776957094669342 0 0
2133 0 0.3776957094669342 0 0
2134 0 0.3776957094669342 0 0
2135 0 0.3776957094669342 0 0
2136 0 0.3776957094669342 0 0
2137 0 0.3776957094669342 0 0
2138 0 0.3776957094669342 0 0
2139 0 0.3776957094669342 0 0
2140 0 0.3776957094669342 0 0
2141 0 0.3776957094669342 0 0
2142 0 0.3776957094669342 0 0
2143 0 0.3776957094669342 0 0
2144 0 0.3776957094669342 0 0
2145 0 0.3776957094669342 0 0
2146 0 0.3776957094669342 0 0
2147 0 0.3776957094669342 0 0
2148 0 0.3776957094669342 0 0
2149 0 0.3776957094669342 0 0
2150 0 0.3776957094669342 0 0
2151 0 0.3776957094669342 0 0
2152 0 0.3776957094669342 0 0
2153 0 0.3776957094669342 0 0
2154 0 0.3776957094669342 0 0
2155 0 0.3776957094669342 0 0
2156 0 0.3776957094669342 0 0
2157 0 0.3776957094669342 0 0
2158 0 0.3776957094669342 0 0
2159 0 0.3776957094669342 0 0
2160 0 0.3776957094669342 0 0
2161 0 0.3776957094669342 0 0
2162 0 0.3776957094669342 0 0
2163 0 0.3776957094669342 0 0
2164 0 0.3776957094669342 0 0
2165 0 0.3776957094669342 0 0
2166 1 0.3776957094669342 0 0
2167 1 0.3775496482849121 0 0
2168 1 0.3773970603942871 0 0
2169 1 0.3772379457950592 0 0
2170 0 0.377072274684906 0 0
2171 0 0.37691640853881836 0 0
2172 0 0.37677037715911865 0 0
2173 0 0.3766341209411621 0 0
2174 1 0.3766341209411621 0 0
2175 1 0.3764880895614624 0 0
2176 0 0.3763355016708374 0 0
2177 0 0.37619271874427795 0 0
2178 0 0.37605974078178406 0 0
2179 0 0.37605974078178406 0 0
2180 0 0.37605974078178406 0 0
2181 0 0.37605974078178406 0 0
2182 0 0.37605974078178406 0 0
2183 0 0.37605974078178406 0 0
2184 2 0.37605974078178406 0 0
2185 2 0.37620580196380615 0 0
2186 2 0.37635838985443115 0 0
2187 2 0.37651750445365906 0 0
2188 2 0.37668317556381226 0 0
2189 2 0.37685537338256836 0 0
2190 2 0.37703412771224976 0 0
2191 2 0.37721940875053406 0 0
2192 18 0.37741124629974365 0 0
2193 18 0.37760961055755615 0 0
2194 18 0.37781450152397156 0 0
2195 18 0.37802594900131226 0 0
2196 18 0.37824392318725586 0 0
2197 18 0.37846845388412476 0 0
2198 18 0.37869951128959656 0 0
2199 18 0.37893712520599365 0 0
2200 18 0.37918126583099365 0 0
2201 18 0.37943193316459656 0 0
2202 18 0.37968915700912476 0 0
2203 18 0.37995290756225586 0 0
2204 2 0.38022321462631226 0 0
2205 2 0.38050004839897156 0 0
2206 2 0.38078343868255615 0 0
2207 2 0.38107335567474365 0 0
2208 2 0.38136979937553406 0 0
2209 2 0.38167279958724976 0 0
2210 2 0.38198232650756836 0 0
2211 2 0.38229840993881226 0 0
2212 2 0.38262102007865906 0 0
2213 2 0.3830505907535553 0 0
2214 2 0.3833906352519989 0 0
2215 2 0.3837394118309021 0 0
2216 2 0.3840968906879425 0 0
2217 2 0.3844631016254425 0 0
2218 2 0.3848380446434021 0 0
2219 2 0.3852216899394989 0 0
2220 2 0.3856140673160553 0 0
2221 2 0.3860151469707489 0 0
2222 2 0.3864249587059021 0 0
2223 2 0.3868434727191925 0 0
2224 2 0.3872707188129425 0 0
2225 2 0.3877066969871521 0 0
2226 2 0.3881513774394989 0 0
2227 2 0.3886047899723053 0 0
2228 2 0.3890511989593506 0 0
2229 2 0.38949763774871826 0 0
2230 2 0.38994407653808594 0 0
2231 2 0.3903904855251312 0 0
2232 2 0.3908369243144989 0 0
2233 2 0.3912833631038666 0 0
2234 2 0.39172977209091187 0 0
2235 2 0.39217621088027954 0 0
2236 2 0.3926226496696472 0 0
2237 2 0.39276769757270813 0 0
2238 2 0.392815500497818 0 0
2239 2 0.3928658962249756 0 0
2240 2 0.3928658962249756 0 0
2241 2 0.3928658962249756 0 0
2242 0 0.3928658962249756 0 0
2243 0 0.3928658962249756 0 0
2244 0 0.3928658962249756 0 0
2245 0 0.3928658962249756 0 0
2246 0 0.3928658962249756 0 0
2247 0 0.3928658962249756 0 0
2248 0 0.3928658962249756 0 0
2249 0 0.3928658962249756 0 0
2250 2 0.3928658962249756 0 0
2251 2 0.3928658962249756 0 0
2252 18 0.3928658962249756 0 0
2253 18 0.3928658962249756 0 0
2254 18 0.3928658962249756 0 0
2255 18 0.3928658962249756 0 0
2256 18 0.3928658962249756 0 0
2257 18 0.3930381238460541 0 0
2258 18 0.3932168483734131 0 0
2259 2 0.3934021294116974 0 0
2260 2 0.393593966960907 0 0
2261 2 0.3937923312187195 0 0
2262 2 0.3939972221851349 0 0
2263 0 0.3942086696624756 0 0
2264 0 0.39441031217575073 0 0
2265 0 0.3946021497249603 0 0
2266 0 0.394784152507782 0 0
2267 0 0.3949563503265381 0 0
2268 0 0.39511874318122864 0 0
2269 0 0.39527133107185364 0 0
2270 0 0.3954141139984131 0 0
2271 0 0.395547091960907 0 0
2272 0 0.3956702649593353 0 0
2273 0 0.39578360319137573 0 0
2274 2 0.3958871364593506 0 0
2275 2 0.3960331976413727 0 0
2276 2 0.3961857855319977 0 0
2277 2 0.3963449001312256 0 0
2278 2 0.3965105712413788 0 0
2279 2 0.3966827690601349 0 0
2280 2 0.3968615233898163 0 0
2281 2 0.3970468044281006 0 0
2282 2 0.3972386419773102 0 0
2283 2 0.3974370062351227 0 0
2284 2 0.3976418972015381 0 0
2285 2 0.3978533446788788 0 0
2286 2 0.3980713188648224 0 0
2287 2 0.3982958495616913 0 0
2288 0 0.3985269069671631 0 0
2289 0 0.39874815940856934 0 0
2290 0 0.39895960688591003 0 0
2291 0 0.3991612493991852 0 0
2292 0 0.3993530571460724 0 0
2293 0 0.39953508973121643 0 0
2294 0 0.39970728754997253 0 0
2295 0 0.3998696804046631 0 0
2296 0 0.4000222682952881 0 0
2297 0 0.40016505122184753 0 0
2298 0 0.40029802918434143 0 0
2299 0 0.40029802918434143 0 0
2300 0 0.40029802918434143 0 0
2301 0 0.40029802918434143 0 0
2302 0 0.40029802918434143 0 0
2303 0 0.40029802918434143 0 0
2304 0 0.40029802918434143 0 0
2305 0 0.40029802918434143 0 0
2306 0 0.40029802918434143 0 0
2307 0 0.40029802918434143 0 0
2308 2 0.40029802918434143 0 0
2309 2 0.40044406056404114 0 0
2310 2 0.40059664845466614 0 0
2311 2 0.40075579285621643 0 0
2312 2 0.40092146396636963 0 0
2313 2 0.40109366178512573 0 0
2314 2 0.40127241611480713 0 0
2315 2 0.40145769715309143 0 0
2316 2 0.40164950489997864 0 0
2317 2 0.40184786915779114 0 0
2318 2 0.40205278992652893 0 0
2319 2 0.40226423740386963 0 0
2320 2 0.40248221158981323 0 0
2321 2 0.40270674228668213 0 0
2322 2 0.40293779969215393 0 0
2323 2 0.40317538380622864 0 0
2324 2 0.40341952443122864 0 0
2325 2 0.40367022156715393 0 0
2326 2 0.40392744541168213 0 0
2327 2 0.40419119596481323 0 0
2328 2 0.40446150302886963 0 0
2329 2 0.40473833680152893 0 0
2330 2 0.40502169728279114 0 0
2331 2 0.40531161427497864 0 0
2332 2 0.40560808777809143 0 0
2333 2 0.40591108798980713 0 0
2334 2 0.40622061491012573 0 0
2335 2 0.40653669834136963 0 0
2336 18 0.40685930848121643 0 0
2337 18 0.4072888493537903 0 0
2338 18 0.4076289236545563 0 0
2339 18 0.4079777002334595 0 0
2340 18 0.4083351790904999 0 0
2341 18 0.4087013900279999 0 0
2342 18 0.4090763330459595 0 1
2342 18 0.4090763330459595 0 1
