data/levels/bonus2/level15.stl
1 0 0.009991071186959743 0 0
2 0 0.009991071186959743 0 0
3 0 0.009991071186959743 0 0
4 0 0.009991071186959743 0 0
5 0 0.009991071186959743 0 0
6 0 0.009991071186959743 0 0
7 0 0.009991071186959743 0 0
8 0 0.009991071186959743 0 0
9 0 0.009991071186959743 0 0
10 0 0.009991071186959743 0 0
11 0 0.009991071186959743 0 0
12 0 0.009991071186959743 0 0
13 0 0.009991071186959743 0 0
14 0 0.009991071186959743 0 0
15 0 0.009991071186959743 0 0
16 0 0.009991071186959743 0 0
17 0 0.009991071186959743 0 0
18 0 0.009991071186959743 0 0
19 0 0.009991071186959743 0 0
20 0 0.009991071186959743 0 0
21 0 0.009991071186959743 0 0
22 0 0.009991071186959743 0 0
23 0 0.009991071186959743 0 0
24 0 0.009991071186959743 0 0
25 0 0.009991071186959743 0 0
26 0 0.009991071186959743 0 0
27 0 0.009991071186959743 0 0
28 0 0.009991071186959743 0 0
29 0 0.009991071186959743 0 0
30 0 0.009991071186959743 0 0
31 0 0.009991071186959743 0 0
32 0 0.009991071186959743 0 0
33 0 0.009991071186959743 0 0
34 2 0.009991071186959743 0 0
35 2 0.010137120261788368 0 0
36 2 0.010289708152413368 0 0
37 2 0.010448834858834743 0 0
38 2 0.010614502243697643 0 0
39 2 0.010786708444356918 0 0
40 2 0.010965454392135143 0 0
41 2 0.011150739155709743 0 0
42 2 0.011342564597725868 0 0
43 2 0.011540927924215794 0 0
44 2 0.011745831929147243 0 0
45 2 0.011957274749875069 0 0
46 2 0.012175257317721844 0 0
47 2 0.012399779632687569 0 0
48 2 0.012630841694772243 0 0
49 2 0.012868442572653294 0 0
50 2 0.013112583197653294 0 0
51 2 0.013363263569772243 0 0
52 2 0.013620482757687569 0 0
53 2 0.013884241692721844 0 0
54 2 0.014154540374875069 0 0
55 2 0.014431378804147243 0 0
56 2 0.014714756049215794 0 0
57 2 0.015004673041403294 0 0
58 2 0.015301129780709743 0 0
59 2 0.015604125335812569 0 0
60 2 0.01591366156935692 0 0
61 2 0.01622973568737507 0 0
62 2 0.01655234955251217 0 0
63 2 0.01698189787566662 0 0
64 2 0.017321951687335968 0 0
65 18 0.017670724540948868 0 0
66 18 0.018028216436505318 0 0
67 18 0.018394427374005318 0 0
68 18 0.018769357353448868 0 0
69 18 0.019153006374835968 0 0
70 18 0.01954537443816662 0 0
71 18 0.019946463406085968 0 0
72 18 0.020356271415948868 0 0
73 18 0.020774798467755318 0 0
74 18 0.021202044561505318 0 0
75 2 0.021638009697198868 0 0
76 2 0.022082693874835968 0 0
77 2 0.02253609709441662 0 0
78 2 0.022982526570558548 0 0
79 2 0.02342895418405533 0 0
80 2 0.023875383660197258 0 0
81 2 0.024321813136339188 0 0
82 2 0.024768240749835968 0 0
83 2 0.025214670225977898 0 0
84 2 0.025661097839474678 0 0
85 2 0.026107527315616608 0 0
86 2 0.026553954929113388 0 0
87 2 0.027000384405255318 0 0
88 2 0.027446812018752098 0 0
89 2 0.027893241494894028 0 0
90 2 0.028339669108390808 0 0
91 2 0.028786098584532738 0 0
92 2 0.029232526198029518 0 0
93 2 0.029678955674171448 0 0
94 2 0.030125383287668228 0 0
95 0 0.030571812763810158 0 0
96 0 0.031008431687951088 0 0
97 0 0.03143524006009102 0 0
98 1 0.03185224160552025 0 0
99 1 0.03225616365671158 0 0
100 1 0.03264700621366501 0 0
101 1 0.03302477300167084 0 0
102 1 0.03338945657014847 0 0
103 1 0.0337410643696785 0 0
104 1 0.03407958894968033 0 0
105 1 0.03440503776073456 0 0
106 1 0.03471740707755089 0 0
107 1 0.03491848334670067 0 0
108 1 0.0352046936750412 0 0
109 1 0.03547455742955208 0 0
110 1 0.03573134168982506 0 0
111 1 0.035633064806461334 0 1
111 1 0.035633064806461334 0 1
