data/levels/bonus2/level15.stl
1 1 0.009991071186959743 0 0
2 1 0.00999125000089407 0 0
3 1 0.00999125000089407 0 0
4 1 0.00999125000089407 0 0
5 1 0.00999125000089407 0 0
6 1 0.00999125000089407 0 0
7 1 0.00999125000089407 0 0
8 1 0.00999125000089407 0 0
9 0 0.00999125000089407 0 0
10 0 0.00999125000089407 0 0
11 0 0.00999125000089407 0 0
12 0 0.00999125000089407 0 0
13 0 0.00999125000089407 0 0
14 0 0.00999125000089407 0 0
15 0 0.00999125000089407 0 0
16 0 0.00999125000089407 0 0
17 0 0.00999125000089407 0 0
18 0 0.00999125000089407 0 0
19 0 0.00999125000089407 0 0
20 0 0.00999125000089407 0 0
21 0 0.00999125000089407 0 0
22 0 0.00999125000089407 0 0
23 0 0.00999125000089407 0 0
24 0 0.00999125000089407 0 0
25 2 0.00999125000089407 0 0
26 2 0.01013729814440012 0 0
27 2 0.01028988603502512 0 0
28 2 0.01044901367276907 0 0
29 2 0.010614680126309395 0 0
30 2 0.010786887258291245 0 0
31 2 0.010965632274746895 0 0
32 2 0.01115091796964407 0 0
33 2 0.01134274248033762 0 0
34 2 0.011541107669472694 0 0
35 2 0.011746011674404144 0 0
36 2 0.01195745449513197 0 0
37 2 0.012175437062978745 0 0
38 2 0.01239995937794447 0 0
39 2 0.012631021440029144 0 0
40 2 0.012868622317910194 0 0
41 2 0.013112762942910194 0 0
42 2 0.013363443315029144 0 0
43 2 0.01362066250294447 0 0
44 2 0.013884421437978745 0 0
45 2 0.01415472012013197 0 0
46 2 0.014431558549404144 0 0
47 2 0.014714935794472694 0 0
48 2 0.015004852786660194 0 0
49 2 0.015301309525966644 0 0
50 2 0.01560430508106947 0 0
51 2 0.015913840383291245 0 0
52 2 0.016229916363954544 0 0
53 18 0.016552530229091644 0 0
54 18 0.016982076689600945 0 0
55 18 0.017322130501270294 0 0
56 18 0.017670903354883194 0 0
57 16 0.018028393387794495 0 0
58 16 0.018376076593995094 0 0
59 16 0.018713949248194695 0 0
60 16 0.019042013213038445 0 0
61 16 0.019360268488526344 0 0
62 16 0.019570499658584595 0 0
63 18 0.019869137555360794 0 0
64 18 0.020174313336610794 0 0
65 18 0.020486027002334595 0 0
66 18 0.020804282277822495 0 0
67 18 0.021129077300429344 0 0
68 18 0.021560804918408394 0 0
69 18 0.021903038024902344 0 0
70 18 0.022253990173339844 0 0
71 0 0.022613661363720894 0 0
72 0 0.022963523864746094 0 0
73 1 0.023303577676415443 0 0
74 1 0.023630550131201744 0 0
75 1 0.023944446817040443 0 0
76 1 0.024147046729922295 0 0
77 0 0.024434784427285194 0 0
78 0 0.024712711572647095 0 0
79 0 0.024980831891298294 0 0
80 0 0.025239139795303345 0 0
81 0 0.025487640872597694 0 0
82 0 0.025726331397891045 0 0
83 0 0.025955213233828545 0 0
84 0 0.026174286380410194 0 0
85 0 0.026383548974990845 0 0
86 0 0.026583004742860794 0 0
87 0 0.026772648096084595 0 0
88 0 0.026952484622597694 0 0
89 0 0.027122510597109795 0 0
90 0 0.027282727882266045 0 0
91 0 0.027433136478066444 0 0
92 0 0.027573734521865845 0 0
93 0 0.027704525738954544 0 0
94 0 0.027825504541397095 0 0
95 0 0.027936676517128944 0 0
96 0 0.028038037940859795 0 0
97 0 0.028129590675234795 0 0
98 0 0.028211334720253944 0 0
99 0 0.028283268213272095 0 0
100 0 0.028345394879579544 0 0
101 0 0.028397709131240845 0 0
102 0 0.028440216556191444 0 0
103 0 0.028472913429141045 0 0
104 0 0.028495801612734795 0 0
105 0 0.028508881106972694 0 0
106 0 0.028512150049209595 0 0
107 0 0.028505612164735794 0 0
108 0 0.028508881106972694 0 0
109 0 0.028502341359853745 0 0
110 0 0.028505612164735794 0 0
111 0 0.028499072417616844 0 0
112 2 0.028502341359853745 0 0
113 2 0.028648389503359795 0 0
114 2 0.028800977393984795 0 0
115 2 0.028960105031728745 0 0
116 2 0.029125772416591644 0 0
117 2 0.029297977685928345 0 0
118 2 0.029476724565029144 0 0
119 18 0.029662009328603745 0 0
120 18 0.029853833839297295 0 0
121 18 0.030052198097109795 0 0
122 18 0.030257102102041245 0 0
123 18 0.030468545854091644 0 0
124 18 0.030686527490615845 0 0
125 0 0.030911050736904144 0 0
126 0 0.031125763431191444 0 0
127 0 0.031330667436122894 0 0
128 0 0.031525760889053345 0 0
129 0 0.031711045652627945 0 0
130 0 0.031886521726846695 0 0
131 1 0.032052189111709595 0 0
132 1 0.032204777002334595 0 0
133 1 0.032344285398721695 0 0
134 1 0.032470718026161194 0 0
135 0 0.032324668020009995 0 0
136 0 0.032188430428504944 0 0
137 0 0.032061997801065445 0 0
138 0 0.031945377588272095 0 0
139 0 0.031838566064834595 0 0
140 0 0.031741563230752945 0 0
141 2 0.031654372811317444 0 0
142 2 0.031800419092178345 0 0
143 2 0.031953006982803345 0 0
144 2 0.032112136483192444 0 0
145 2 0.032277803868055344 0 0
146 2 0.032450009137392044 0 0
147 2 0.032628756016492844 0 0
148 2 0.032814040780067444 0 0
149 2 0.033005863428115845 0 0
150 2 0.033204227685928345 0 0
151 0 0.033409133553504944 0 0
152 0 0.033604227006435394 0 0
153 0 0.033789511770009995 0 0
154 0 0.033964987844228745 0 0
155 0 0.034130655229091644 0 0
156 0 0.034286513924598694 0 0
157 0 0.034432560205459595 0 0
158 0 0.034568801522254944 0 0
159 0 0.034695230424404144 0 0
160 0 0.034811850637197495 0 0
161 0 0.034918662160634995 0 0
162 0 0.035015664994716644 0 0
163 0 0.035102859139442444 0 0
164 0 0.035180240869522095 0 0
165 0 0.035247817635536194 0 0
166 0 0.035305581986904144 0 0
167 2 0.035353537648916245 0 0
168 2 0.035499587655067444 0 0
169 2 0.035652175545692444 0 0
170 2 0.035811301320791245 0 0
171 2 0.035976968705654144 0 0
172 2 0.036149173974990845 0 0
173 2 0.036327920854091644 0 0
174 2 0.036513205617666245 0 0
175 2 0.036705031991004944 0 0
176 2 0.036903396248817444 0 0
177 0 0.037108298391103745 0 0
178 0 0.037303391844034195 0 0
179 0 0.037488680332899094 0 0
180 0 0.037664156407117844 0 0
181 0 0.037829820066690445 0 0
182 0 0.037985678762197495 0 0
183 0 0.038131728768348694 0 0
184 0 0.038267966359853745 0 0
185 0 0.038394395262002945 0 0
186 0 0.038511019200086594 0 0
187 0 0.038617830723524094 0 0
188 0 0.038714829832315445 0 0
189 0 0.038802023977041245 0 0
190 2 0.038879409432411194 0 0
191 2 0.039025455713272095 0 0
192 2 0.039178043603897095 0 0
193 2 0.039337173104286194 0 0
194 2 0.039502840489149094 0 0
195 2 0.039675045758485794 0 0
196 2 0.039853792637586594 0 0
197 2 0.040039077401161194 0 0
198 2 0.040230900049209595 0 0
199 2 0.040429264307022095 0 0
200 2 0.040634170174598694 0 0
201 2 0.040845613926649094 0 0
202 2 0.041063595563173294 0 0
203 2 0.041288118809461594 0 0
204 2 0.041519179940223694 0 0
205 2 0.041756778955459595 0 0
206 2 0.042000919580459595 0 0
207 2 0.042251601815223694 0 0
208 2 0.042508821934461594 0 0
209 2 0.042772579938173294 0 0
210 2 0.043042879551649094 0 0
211 2 0.043319717049598694 0 0
212 2 0.043603092432022095 0 0
213 2 0.043893009424209595 0 0
214 2 0.044189468026161194 0 0
215 2 0.044492464512586594 0 0
216 2 0.044801998883485794 0 0
217 2 0.045118074864149094 0 0
218 2 0.045440688729286194 0 0
219 2 0.04587023705244064 0 0
220 2 0.046210289001464844 0 0
221 2 0.046559061855077744 0 0
222 2 0.046916551887989044 0 0
223 2 0.047053392976522446 0 0
224 2 0.0471012219786644 0 0
225 18 0.047151610255241394 0 0
226 18 0.047151610255241394 0 0
227 18 0.047151610255241394 0 0
228 18 0.047151610255241394 0 0
229 18 0.047151610255241394 0 0
230 18 0.047151610255241394 0 0
231 18 0.047343432903289795 0 0
232 18 0.047541797161102295 0 0
233 18 0.047746703028678894 0 0
234 2 0.047958146780729294 0 0
235 2 0.048176128417253494 0 0
236 2 0.048400651663541794 0 0
237 2 0.048631712794303894 0 0
238 2 0.048869311809539795 0 0
239 2 0.049113452434539795 0 0
240 2 0.049364134669303894 0 0
241 2 0.049621354788541794 0 0
242 2 0.049885112792253494 0 0
243 2 0.050155412405729294 0 0
244 2 0.050432249903678894 0 0
245 2 0.050715625286102295 0 0
246 2 0.051005542278289795 0 0
247 2 0.051302000880241394 0 0
248 2 0.051604997366666794 0 0
249 2 0.051914531737565994 0 0
250 2 0.052230607718229294 0 0
251 2 0.052553221583366394 0 0
252 2 0.05276767909526825 0 0
253 2 0.0528155080974102 0 0
254 2 0.0528658963739872 0 0
255 2 0.0528658963739872 0 0
256 18 0.0528658963739872 0 0
257 18 0.0528658963739872 0 0
258 18 0.0528658963739872 0 0
259 18 0.0528658963739872 0 0
260 18 0.0528658963739872 0 0
261 18 0.0530381016433239 0 0
262 18 0.0532168485224247 0 0
263 2 0.0534021332859993 0 0
264 2 0.0535939559340477 0 0
265 2 0.0537923201918602 0 0
266 2 0.0539972260594368 0 0
267 2 0.0542086698114872 0 0
268 2 0.0544266514480114 0 0
269 2 0.0546511746942997 0 0
270 2 0.0548822358250618 0 0
271 2 0.0551198348402977 0 0
272 2 0.0553639754652977 0 0
273 2 0.0556146577000618 0 0
274 2 0.0558718778192997 0 0
275 2 0.0561356358230114 0 0
276 2 0.0564059354364872 0 0
277 2 0.0566827729344368 0 0
278 2 0.0569661483168602 0 0
279 2 0.0572560653090477 0 0
280 2 0.0575525239109993 0 0
281 2 0.0578555203974247 0 0
282 2 0.0581650547683239 0 0
283 2 0.0584811307489872 0 0
284 2 0.0588037446141243 0 0
285 2 0.05923328921198845 0 0
286 2 0.05957334116101265 0 0
287 2 0.05992211401462555 0 0
288 2 0.06027960777282715 0 0
289 2 0.06064581871032715 0 0
290 2 0.06102074682712555 0 0
291 2 0.06140439584851265 0 0
292 2 0.06179676577448845 0 0
293 2 0.06219785287976265 0 0
294 2 0.06260766088962555 0 0
295 2 0.06302618980407715 0 0
296 2 0.06345343589782715 0 0
297 2 0.06388939917087555 0 0
298 2 0.06433408707380295 0 0
299 2 0.06478749215602875 0 0
300 2 0.06523391604423523 0 0
301 2 0.06568034738302231 0 0
302 18 0.06612677127122879 0 0
303 18 0.06657320261001587 0 0
304 18 0.06701963394880295 0 0
305 18 0.06746605783700943 0 0
306 18 0.06791248917579651 0 0
307 18 0.06835892051458359 0 0
308 18 0.06880534440279007 0 0
309 18 0.06925177574157715 0 0
310 18 0.06969819962978363 0 0
311 18 0.07014463096857071 0 0
312 18 0.07059106230735779 0 0
313 18 0.07103748619556427 0 0
314 18 0.07148391753435135 0 0
315 2 0.07193034887313843 0 0
316 2 0.07237677276134491 0 0
317 2 0.07282320410013199 0 0
318 2 0.07326962798833847 0 0
319 2 0.07371605932712555 0 0
320 2 0.07416249066591263 0 0
321 2 0.07460891455411911 0 0
322 2 0.07505534589290619 0 0
323 2 0.07550177723169327 0 0
324 2 0.07594820111989975 0 0
325 2 0.07639463245868683 0 0
326 2 0.07684106379747391 0 0
327 2 0.07728748768568039 0 0
328 2 0.07773391902446747 0 0
329 2 0.07818034291267395 0 0
330 2 0.07862677425146103 0 0
331 2 0.07907320559024811 0 0
332 2 0.07951962947845459 0 0
333 2 0.07996606081724167 0 0
334 2 0.08041249215602875 0 0
335 2 0.08085891604423523 0 0
336 2 0.08130534738302231 0 0
337 2 0.08175177127122879 0 0
338 2 0.08219820261001587 0 0
339 0 0.08264463394880295 0 0
340 0 0.08308125287294388 0 0
341 0 0.08350805938243866 0 0
342 0 0.08392506092786789 0 0
343 0 0.08433225005865097 0 0
344 0 0.0847296342253685 0 0
345 0 0.08511720597743988 0 0
346 0 0.08549497276544571 0 0
347 0 0.08586292713880539 0 0
348 0 0.08622107654809952 0 0
349 0 0.0872323215007782 0 0
350 0 0.08713410794734955 0 0
351 1 0.08713410794734955 0 0
352 1 0.08713410794734955 0 0
353 1 0.08713410794734955 0 0
354 1 0.08713410794734955 0 0
355 1 0.08713410794734955 0 0
356 1 0.08713410794734955 0 0
357 1 0.08713410794734955 0 0
358 1 0.08713410794734955 0 0
359 1 0.08713410794734955 0 0
360 1 0.08713410794734955 0 0
361 1 0.08713410794734955 0 0
362 1 0.08713410794734955 0 0
363 0 0.08713410794734955 0 0
364 0 0.08713410794734955 0 0
365 0 0.08713410794734955 0 0
366 0 0.08713410794734955 0 0
367 0 0.08713410794734955 0 0
368 0 0.08713410794734955 0 0
369 0 0.08713410794734955 0 0
370 0 0.08713410794734955 0 0
371 0 0.08713410794734955 0 0
372 0 0.08713410794734955 0 0
373 0 0.08713410794734955 0 0
374 0 0.08713410794734955 0 0
375 0 0.08713410794734955 0 0
376 0 0.08713410794734955 0 0
377 0 0.08713410794734955 0 0
378 0 0.08713410794734955 0 0
379 0 0.08713410794734955 0 0
380 0 0.08713410794734955 0 0
381 0 0.08713410794734955 0 0
382 0 0.08713410794734955 0 0
383 0 0.08713410794734955 0 0
384 0 0.08713410794734955 0 0
385 0 0.08713410794734955 0 0
386 0 0.08713410794734955 0 0
387 0 0.08713410794734955 0 0
388 0 0.08713410794734955 0 0
389 0 0.08713410794734955 0 0
390 0 0.08713410794734955 0 0
391 0 0.08713410794734955 0 0
392 0 0.08713410794734955 0 0
393 0 0.08713410794734955 0 0
394 0 0.08713410794734955 0 0
395 0 0.08713410794734955 0 0
396 0 0.08713410794734955 0 0
397 0 0.08713410794734955 0 0
398 0 0.08713410794734955 0 0
399 0 0.08713410794734955 0 0
400 0 0.08713410794734955 0 0
401 0 0.08713410794734955 0 0
402 0 0.08713410794734955 0 0
403 0 0.08713410794734955 0 0
404 0 0.08713410794734955 0 0
405 2 0.08713410794734955 0 0
406 2 0.08728015422821045 0 0
407 2 0.08743274211883545 0 0
408 0 0.08759187161922455 0 0
409 0 0.0877411887049675 0 0
410 0 0.0878806933760643 0 0
411 0 0.08801039308309555 0 0
412 0 0.08801039308309555 0 0
413 0 0.08801039308309555 0 0
414 0 0.08801039308309555 0 0
415 2 0.08801039308309555 0 0
416 2 0.08815644681453705 0 1
416 2 0.08815644681453705 0 1
