data/levels/world2/Going_Underground.stl
1 0 0.02343629114329815 0 0
2 0 0.02343629114329815 0 0
3 0 0.02343629114329815 0 0
4 0 0.02343629114329815 0 0
5 0 0.02343629114329815 0 0
6 1 0.02343629114329815 0 0
7 1 0.02309551276266575 0 0
8 1 0.0227394737303257 0 0
9 1 0.02236817590892315 0 0
10 1 0.02198162116110325 0 0
11 1 0.0215798057615757 0 0
12 0 0.02116273157298565 0 0
13 0 0.0207685474306345 0 0
14 0 0.02039724960923195 0 0
15 2 0.02004883997142315 0 0
16 2 0.0197309497743845 0 0
17 2 0.0200717281550169 0 0
18 2 0.02042776718735695 0 0
19 2 0.0207990650087595 0 0
20 2 0.0211856197565794 0 0
21 2 0.02158743515610695 0 0
22 2 0.022004509344697 0 0
23 2 0.0224368404597044 0 0
24 2 0.02288443222641945 0 0
25 2 0.023347282782197 0 0
26 2 0.0238253902643919 0 0
27 2 0.02431875839829445 0 0
28 2 0.0248273853212595 0 0
29 2 0.0253512691706419 0 0
30 2 0.02589041367173195 0 0
31 2 0.0264448169618845 0 0
32 2 0.0270144771784544 0 0
33 2 0.02759939804673195 0 0
34 2 0.028199577704072 0 0
35 2 0.0288150142878294 0 0
36 2 0.02944571152329445 0 0
37 2 0.030091667547822 0 0
38 2 0.0307528804987669 0 0
39 2 0.03142935410141945 0 0
40 2 0.03212108463048935 0 0
41 2 0.03282807767391205 0 0
42 2 0.03355032578110695 0 0
43 2 0.03428783267736435 0 0
44 2 0.03504060208797455 0 0
45 2 0.03604288026690483 0 0
46 2 0.03683633729815483 0 0
47 2 0.03765014186501503 0 0
48 2 0.03848428651690483 0 0
49 2 0.03933877870440483 0 0
50 2 0.04021361842751503 0 0
51 2 0.04110879823565483 0 0
52 2 0.04202432557940483 0 0
53 2 0.04296020045876503 0 0
54 2 0.04391641542315483 0 0
55 2 0.04489297792315483 0 0
56 2 0.04588988795876503 0 0
57 2 0.04690713807940483 0 0
58 2 0.04794473573565483 0 0
59 2 0.04900268092751503 0 0
60 2 0.05004434660077095 0 0
61 2 0.05108601227402687 0 0
62 2 0.05212767794728279 0 0
63 2 0.05316934734582901 0 0
64 2 0.05421101301908493 0 0
65 2 0.05525267869234085 0 0
66 2 0.05629434436559677 0 0
67 2 0.05733601376414299 0 0
68 2 0.05837767943739891 0 0
69 2 0.05941934511065483 0 0
70 2 0.06046101078391075 0 0
71 2 0.06150268018245697 0 0
72 2 0.06254434585571289 0 0
73 2 0.06358601152896881 0 0
74 2 0.06462767720222473 0 0
75 2 0.06566934287548065 0 0
76 2 0.06671101599931717 0 0
77 2 0.06775268167257309 0 0
78 2 0.06879434734582901 0 0
79 2 0.06983601301908493 0 0
80 2 0.07087767869234085 0 0
81 2 0.07191934436559677 0 0
82 2 0.07296101003885269 0 0
83 2 0.07400267571210861 0 0
84 2 0.07504434883594513 0 0
85 2 0.07608601450920105 0 0
86 2 0.07712768018245697 0 0
87 2 0.07816934585571289 0 0
88 2 0.07921101152896881 0 0
89 2 0.08025267720222473 0 0
90 2 0.08129434287548065 0 0
91 2 0.08233601599931717 0 0
92 2 0.08337768167257309 0 0
93 2 0.08441934734582901 0 0
94 2 0.08546101301908493 0 0
95 2 0.08650267869234085 0 0
96 2 0.08754434436559677 0 0
97 2 0.08858601003885269 0 0
98 2 0.08962767571210861 0 0
99 2 0.09066934883594513 0 0
100 2 0.09171101450920105 0 0
101 2 0.09275268018245697 0 0
102 2 0.09379434585571289 0 0
103 2 0.09483601152896881 0 0
104 2 0.09587767720222473 0 0
105 2 0.09691934287548065 0 0
106 2 0.09796101599931717 0 0
107 2 0.09900268167257309 0 0
108 2 0.10004434734582901 0 0
109 2 0.10108601301908493 0 0
110 2 0.10212767869234085 0 0
111 2 0.10316935181617737 0 0
112 2 0.10421101748943329 0 0
113 2 0.10525268316268921 0 0
114 2 0.10629434883594513 0 0
115 2 0.10733602195978165 0 0
116 2 0.10837768763303757 0 0
117 2 0.10941935330629349 0 0
118 2 0.11046101897954941 0 0
119 2 0.11150268465280533 0 0
120 2 0.11254435032606125 0 0
121 2 0.11358601599931717 0 0
122 2 0.11462768912315369 0 0
123 2 0.1156693547964096 0 0
124 2 0.11671102046966553 0 0
125 2 0.11775268614292145 0 0
126 2 0.11879435181617737 0 0
127 2 0.11983601748943329 0 0
128 2 0.12087768316268921 0 0
129 2 0.12191934883594513 0 0
130 2 0.12296102195978165 0 0
131 2 0.12400268763303757 0 0
132 2 0.1250443458557129 0 0
133 2 0.1260860115289688 0 0
134 2 0.12712769210338593 0 0
135 2 0.12816935777664185 0 0
136 2 0.12921102344989777 0 0
137 2 0.1302526891231537 0 0
138 2 0.1312943547964096 0 0
139 2 0.13233602046966553 0 0
140 2 0.13337768614292145 0 0
141 2 0.13441935181617737 0 0
142 2 0.1354610174894333 0 0
143 2 0.1365026831626892 0 0
144 2 0.13754434883594513 0 0
145 2 0.13858601450920105 0 0
146 2 0.13962768018245697 0 0
147 2 0.1406693458557129 0 0
148 2 0.1417110115289688 0 0
149 2 0.14275269210338593 0 0
150 2 0.14379435777664185 0 0
151 2 0.14483602344989777 0 0
152 2 0.1458776891231537 0 0
153 18 0.1469193547964096 0 0
154 18 0.14796102046966553 0 0
155 18 0.14900268614292145 0 0
156 18 0.15004435181617737 0 0
157 18 0.1510860174894333 0 0
158 18 0.1521276831626892 0 0
159 18 0.15316934883594513 0 0
160 18 0.15421101450920105 0 0
161 18 0.15525268018245697 0 0
162 18 0.1562943458557129 0 0
163 2 0.1573360115289688 0 0
164 2 0.15837769210338593 0 0
165 2 0.15941935777664185 0 0
166 2 0.16046102344989777 0 0
167 2 0.1615026891231537 0 0
168 2 0.1625443547964096 0 0
169 2 0.16358602046966553 0 0
170 2 0.16462768614292145 0 0
171 2 0.16566935181617737 0 0
172 2 0.1667110174894333 0 0
173 2 0.1677526831626892 0 0
174 2 0.16879434883594513 0 0
175 2 0.16983601450920105 0 0
176 2 0.17087768018245697 0 0
177 2 0.1719193458557129 0 0
178 2 0.1729610115289688 0 0
179 2 0.17400269210338593 0 0
180 2 0.17504435777664185 0 0
181 2 0.17608602344989777 0 0
182 2 0.1771276891231537 0 0
183 0 0.1781693547964096 0 0
184 0 0.17918813228607178 0 0
185 0 0.1801840215921402 0 0
186 0 0.18115702271461487 0 0
187 0 0.1821071356534958 0 0
188 0 0.18303436040878296 0 0
189 0 0.18393869698047638 0 0
190 0 0.18482014536857605 0 0
191 0 0.18567870557308197 0 0
192 0 0.18651437759399414 0 0
193 0 0.18732716143131256 0 0
194 0 0.18811707198619843 0 0
195 0 0.18888407945632935 0 0
196 0 0.18962819874286652 0 0
197 1 0.19012026488780975 0 0
198 1 0.19080334901809692 0 0
199 17 0.1914559155702591 0 0
200 17 0.19207796454429626 0 0
201 17 0.19266949594020844 0 0
202 17 0.1932305097579956 0 0
203 17 0.19376100599765778 0 0
204 17 0.19426098465919495 0 0
205 17 0.1947304606437683 0 0
206 17 0.19516940414905548 0 0
207 17 0.19557783007621765 0 0
208 17 0.19595573842525482 0 0
209 19 0.196303129196167 0 0
210 19 0.1966276317834854 0 0
211 17 0.19692924618721008 0 0
212 17 0.19658847153186798 0 0
213 17 0.19623242318630219 0 0
214 17 0.19586113095283508 0 0
215 17 0.19547457993030548 0 0
216 17 0.19507275521755219 0 0
217 17 0.19465568661689758 0 0
218 17 0.19422335922718048 0 0
219 17 0.19377575814723969 0 0
220 17 0.19331291317939758 0 0
221 0 0.19283480942249298 0 0
222 0 0.19237957894802094 0 0
223 0 0.19194725155830383 0 0
224 0 0.19153781235218048 0 0
225 2 0.19115124642848969 0 0
226 2 0.19079521298408508 0 0
227 2 0.19046969711780548 0 0
228 2 0.19017468392848969 0 0
229 2 0.19051547348499298 0 0
230 2 0.19087150692939758 0 0
231 2 0.19124279916286469 0 0
232 2 0.19162936508655548 0 0
233 0 0.19203117489814758 0 0
234 0 0.19241009652614594 0 0
235 0 0.19276614487171173 0 0
236 0 0.19309929013252258 0 0
237 0 0.19340954720973969 0 0
238 0 0.19369693100452423 0 0
239 0 0.19396141171455383 0 0
240 0 0.19420300424098969 0 0
241 0 0.19442172348499298 0 0
242 0 0.19461753964424133 0 0
243 0 0.19479046761989594 0 0
244 0 0.19494052231311798 0 0
245 0 0.19506767392158508 0 0
246 0 0.19517193734645844 0 0
247 0 0.19525332748889923 0 0
248 0 0.19531181454658508 0 0
249 0 0.19534741342067719 0 0
250 0 0.19536013901233673 0 0
251 0 0.19534996151924133 0 0
252 0 0.19536267220973969 0 0
253 0 0.19535250961780548 0 0
254 0 0.19536522030830383 0 0
255 0 0.19535504281520844 0 0
256 0 0.19536776840686798 0 0
257 0 0.19535759091377258 0 0
258 0 0.19537030160427094 0 0
259 0 0.19536013901233673 0 0
260 0 0.19537284970283508 0 0
261 0 0.19536267220973969 0 0
262 0 0.19537539780139923 0 0
263 0 0.19536522030830383 0 0
264 0 0.19537793099880219 0 0
265 0 0.19536776840686798 0 0
266 0 0.19538047909736633 0 0
267 0 0.19537030160427094 0 0
268 0 0.19538302719593048 0 0
269 0 0.19537284970283508 0 0
270 0 0.19538556039333344 0 0
271 0 0.19537539780139923 0 0
272 0 0.19538810849189758 0 0
273 0 0.19537793099880219 0 0
274 0 0.19539065659046173 0 0
275 0 0.19538047909736633 0 0
276 0 0.19539318978786469 0 0
277 0 0.19538302719593048 0 0
278 0 0.19539573788642883 0 0
279 0 0.19538556039333344 0 0
280 0 0.19539828598499298 0 0
281 0 0.19538810849189758 0 0
282 0 0.19540081918239594 0 0
283 0 0.19539065659046173 0 0
284 0 0.19540336728096008 0 0
285 0 0.19539318978786469 0 0
286 0 0.19540591537952423 0 0
287 0 0.19539573788642883 0 0
288 0 0.19540844857692719 0 0
289 0 0.19539828598499298 0 0
290 0 0.19541099667549133 0 0
291 0 0.19540081918239594 0 0
292 0 0.19541354477405548 0 0
293 0 0.19540336728096008 0 0
294 0 0.19541607797145844 0 0
295 0 0.19540591537952423 0 0
296 0 0.19540591537952423 0 0
297 0 0.19540591537952423 0 0
298 0 0.19540591537952423 0 0
299 0 0.19540591537952423 0 0
300 0 0.19540591537952423 0 0
301 16 0.19540591537952423 0 0
302 18 0.19540591537952423 0 0
303 18 0.19574669003486633 0 0
304 18 0.19610272347927094 0 0
305 18 0.19647403061389923 0 0
306 18 0.19686058163642883 0 0
307 18 0.19726239144802094 0 0
308 18 0.19767947494983673 0 0
309 18 0.19811180233955383 0 0
310 18 0.19855938851833344 0 0
311 18 0.19902224838733673 0 0
312 18 0.19950035214424133 0 0
313 18 0.19999371469020844 0 0
314 2 0.20050235092639923 0 0
315 2 0.20102623105049133 0 0
316 2 0.20156536996364594 0 0
317 2 0.20211978256702423 0 0
318 2 0.20268943905830383 0 0
319 2 0.20327435433864594 0 0
320 2 0.20335374772548676 0 0
321 2 0.20335374772548676 0 0
322 2 0.20335374772548676 0 0
323 2 0.20335374772548676 0 0
324 2 0.20335374772548676 0 0
325 2 0.20335374772548676 0 0
326 2 0.20335374772548676 0 0
327 2 0.20335374772548676 0 0
328 2 0.20335374772548676 0 0
329 2 0.20335374772548676 0 0
330 2 0.20335374772548676 0 0
331 2 0.20335374772548676 0 0
332 2 0.20335374772548676 0 0
333 2 0.20335374772548676 0 0
334 2 0.20335374772548676 0 0
335 2 0.20335374772548676 0 0
336 2 0.20335374772548676 0 0
337 2 0.20384712517261505 0 0
338 2 0.20435574650764465 0 0
339 2 0.20487962663173676 0 0
340 2 0.20541878044605255 0 0
341 2 0.20597317814826965 0 0
342 2 0.20654283463954926 0 0
343 2 0.20712776482105255 0 0
344 2 0.20858505368232727 0 0
345 2 0.20920048654079437 0 0
346 2 0.20983119308948517 0 0
347 2 0.21047714352607727 0 0
348 2 0.21113835275173187 0 0
349 2 0.21181483566761017 0 0
350 2 0.21250656247138977 0 0
351 2 0.21321354806423187 0 0
352 2 0.21393580734729767 0 0
353 2 0.21467331051826477 0 0
354 2 0.21542607247829437 0 0
355 2 0.21642836928367615 0 0
356 2 0.21722182631492615 0 0
357 2 0.21803563833236694 0 0
358 2 0.21886977553367615 0 0
359 2 0.21972426772117615 0 0
360 2 0.22059911489486694 0 0
361 2 0.22149428725242615 0 0
362 2 0.22240981459617615 0 0
363 2 0.22334569692611694 0 0
364 2 0.22430190443992615 0 0
365 2 0.22527846693992615 0 0
366 2 0.22627538442611694 0 0
367 2 0.22729262709617615 0 0
368 2 0.22833022475242615 0 0
369 2 0.22938817739486694 0 0
370 2 0.23042984306812286 0 0
371 2 0.23147150874137878 0 0
372 2 0.2325131744146347 0 0
373 2 0.23355484008789062 0 0
374 2 0.23459650576114655 0 0
375 2 0.23563817143440247 0 0
376 2 0.2366798371076584 0 0
377 2 0.2377215027809143 0 0
378 2 0.23876316845417023 0 0
379 2 0.23980483412742615 0 0
380 2 0.24084649980068207 0 0
381 2 0.24188818037509918 0 0
382 2 0.2429298460483551 0 0
383 2 0.24397151172161102 0 0
384 2 0.24501317739486694 0 0
385 2 0.24605484306812286 0 0
386 2 0.24709650874137878 0 0
387 2 0.2481381744146347 0 0
388 2 0.24917984008789062 0 0
389 2 0.25022152066230774 0 0
390 2 0.25126317143440247 0 0
391 2 0.2523048520088196 0 0
392 2 0.2533465027809143 0 0
393 2 0.2543881833553314 0 0
394 2 0.25542983412742615 0 0
395 2 0.25647151470184326 0 0
396 2 0.257513165473938 0 0
397 2 0.2585548460483551 0 0
398 2 0.25959649682044983 0 0
399 2 0.26063817739486694 0 0
400 2 0.26167982816696167 0 0
401 2 0.2627215087413788 0 0
402 2 0.2637631595134735 0 0
403 2 0.2648048400878906 0 0
404 2 0.26584652066230774 0 0
405 2 0.26688817143440247 0 0
406 2 0.2679298520088196 0 0
407 2 0.2689715027809143 0 0
408 2 0.2700131833553314 0 0
409 2 0.27105483412742615 0 0
410 2 0.27209651470184326 0 0
411 2 0.273138165473938 0 0
412 2 0.2741798460483551 0 0
413 18 0.27522149682044983 0 0
414 18 0.27626317739486694 0 0
415 18 0.27730482816696167 0 0
416 18 0.2783465087413788 0 0
417 18 0.2793881595134735 0 0
418 18 0.2804298400878906 0 0
419 18 0.28147152066230774 0 0
420 18 0.28251317143440247 0 0
421 18 0.2835548520088196 0 0
422 18 0.2845965027809143 0 0
423 18 0.2856381833553314 0 0
424 18 0.28667983412742615 0 0
425 18 0.28772151470184326 0 0
426 18 0.288763165473938 0 0
427 18 0.2898048460483551 0 0
428 18 0.29084649682044983 0 0
429 18 0.29188817739486694 0 0
430 18 0.29292982816696167 0 0
431 18 0.2939715087413788 0 0
432 18 0.2950131595134735 0 0
433 18 0.2960548400878906 0 0
434 18 0.29709652066230774 0 0
435 18 0.29813817143440247 0 0
436 18 0.2991798520088196 0 0
437 18 0.3002215027809143 0 0
438 18 0.3012631833553314 0 0
439 18 0.30230483412742615 0 0
440 18 0.30334651470184326 0 0
441 18 0.304388165473938 0 0
442 18 0.3054298460483551 0 0
443 18 0.30647149682044983 0 0
444 18 0.30751317739486694 0 0
445 18 0.30855482816696167 0 0
446 18 0.3095965087413788 0 0
447 18 0.3106381595134735 0 0
448 18 0.3116798400878906 0 0
449 18 0.31272152066230774 0 0
450 18 0.31376317143440247 0 0
451 2 0.3148048520088196 0 0
452 2 0.3158465027809143 0 0
453 2 0.3168881833553314 0 0
454 2 0.31792983412742615 0 0
455 2 0.31897151470184326 0 0
456 2 0.320013165473938 0 0
457 2 0.3210548460483551 0 0
458 2 0.32209649682044983 0 0
459 2 0.32313817739486694 0 0
460 2 0.32417982816696167 0 0
461 2 0.3252215087413788 0 0
462 2 0.3262631595134735 0 0
463 2 0.3273048400878906 0 0
464 2 0.32834652066230774 0 0
465 2 0.32938817143440247 0 0
466 2 0.3304298520088196 0 0
467 2 0.3314715027809143 0 0
468 2 0.3325131833553314 0 0
469 2 0.33355483412742615 0 0
470 2 0.33459651470184326 0 0
471 2 0.335638165473938 0 0
472 2 0.3366798460483551 0 0
473 2 0.33772149682044983 0 0
474 2 0.33876317739486694 0 0
475 2 0.33980482816696167 0 0
476 2 0.3408465087413788 0 0
477 2 0.3418881595134735 0 0
478 2 0.3429298400878906 0 0
479 2 0.34397152066230774 0 0
480 2 0.34501317143440247 0 0
481 2 0.3460548520088196 0 0
482 2 0.3470965027809143 0 0
483 2 0.3481381833553314 0 0
484 2 0.34917983412742615 0 0
485 2 0.35022151470184326 0 0
486 2 0.351263165473938 0 0
487 2 0.3523048460483551 0 0
488 2 0.35334649682044983 0 0
489 0 0.35438817739486694 0 0
490 1 0.3554069399833679 0 0
491 1 0.3563952147960663 0 0
492 1 0.35735294222831726 0 0
493 1 0.3582801818847656 0 0
494 1 0.359176903963089 0 0
495 1 0.36004307866096497 0 0
496 1 0.36087876558303833 0 0
497 0 0.36167627573013306 0 0
498 0 0.3624509274959564 0 0
499 2 0.36320266127586365 0 0
500 2 0.36397475004196167 0 0
501 2 0.3647671937942505 0 0
502 2 0.3655799925327301 0 0
503 18 0.3664131164550781 0 0
504 18 0.36713552474975586 0 1
504 18 0.36713552474975586 0 1
