data/levels/bonus1/abednego-level3.stl
1 1 0.011902526952326298 0 0
2 1 0.011724507436156273 0 0
3 1 0.011538859456777573 0 0
4 1 0.011345581151545048 0 0
5 1 0.011144673451781273 0 0
6 1 0.010936137288808823 0 0
7 1 0.010719970799982548 0 0
8 1 0.010496174916625023 0 0
9 1 0.010264750570058823 0 0
10 1 0.010025695897638798 0 0
11 1 0.009779011830687523 0 0
12 1 0.009524699300527573 0 0
13 1 0.009262756444513798 0 0
14 1 0.008993184193968773 0 0
15 1 0.008715983480215073 0 0
16 0 0.008431152440607548 0 0
17 0 0.008157765492796898 0 0
18 2 0.007895823568105698 0 0
19 2 0.007649139501154423 0 0
20 2 0.007417714688926935 0 0
21 2 0.00720154820010066 0 0
22 2 0.007000640965998173 0 0
23 2 0.006814992520958185 0 0
24 2 0.00664460239931941 0 0
25 2 0.006489471532404423 0 0
26 2 0.00665986118838191 0 0
27 2 0.006837880704551935 0 0
28 2 0.007023529149591923 0 0
29 2 0.00721680698916316 0 0
30 2 0.007417714688926935 0 0
31 2 0.007626251317560673 0 0
32 2 0.007842417806386948 0 0
33 2 0.008066212758421898 0 0
34 2 0.008297638036310673 0 0
35 2 0.008536692708730698 0 0
36 0 0.008783375844359398 0 0
37 0 0.009018615819513798 0 0
38 0 0.009242411702871323 0 0
39 0 0.009454762563109398 0 0
40 0 0.009655670262873173 0 0
41 0 0.009845133870840073 0 0
42 0 0.010023152455687523 0 0
43 0 0.010189727880060673 0 0
44 0 0.010344859212636948 0 0
45 0 0.010344859212636948 0 0
46 0 0.010344859212636948 0 0
47 0 0.010344859212636948 0 0
48 0 0.010344859212636948 0 0
49 0 0.010344859212636948 0 0
50 0 0.010344859212636948 0 0
51 0 0.010344859212636948 0 0
52 0 0.010344859212636948 0 0
53 0 0.010344859212636948 0 0
54 0 0.010344859212636948 0 0
55 0 0.010344859212636948 0 0
56 0 0.010344859212636948 0 0
57 0 0.010344859212636948 0 0
58 0 0.010344859212636948 0 0
59 0 0.010344859212636948 0 0
60 0 0.010344859212636948 0 0
61 0 0.010344859212636948 0 0
62 0 0.010344859212636948 0 0
63 0 0.010344859212636948 0 0
64 0 0.010344859212636948 0 0
65 0 0.010344859212636948 0 0
66 0 0.010344859212636948 0 0
67 0 0.010344859212636948 0 0
68 0 0.010344859212636948 0 0
69 0 0.010344859212636948 0 0
70 0 0.010344859212636948 0 0
71 0 0.010344859212636948 0 0
72 0 0.010344859212636948 0 0
73 0 0.010344859212636948 0 0
74 0 0.010344859212636948 0 0
75 0 0.010344859212636948 0 0
76 0 0.010344859212636948 0 0
77 0 0.010344859212636948 0 0
78 0 0.010344859212636948 0 0
79 0 0.010344859212636948 0 0
80 0 0.010344859212636948 0 0
81 0 0.010344859212636948 0 0
82 0 0.010344859212636948 0 0
83 0 0.010344859212636948 0 0
84 0 0.010344859212636948 0 0
85 0 0.010344859212636948 0 0
86 0 0.010344859212636948 0 0
87 0 0.010344859212636948 0 0
88 0 0.010344859212636948 0 0
89 0 0.010344859212636948 0 0
90 0 0.010344859212636948 0 0
91 0 0.010344859212636948 0 0
92 0 0.010344859212636948 0 0
93 0 0.010344859212636948 0 0
94 0 0.010344859212636948 0 0
95 0 0.010344859212636948 0 0
96 0 0.010344859212636948 0 0
97 0 0.010344859212636948 0 0
98 0 0.010344859212636948 0 0
99 0 0.010344859212636948 0 0
100 0 0.010344859212636948 0 0
101 0 0.010344859212636948 0 0
102 0 0.010344859212636948 0 0
103 0 0.010344859212636948 0 0
104 0 0.010344859212636948 0 0
105 0 0.010344859212636948 0 0
106 0 0.010344859212636948 0 0
107 0 0.010344859212636948 0 0
108 0 0.010344859212636948 0 0
109 0 0.010344859212636948 0 0
110 0 0.010344859212636948 0 0
111 0 0.010344859212636948 0 0
112 0 0.010344859212636948 0 0
113 0 0.010344859212636948 0 0
114 2 0.010344859212636948 0 0
115 2 0.010515248402953148 0 0
116 2 0.010693267919123173 0 0
117 2 0.010878916829824448 0 0
118 2 0.011072194203734398 0 0
119 2 0.011273101903498173 0 0
120 2 0.011481638997793198 0 0
121 2 0.011697804555296898 0 0
122 2 0.011921600438654423 0 0
123 2 0.012153025716543198 0 0
124 2 0.012392079457640648 0 0
125 2 0.012638763524591923 0 0
126 2 0.012893076986074448 0 0
127 2 0.013155018910765648 0 0
128 2 0.013424590229988098 0 0
129 2 0.013701791875064373 0 0
130 2 0.013986622914671898 0 0
131 2 0.014279082417488098 0 0
132 2 0.014579172246158123 0 0
133 2 0.014886891469359398 0 0
134 2 0.015202239155769348 0 0
135 2 0.015525217168033123 0 0
136 2 0.015855824574828148 0 0
137 2 0.016194060444831848 0 0
138 2 0.0165399257093668 0 0
139 2 0.016893422231078148 0 0
140 2 0.017254546284675598 0 0
141 2 0.0176232997328043 0 0
142 2 0.017999684438109398 0 0
143 2 0.01850082352757454 0 0
144 2 0.01889755204319954 0 0
145 2 0.01930445432662964 0 0
146 2 0.01972152665257454 0 0
147 2 0.02014877274632454 0 0
148 2 0.02058619260787964 0 0
149 2 0.02103378251194954 0 0
150 2 0.02149154618382454 0 0
151 2 0.02195948362350464 0 0
152 2 0.02243759110569954 0 0
153 2 0.02292587235569954 0 0
154 2 0.02342432737350464 0 0
155 2 0.02393295243382454 0 0
156 2 0.02445175126194954 0 0
157 2 0.02498072385787964 0 0
158 2 0.0255015566945076 0 0
159 2 0.02602238953113556 0 0
160 2 0.02654322236776352 0 0
161 2 0.02706405706703663 0 0
162 2 0.02758488990366459 0 0
163 2 0.02810572274029255 0 0
164 2 0.02862655557692051 0 0
165 2 0.02914739027619362 0 0
166 2 0.02966822311282158 0 0
167 2 0.03018905594944954 0 0
168 2 0.03070989064872265 0 0
169 2 0.03123072348535061 0 0
170 2 0.03175155818462372 0 0
171 2 0.03227239102125168 0 0
172 2 0.03279322385787964 0 0
173 2 0.0333140566945076 0 0
174 2 0.03383488953113556 0 0
175 2 0.03435572236776352 0 0
176 2 0.03487655520439148 0 0
177 2 0.03539738804101944 0 0
178 2 0.0359182246029377 0 0
179 2 0.03643905743956566 0 0
180 2 0.03695989027619362 0 0
181 2 0.03748072311282158 0 0
182 2 0.03800155594944954 0 0
183 2 0.0385223887860775 0 0
184 2 0.03904322162270546 0 0
185 2 0.03956405818462372 0 0
186 2 0.04008489102125168 0 0
187 2 0.04060572385787964 0 0
188 2 0.0411265566945076 0 0
189 2 0.04164738953113556 0 0
190 2 0.04216822236776352 0 0
191 2 0.04268905520439148 0 0
192 2 0.04320988804101944 0 0
193 2 0.0437307246029377 0 0
194 18 0.04425155743956566 0 0
195 18 0.04477239027619362 0 0
196 18 0.04529322311282158 0 0
197 18 0.04581405594944954 0 0
198 18 0.0463348887860775 0 0
199 18 0.04685572162270546 0 0
200 18 0.04737655818462372 0 0
201 18 0.04789739102125168 0 0
202 18 0.04841822385787964 0 0
203 18 0.0489390566945076 0 0
204 18 0.04945988953113556 0 0
205 18 0.04998072236776352 0 0
206 18 0.05050155520439148 0 0
207 18 0.05102238804101944 0 0
208 18 0.0515432246029377 0 0
209 18 0.05206405743956566 0 0
210 18 0.05258489027619362 0 0
211 18 0.05310572311282158 0 0
212 18 0.05362655594944954 0 0
213 18 0.0541473887860775 0 0
214 18 0.05466822162270546 0 0
215 18 0.05518905818462372 0 0
216 18 0.05570989102125168 0 0
217 18 0.05623072385787964 0 0
218 18 0.0567515566945076 0 0
219 18 0.05727238953113556 0 0
220 18 0.05779322236776352 0 0
221 18 0.05831405520439148 0 0
222 18 0.05883488804101944 0 0
223 18 0.0593557246029377 0 0
224 18 0.05987655743956566 0 0
225 18 0.06039739027619362 0 0
226 18 0.06091822311282158 0 0
227 18 0.06143905594944954 0 0
228 18 0.0619598887860775 0 0
229 18 0.06248072162270546 0 0
230 18 0.06300155818462372 0 0
231 18 0.06352239102125168 0 0
232 18 0.06404322385787964 0 0
233 18 0.0645640566945076 0 0
234 18 0.06508488953113556 0 0
235 18 0.06560572236776352 0 0
236 18 0.06612655520439148 0 0
237 18 0.06664738804101944 0 0
238 18 0.0671682208776474 0 0
239 18 0.06768905371427536 0 0
240 18 0.06820988655090332 0 0
241 18 0.06822896003723145 0 0
242 18 0.06828475743532181 0 0
243 18 0.06834354251623154 0 0
244 18 0.06834354251623154 0 0
245 18 0.06834354251623154 0 0
246 18 0.06834354251623154 0 0
247 18 0.06834354251623154 0 0
248 18 0.06855971366167068 0 0
249 18 0.06878350675106049 0 0
250 18 0.06901492923498154 0 0
251 18 0.06925398856401443 0 0
252 18 0.06950066983699799 0 0
253 18 0.06975498050451279 0 0
254 2 0.07001692801713943 0 0
255 2 0.07028649747371674 0 0
256 2 0.07056369632482529 0 0
257 2 0.07084853202104568 0 0
258 0 0.07114098966121674 0 0
259 0 0.07142200320959091 0 0
260 0 0.07169158011674881 0 0
261 0 0.07194970548152924 0 0
262 0 0.07219638675451279 0 0
263 0 0.07243163138628006 0 0
264 2 0.07265542447566986 0 0
265 2 0.07288684695959091 0 0
266 2 0.07312590628862381 0 0
267 2 0.07337258756160736 0 0
268 2 0.07362689822912216 0 0
269 2 0.07388884574174881 0 0
270 2 0.07415841519832611 0 0
271 2 0.07443561404943466 0 0
272 2 0.07472044974565506 0 0
273 2 0.07501290738582611 0 0
274 18 0.07531299442052841 0 0
275 18 0.07562071830034256 0 0
276 18 0.07593606412410736 0 0
277 18 0.07625903934240341 0 0
278 18 0.07658965140581131 0 0
279 18 0.07692788541316986 0 0
280 18 0.07727374881505966 0 0
281 18 0.07762724906206131 0 0
282 18 0.07798837125301361 0 0
283 18 0.07835712283849716 0 0
284 18 0.07873351126909256 0 0
285 18 0.07923464477062225 0 0
286 18 0.07963137328624725 0 0
287 18 0.08003827184438705 0 0
288 18 0.08045534789562225 0 0
289 18 0.08088259398937225 0 0
290 18 0.08132001012563705 0 0
291 18 0.08156228810548782 0 0
292 18 0.08161809295415878 0 0
293 18 0.08167687803506851 0 0
294 18 0.08167687803506851 0 0
295 18 0.08167687803506851 0 0
296 18 0.08167687803506851 0 0
297 18 0.08167687803506851 0 0
298 18 0.08167687803506851 0 0
299 18 0.08190067112445831 0 0
300 18 0.08213210105895996 0 0
301 18 0.08237115293741226 0 0
302 18 0.08261783421039581 0 0
303 18 0.08287215232849121 0 0
304 18 0.08313409239053726 0 0
305 18 0.08340366184711456 0 0
306 18 0.08368086814880371 0 0
307 18 0.08396569639444351 0 0
308 18 0.08425815403461456 0 0
309 18 0.08455824851989746 0 0
310 16 0.08486596494913101 0 0
311 0 0.08516223728656769 0 0
312 0 0.08544707298278809 0 0
313 0 0.08572045713663101 0 0
314 0 0.08598239719867706 0 0
315 0 0.08623290061950684 0 0
316 0 0.08647195249795914 0 0
317 0 0.08669956028461456 0 0
318 1 0.08691573143005371 0 0
319 1 0.08711663633584976 0 0
320 1 0.08730228245258331 0 0
321 1 0.08747267723083496 0 0
322 1 0.08762780576944351 0 0
323 1 0.08745741844177246 0 0
324 17 0.08727939426898956 0 0
325 17 0.08709374815225601 0 0
326 17 0.08690047264099121 0 0
327 17 0.08669956028461456 0 0
328 17 0.08649102598428726 0 0
329 17 0.08627486228942871 0 0
330 17 0.08605106174945831 0 0
331 17 0.08581963926553726 0 0
332 17 0.08558058738708496 0 0
333 17 0.08533389866352081 0 0
334 17 0.08507958799600601 0 0
335 17 0.08481764793395996 0 0
336 17 0.08454807102680206 0 0
337 17 0.08427087217569351 0 0
338 17 0.08398604393005371 0 0
339 17 0.08369357883930206 0 0
340 17 0.08339349180459976 0 0
341 17 0.08308577537536621 0 0
342 17 0.08277042210102081 0 0
343 17 0.08244744688272476 0 0
344 17 0.08211684226989746 0 0
345 17 0.08177860081195831 0 0
346 17 0.08143273741006851 0 0
347 17 0.08107924461364746 0 0
348 17 0.08071811497211456 0 0
349 17 0.08034936338663101 0 0
350 17 0.07997298240661621 0 0
351 17 0.0797010064125061 0 0
352 17 0.0793042778968811 0 0
353 17 0.0788973718881607 0 0
354 1 0.0784803032875061 0 0
355 0 0.0780530571937561 0 0
356 0 0.07763725519180298 0 0
357 0 0.07723289728164673 0 0
358 0 0.07683998346328735 0 0
359 0 0.07645851373672485 0 0
360 0 0.07608848810195923 0 0
361 0 0.07561532407999039 0 0
362 0 0.07526818662881851 0 0
363 0 0.07493249326944351 0 0
364 0 0.07460824400186539 0 0
365 0 0.07429543882608414 0 0
366 0 0.07399407774209976 0 0
367 0 0.07370416074991226 0 0
368 2 0.07342568784952164 0 0
369 2 0.07316247373819351 0 0
370 2 0.07291451841592789 0 0
371 2 0.07268182188272476 0 0
372 2 0.07246438413858414 0 0
373 2 0.07226220518350601 0 0
374 2 0.07207528501749039 0 0
375 2 0.07190362364053726 0 0
376 2 0.07174722105264664 0 0
377 2 0.07191760838031769 0 0
378 2 0.07209563255310059 0 0
379 2 0.07228127866983414 0 0
380 18 0.07247455418109894 0 0
381 18 0.07267546653747559 0 0
382 18 0.07288400083780289 0 0
383 18 0.07310016453266144 0 0
384 18 0.07332396507263184 0 0
385 18 0.07355538755655289 0 0
386 18 0.07379443943500519 0 0
387 18 0.07404112815856934 0 0
388 18 0.07429543882608414 0 0
389 18 0.07455737888813019 0 0
390 18 0.07482695579528809 0 0
391 18 0.07510415464639664 0 0
392 18 0.07538898289203644 0 0
393 18 0.07568144798278809 0 0
394 18 0.07598153501749039 0 0
395 18 0.07628925144672394 0 0
396 18 0.07660460472106934 0 0
397 18 0.07692757993936539 0 0
398 18 0.07725818455219269 0 0
399 18 0.07759642601013184 0 0
400 18 0.07794228941202164 0 0
401 18 0.07829578220844269 0 0
402 18 0.07865691184997559 0 0
403 18 0.07902566343545914 0 0
404 18 0.07940204441547394 0 0
405 18 0.07990318536758423 0 0
406 18 0.08029991388320923 0 0
407 18 0.08070681244134903 0 0
408 18 0.08112388849258423 0 0
409 18 0.08155113458633423 0 0
410 18 0.08198855072259903 0 0
411 18 0.08243614435195923 0 0
412 18 0.08289390802383423 0 0
413 18 0.08336184173822403 0 0
414 0 0.08383995294570923 0 0
415 0 0.08430661261081696 0 0
416 0 0.0847618356347084 0 0
417 0 0.08520561456680298 0 0
418 0 0.08563794195652008 0 0
419 0 0.0860588327050209 0 0
420 0 0.08646827936172485 0 0
421 0 0.08686627447605133 0 0
422 0 0.08725283294916153 0 0
423 0 0.08762794733047485 0 0
424 0 0.0879916101694107 0 0
425 0 0.08822925388813019 0 0
426 2 0.08857003599405289 0 0
427 2 0.08891844749450684 0 0
428 2 0.08927448093891144 0 0
429 2 0.08963815122842789 0 0
430 2 0.09000945091247559 0 0
431 2 0.09038837254047394 0 0
432 2 0.09089205414056778 0 0
433 2 0.09129132330417633 0 0
434 18 0.09170076996088028 0 0
435 18 0.09212038666009903 0 0
436 18 0.09255017340183258 0 0
437 18 0.09299013763666153 0 0
438 18 0.09344027191400528 0 0
439 18 0.09390057623386383 0 0
440 18 0.09437105804681778 0 0
441 18 0.09485170990228653 0 0
442 18 0.09534253180027008 0 0
443 18 0.09584353119134903 0 0
444 18 0.09635470062494278 0 0
445 18 0.09687604010105133 0 0
446 18 0.09739687293767929 0 0
447 18 0.09791770577430725 0 0
448 18 0.09843854606151581 0 0
449 18 0.09895937889814377 0 0
450 18 0.09948021173477173 0 0
451 18 0.10000104457139969 0 0
452 18 0.10052187740802765 0 0
453 18 0.10104271024465561 0 0
454 18 0.10156354308128357 0 0
455 18 0.10208437591791153 0 0
456 18 0.10260520875453949 0 0
457 18 0.10312604159116745 0 0
458 18 0.10364687442779541 0 0
459 18 0.10416770726442337 0 0
460 18 0.10468854010105133 0 0
461 18 0.10520937293767929 0 0
462 18 0.10573020577430725 0 0
463 18 0.10625104606151581 0 0
464 18 0.10677187889814377 0 0
465 18 0.10729271173477173 0 0
466 18 0.10781354457139969 0 0
467 18 0.10833437740802765 0 0
468 18 0.10885521024465561 0 0
469 18 0.10937604308128357 0 0
470 18 0.10989687591791153 0 0
471 18 0.11041770875453949 0 0
472 18 0.11093854159116745 0 0
473 18 0.11145937442779541 0 0
474 18 0.11198020726442337 0 0
475 18 0.11250104010105133 0 0
476 18 0.11301837861537933 0 0
477 18 0.11352836340665817 0 0
478 18 0.11403119564056396 0 0
479 18 0.11452705413103104 0 0
480 18 0.11501612514257431 0 1
480 18 0.11501612514257431 0 1
