data/levels/bonus2/level15.stl
1 0 0.009991071186959743 0 0
2 0 0.009991071186959743 0 0
3 0 0.009991071186959743 0 0
4 0 0.009991071186959743 0 0
5 0 0.009991071186959743 0 0
6 0 0.009991071186959743 0 0
7 0 0.009991071186959743 0 0
8 0 0.009991071186959743 0 0
9 0 0.009991071186959743 0 0
10 0 0.009991071186959743 0 0
11 0 0.009991071186959743 0 0
12 0 0.009991071186959743 0 0
13 0 0.009991071186959743 0 0
14 0 0.009991071186959743 0 0
15 0 0.009991071186959743 0 0
16 0 0.009991071186959743 0 0
17 0 0.009991071186959743 0 0
18 0 0.009991071186959743 0 0
19 0 0.009991071186959743 0 0
20 0 0.009991071186959743 0 0
21 2 0.009991071186959743 0 0
22 2 0.010137120261788368 0 0
23 2 0.010289708152413368 0 0
24 2 0.010448834858834743 0 0
25 2 0.010614502243697643 0 0
26 2 0.010786708444356918 0 0
27 2 0.010965454392135143 0 0
28 2 0.011150739155709743 0 0
29 2 0.011342564597725868 0 0
30 2 0.011540927924215794 0 0
31 2 0.011745831929147243 0 0
32 2 0.011957274749875069 0 0
33 0 0.012175257317721844 0 0
34 0 0.012383431196212769 0 0
35 0 0.012581795454025269 0 0
36 0 0.012770350091159344 0 0
37 0 0.012949096038937569 0 0
38 0 0.013118032366037369 0 0
39 0 0.013277160003781319 0 0
40 0 0.013426478020846844 0 0
41 0 0.013565987348556519 0 0
42 0 0.013695687055587769 0 0
43 0 0.013695687055587769 0 0
44 0 0.013695687055587769 0 0
45 0 0.013695687055587769 0 0
46 0 0.013695687055587769 0 0
47 0 0.013695687055587769 0 0
48 0 0.013695687055587769 0 0
49 0 0.013695687055587769 0 0
50 0 0.013695687055587769 0 0
51 0 0.013695687055587769 0 0
52 0 0.013695687055587769 0 0
53 0 0.013695687055587769 0 0
54 0 0.013695687055587769 0 0
55 0 0.013695687055587769 0 0
56 0 0.013695687055587769 0 0
57 0 0.013695687055587769 0 0
58 0 0.013695687055587769 0 0
59 0 0.013695687055587769 0 0
60 0 0.013695687055587769 0 0
61 0 0.013695687055587769 0 0
62 0 0.013695687055587769 0 0
63 2 0.013695687055587769 0 0
64 2 0.013841735199093819 0 0
65 2 0.013994323089718819 0 0
66 2 0.014153450727462769 0 0
67 2 0.014319117181003094 0 0
68 2 0.014491323381662369 0 0
69 2 0.014670069329440594 0 0
70 2 0.014855355024337769 0 0
71 2 0.015047179535031319 0 0
72 2 0.015245543792843819 0 0
73 2 0.015450447797775269 0 0
74 2 0.01566189154982567 0 0
75 2 0.01587987318634987 0 0
76 2 0.01610439643263817 0 0
77 2 0.01633545756340027 0 0
78 2 0.01657305844128132 0 0
79 18 0.01681719906628132 0 0
80 18 0.01706787943840027 0 0
81 18 0.01732509955763817 0 0
82 18 0.01758885756134987 0 0
83 18 0.01785915717482567 0 0
84 18 0.01813599467277527 0 0
85 18 0.01841937191784382 0 0
86 18 0.01870928891003132 0 0
87 2 0.01900574564933777 0 0
88 2 0.01930874213576317 0 0
89 2 0.01961827650666237 0 0
90 2 0.01993435248732567 0 0
91 2 0.02025696635246277 0 0
92 2 0.020686514675617218 0 0
93 2 0.021026568487286568 0 0
94 2 0.021375339478254318 0 0
95 0 0.021732831373810768 0 0
96 0 0.022080514580011368 0 0
97 0 0.022418387234210968 0 0
98 0 0.022746451199054718 0 0
99 0 0.023064706474542618 0 0
100 0 0.02327493578195572 0 0
101 0 0.02357357367873192 0 0
102 0 0.02386239916086197 0 0
103 0 0.02414141781628132 0 0
104 0 0.02441062591969967 0 0
105 0 0.02467002533376217 0 0
106 0 0.02491961605846882 0 0
107 0 0.02515939623117447 0 0
108 0 0.02538936957716942 0 0
109 0 0.02560953050851822 0 0
110 0 0.02581988461315632 0 0
111 0 0.02602042816579342 0 0
112 0 0.02621116302907467 0 0
113 0 0.02639208920300007 0 0
114 0 0.02656320482492447 0 0
115 0 0.02672451362013817 0 0
116 0 0.02687601000070572 0 0
117 0 0.02701769955456257 0 0
118 0 0.02714957855641842 0 0
119 0 0.02727164886891842 0 0
120 0 0.02738391049206257 0 0
121 0 0.02738391049206257 0 0
122 0 0.02738391049206257 0 0
123 0 0.02738391049206257 0 0
124 0 0.02738391049206257 0 0
125 0 0.02738391049206257 0 0
126 0 0.02738391049206257 0 0
127 18 0.02738391049206257 0 0
128 18 0.02752995863556862 0 0
129 18 0.02768254652619362 0 0
130 18 0.02784167416393757 0 0
131 18 0.02800734154880047 0 0
132 18 0.02817954681813717 0 0
133 18 0.02835829369723797 0 0
134 18 0.02854357846081257 0 0
135 18 0.02873540297150612 0 0
136 18 0.02893376722931862 0 0
137 18 0.02913867123425007 0 0
138 18 0.02935011498630047 0 0
139 18 0.02956809662282467 0 0
140 18 0.02979261986911297 0 0
141 18 0.03002368099987507 0 0
142 18 0.03026128187775612 0 0
143 18 0.03050542250275612 0 0
144 2 0.03075610287487507 0 0
145 2 0.03101332299411297 0 0
146 2 0.03127708286046982 0 0
147 2 0.03154737874865532 0 0
148 2 0.03182421997189522 0 0
149 2 0.03210759535431862 0 0
150 2 0.03239751234650612 0 0
151 2 0.03269397094845772 0 0
152 2 0.03299696370959282 0 0
153 2 0.03330650180578232 0 0
154 2 0.03362257406115532 0 0
155 2 0.03394519165158272 0 0
156 2 0.03437473997473717 0 0
157 0 0.03471479192376137 0 0
158 0 0.03504503518342972 0 0
159 0 0.03536546975374222 0 0
160 0 0.03557788208127022 0 0
161 0 0.03587869554758072 0 0
162 0 0.03616970404982567 0 0
163 2 0.03645090013742447 0 0
164 2 0.03673863783478737 0 0
165 2 0.03703291341662407 0 0
166 2 0.03733373060822487 0 0
167 2 0.03764108568429947 0 0
168 2 0.03795498237013817 0 0
169 2 0.03827541694045067 0 0
170 2 0.03831173852086067 0 0
171 2 0.03874564915895462 0 0
172 2 0.03909005969762802 0 0
173 2 0.03944319486618042 0 0
174 2 0.03980504348874092 0 0
175 2 0.04017561674118042 0 0
176 2 0.04055490344762802 0 0
177 2 0.04094291478395462 0 0
178 2 0.04133964329957962 0 0
179 2 0.04174508899450302 0 0
180 2 0.04215925931930542 0 0
181 2 0.04258214309811592 0 0
182 2 0.04301375150680542 0 0
183 2 0.04345407336950302 0 0
184 2 0.04390311986207962 0 0
185 2 0.044196248054504395 0 0
186 2 0.044244080781936646 0 0
187 2 0.04429446533322334 0 0
188 2 0.04429446533322334 0 0
189 2 0.04429446533322334 0 0
190 2 0.04429446533322334 0 0
191 2 0.04429446533322334 0 0
192 2 0.04429446533322334 0 0
193 18 0.04429446533322334 0 0
194 18 0.04429446533322334 0 0
195 18 0.04429446533322334 0 0
196 18 0.04429446533322334 0 0
197 18 0.04429446533322334 0 0
198 18 0.04446667060256004 0 0
199 18 0.04464541748166084 0 0
200 2 0.04483070224523544 0 0
201 2 0.045022524893283844 0 0
202 2 0.045220889151096344 0 0
203 2 0.04542579501867294 0 0
204 2 0.04563723877072334 0 0
205 2 0.04585522413253784 0 0
206 2 0.04607974365353584 0 0
207 2 0.04631080478429794 0 0
208 2 0.04654840752482414 0 0
209 2 0.04679254814982414 0 0
210 2 0.04704322665929794 0 0
211 2 0.04730044677853584 0 0
212 2 0.04756420850753784 0 0
213 2 0.04783450439572334 0 0
214 2 0.04811134189367294 0 0
215 2 0.04839472100138664 0 0
216 2 0.04868463799357414 0 0
217 2 0.04898109287023544 0 0
218 2 0.04928408935666084 0 0
219 2 0.04959362745285034 0 0
220 2 0.04990969970822334 0 0
221 2 0.05000875145196915 0 0
222 2 0.05000875145196915 0 0
223 2 0.05000875145196915 0 0
224 2 0.05000875145196915 0 0
225 18 0.05000875145196915 0 0
226 18 0.05000875145196915 0 0
227 18 0.05000875145196915 0 0
228 18 0.05000875145196915 0 0
229 2 0.05000875145196915 0 0
230 2 0.05018095672130585 0 0
231 2 0.05035970360040665 0 0
232 2 0.05054498836398125 0 0
233 2 0.050736814737319946 0 0
234 2 0.050935178995132446 0 0
235 2 0.05114008113741875 0 0
236 2 0.05135152488946915 0 0
237 2 0.05156950652599335 0 0
238 2 0.05179402977228165 0 0
239 2 0.05202509090304375 0 0
240 2 0.052262693643569946 0 0
241 2 0.052506834268569946 0 0
242 2 0.05275751277804375 0 0
243 2 0.05301473289728165 0 0
244 2 0.0528658963739872 0 0
245 2 0.0528658963739872 0 0
246 2 0.0528658963739872 0 0
247 2 0.0528658963739872 0 0
248 2 0.0528658963739872 0 0
249 2 0.0528658963739872 0 0
250 2 0.0528658963739872 0 0
251 2 0.0528658963739872 0 0
252 2 0.0528658963739872 0 0
253 2 0.0528658963739872 0 0
254 2 0.0528658963739872 0 0
255 2 0.0528658963739872 0 0
256 2 0.0528658963739872 0 0
257 2 0.0528658963739872 0 0
258 2 0.0528658963739872 0 0
259 18 0.0528658963739872 0 0
260 18 0.0528658963739872 0 0
261 18 0.0528658963739872 0 0
262 18 0.0528658963739872 0 0
263 18 0.0528658963739872 0 0
264 18 0.0530381016433239 0 0
265 2 0.0532168485224247 0 0
266 2 0.0534021332859993 0 0
267 2 0.0535939559340477 0 0
268 2 0.0537923201918602 0 0
269 2 0.0539972260594368 0 0
270 2 0.0542086698114872 0 0
271 2 0.0544266514480114 0 0
272 2 0.0546511746942997 0 0
273 2 0.0548822358250618 0 0
274 2 0.0551198348402977 0 0
275 2 0.0553639754652977 0 0
276 2 0.0556146577000618 0 0
277 2 0.0558718778192997 0 0
278 2 0.0561356358230114 0 0
279 2 0.0564059354364872 0 0
280 2 0.0566827729344368 0 0
281 2 0.0569661483168602 0 0
282 2 0.0572560653090477 0 0
283 2 0.0575525239109993 0 0
284 2 0.0578555203974247 0 0
285 2 0.0581650547683239 0 0
286 2 0.0584811307489872 0 0
287 2 0.0588037446141243 0 0
288 2 0.05923328921198845 0 0
289 2 0.05957334116101265 0 0
290 2 0.05992211401462555 0 0
291 2 0.06027960777282715 0 0
292 2 0.06064581871032715 0 0
293 2 0.06102074682712555 0 0
294 2 0.06140439584851265 0 0
295 2 0.06179676577448845 0 0
296 2 0.06219785287976265 0 0
297 2 0.06260766088962555 0 0
298 2 0.06302618980407715 0 0
299 2 0.06345343589782715 0 0
300 2 0.06388939917087555 0 0
301 2 0.06433408707380295 0 0
302 2 0.06478749215602875 0 0
303 2 0.06523391604423523 0 0
304 2 0.06568034738302231 0 0
305 2 0.06612677127122879 0 0
306 2 0.06657320261001587 0 0
307 18 0.06701963394880295 0 0
308 18 0.06746605783700943 0 0
309 18 0.06791248917579651 0 0
310 18 0.06835892051458359 0 0
311 18 0.06880534440279007 0 0
312 18 0.06925177574157715 0 0
313 18 0.06969819962978363 0 0
314 18 0.07014463096857071 0 0
315 18 0.07059106230735779 0 0
316 18 0.07103748619556427 0 0
317 18 0.07148391753435135 0 0
318 18 0.07193034887313843 0 0
319 2 0.07237677276134491 0 0
320 2 0.07282320410013199 0 0
321 2 0.07326962798833847 0 0
322 2 0.07371605932712555 0 0
323 2 0.07416249066591263 0 0
324 2 0.07460891455411911 0 0
325 2 0.07505534589290619 0 0
326 2 0.07550177723169327 0 0
327 2 0.07594820111989975 0 0
328 2 0.07639463245868683 0 0
329 2 0.07684106379747391 0 0
330 2 0.07728748768568039 0 0
331 2 0.07773391902446747 0 0
332 2 0.07818034291267395 0 0
333 2 0.07862677425146103 0 0
334 2 0.07907320559024811 0 0
335 2 0.07951962947845459 0 0
336 2 0.07996606081724167 0 0
337 2 0.08041249215602875 0 0
338 2 0.08085891604423523 0 0
339 2 0.08130534738302231 0 0
340 2 0.08175177127122879 0 0
341 2 0.08219820261001587 0 0
342 2 0.08264463394880295 0 0
343 0 0.08309105783700943 0 0
344 0 0.08352767676115036 0 0
345 0 0.08395449072122574 0 0
346 0 0.08437149226665497 0 0
347 0 0.08477868139743805 0 0
348 0 0.08517606556415558 0 0
349 0 0.08556363731622696 0 0
350 0 0.08594140410423279 0 0
351 0 0.08630935847759247 0 0
352 0 0.086667500436306 0 0
353 0 0.08701583743095398 0 0
354 0 0.08735436946153641 0 0
355 0 0.08768308162689209 0 0
356 0 0.08800198882818222 0 0
357 0 0.08821287751197815 0 0
358 1 0.08851216733455658 0 0
359 1 0.08879511058330536 0 0
360 1 0.08906497061252594 0 0
361 1 0.08932175487279892 0 0
362 1 0.0895654633641243 0 0
363 1 0.08979608863592148 0 0
364 1 0.09001363813877106 0 0
365 1 0.09021810442209244 0 0
366 1 0.09040949493646622 0 0
367 1 0.0905878022313118 0 0
368 1 0.09075303375720978 0 0
369 1 0.09090518206357956 0 0
370 1 0.09104425460100174 0 0
371 1 0.09089820832014084 0 0
372 1 0.09074562042951584 0 0
373 1 0.09058649092912674 0 0
374 1 0.09042082726955414 0 0
375 1 0.09024862200021744 0 0
376 1 0.09006987512111664 0 0
377 1 0.08988458663225174 0 0
378 1 0.08969276398420334 0 0
379 1 0.08949439972639084 0 0
380 1 0.08928949385881424 0 0
381 1 0.08907805383205414 0 0
382 1 0.08886007219552994 0 0
383 1 0.08863554894924164 0 0
384 1 0.08840448409318924 0 0
385 1 0.08816688507795334 0 0
386 0 0.08792274445295334 0 0
387 0 0.08768841624259949 0 0
388 0 0.08746389299631119 0 0
389 0 0.08724917471408844 0 0
390 0 0.08704427629709244 0 0
391 0 0.08684918284416199 0 0
392 0 0.08666389435529709 0 0
393 0 0.08648841828107834 0 0
394 0 0.08632275462150574 0 0
395 0 0.08616689592599869 0 0
396 0 0.08602084219455719 0 0
397 0 0.08588460832834244 0 0
398 0 0.08588460832834244 0 0
399 0 0.08588460832834244 0 0
400 0 0.08588460832834244 0 0
401 0 0.08588460832834244 0 0
402 0 0.08588460832834244 0 0
403 0 0.08588460832834244 0 0
404 0 0.08588460832834244 0 0
405 0 0.08588460832834244 0 0
406 0 0.08588460832834244 0 0
407 0 0.08588460832834244 0 0
408 0 0.08588460832834244 0 0
409 0 0.08588460832834244 0 0
410 0 0.08588460832834244 0 0
411 0 0.08588460832834244 0 0
412 0 0.08588460832834244 0 0
413 0 0.08588460832834244 0 0
414 0 0.08588460832834244 0 0
415 0 0.08588460832834244 0 0
416 0 0.08588460832834244 0 0
417 18 0.08588460832834244 0 0
418 18 0.08603065460920334 0 0
419 18 0.08618324249982834 0 0
420 18 0.08634237200021744 0 0
421 18 0.08650803565979004 0 0
422 18 0.08668024092912674 0 0
423 18 0.08685898780822754 0 0
424 18 0.08704427629709244 0 0
425 18 0.08723609894514084 0 0
426 18 0.08743446320295334 0 0
427 18 0.08763936907052994 0 0
428 18 0.08785080909729004 0 0
429 18 0.08806879073381424 0 0
430 18 0.08829331398010254 0 0
431 18 0.08852437883615494 0 0
432 18 0.08876197785139084 0 0
433 18 0.08900611847639084 0 0
434 18 0.08925680071115494 0 0
435 18 0.08951401710510254 0 0
436 18 0.08977777510881424 0 0
437 18 0.09004807472229004 0 0
438 18 0.09032491594552994 0 0
439 18 0.09060829132795334 0 0
440 18 0.09089820832014084 0 0
441 2 0.09119466692209244 0 0
442 2 0.09149765968322754 0 0
443 2 0.09180719405412674 0 0
444 2 0.09212327003479004 0 0
445 2 0.09244588762521744 0 0
446 2 0.09287542849779129 0 0
447 2 0.09321548789739609 0 0
448 2 0.09356425702571869 0 0
449 2 0.09392175078392029 0 0
450 2 0.09428796172142029 0 0
451 2 0.09466288983821869 0 0
452 2 0.09578737616539001 0 0
453 2 0.09617974609136581 0 0
454 2 0.09658083319664001 0 0
455 2 0.09699063748121262 0 0
456 2 0.09740916639566422 0 0
457 2 0.09783641248941422 0 0
458 2 0.09827237576246262 0 0
459 2 0.09871706366539001 0 0
460 2 0.09917046874761581 0 0
461 2 0.0996168926358223 0 0
462 2 0.10006332397460938 0 0
463 2 0.10050975531339645 0 0
464 2 0.10095617920160294 0 0
465 2 0.10140261054039001 0 0
466 2 0.1018490418791771 0 0
467 2 0.10229546576738358 0 0
468 2 0.10274189710617065 0 0
469 2 0.10318832099437714 0 0
470 2 0.10363475233316422 0 0
471 2 0.1040811836719513 0 0
472 2 0.10452760756015778 0 0
473 2 0.10497403889894485 0 0
474 2 0.10542047023773193 0 0
475 2 0.10586689412593842 0 0
476 2 0.1063133254647255 0 0
477 2 0.10675974935293198 0 0
478 2 0.10720618069171906 0 0
479 2 0.10765261203050613 0 0
480 2 0.10809903591871262 0 0
481 2 0.1085454672574997 0 0
482 2 0.10899189859628677 0 0
483 2 0.10943832248449326 0 0
484 2 0.10988475382328033 0 0
485 2 0.11033117771148682 0 0
486 2 0.1107776090502739 0 0
487 2 0.11122404038906097 0 0
488 2 0.11167046427726746 0 0
489 2 0.11211689561605453 0 0
490 2 0.11256332695484161 0 0
491 2 0.1130097508430481 0 0
492 2 0.11345618218183517 0 0
493 2 0.11390260607004166 0 0
494 2 0.11434903740882874 0 0
495 2 0.11479546874761581 0 0
496 2 0.1152418926358223 0 0
497 2 0.11568832397460938 0 0
498 2 0.11613475531339645 0 0
499 2 0.11658117920160294 0 0
500 2 0.11702761054039001 0 0
501 2 0.1174740418791771 0 0
502 2 0.11792046576738358 0 0
503 2 0.11836689710617065 0 0
504 2 0.11881332099437714 0 0
505 2 0.11925975233316422 0 0
506 2 0.1197061836719513 0 0
507 2 0.12015260756015778 0 0
508 2 0.12059903889894485 0 0
509 2 0.12104547023773193 0 0
510 2 0.12149189412593842 0 0
511 2 0.1219383254647255 0 0
512 2 0.12238474935293198 0 0
513 2 0.12283118069171906 0 0
514 2 0.12327761203050613 0 0
515 2 0.12372403591871262 0 0
516 2 0.1241704672574997 0 0
517 2 0.12461689859628677 0 0
518 2 0.12506332993507385 0 0
519 2 0.12550975382328033 0 0
520 2 0.12595617771148682 0 0
521 2 0.1264026165008545 0 0
522 2 0.12684904038906097 0 0
523 2 0.12729546427726746 0 0
524 2 0.12774188816547394 0 0
525 2 0.1281883269548416 0 0
526 2 0.1286347508430481 0 0
527 2 0.12908117473125458 0 0
528 2 0.12952761352062225 0 0
529 2 0.12997403740882874 0 0
530 2 0.13042046129703522 0 0
531 2 0.1308669000864029 0 0
532 2 0.13131332397460938 0 0
533 2 0.13175974786281586 0 0
534 2 0.13220618665218353 0 0
535 2 0.13265261054039001 0 0
536 2 0.1330990344285965 0 0
537 2 0.13354547321796417 0 0
538 2 0.13399189710617065 0 0
539 2 0.13443832099437714 0 0
540 2 0.1348847597837448 0 0
541 2 0.1353311836719513 0 0
542 2 0.13577760756015778 0 0
543 2 0.13622403144836426 0 0
544 2 0.13667047023773193 0 0
545 2 0.13711689412593842 0 0
546 2 0.1375633180141449 0 0
547 0 0.13800975680351257 0 0
548 0 0.1384463757276535 0 0
549 2 0.1388731747865677 0 0
550 2 0.13930870592594147 0 0
551 18 0.13975295424461365 0 0
552 18 0.14020593464374542 0 0
553 18 0.1406523585319519 0 0
554 18 0.1410987824201584 0 0
555 18 0.14154522120952606 0 0
556 18 0.14199164509773254 0 0
557 18 0.14243806898593903 0 0
558 18 0.1428844928741455 0 0
559 18 0.14333093166351318 0 0
560 18 0.14377735555171967 0 0
561 18 0.14422377943992615 0 0
562 18 0.14467021822929382 0 0
563 2 0.1451166421175003 0 0
564 2 0.1455630660057068 0 0
565 2 0.14600950479507446 0 0
566 2 0.14645592868328094 0 0
567 2 0.14690235257148743 0 0
568 0 0.1473487913608551 0 0
569 0 0.14778541028499603 0 0
570 0 0.14821220934391022 0 0
571 1 0.14862921833992004 0 0
572 1 0.14903314411640167 0 0
573 1 0.1494239866733551 0 0
574 1 0.14980174601078033 0 0
575 1 0.15016643702983856 0 0
576 1 0.1505180299282074 0 0
577 1 0.15085656940937042 0 0
578 1 0.15118201076984406 0 0
579 1 0.15149438381195068 0 0
580 1 0.15169546008110046 0 0
581 1 0.1519816666841507 0 0
582 1 0.15225480496883392 0 0
583 1 0.15251486003398895 0 0
584 1 0.15276183187961578 0 0
585 1 0.15299572050571442 0 0
586 1 0.15321654081344604 0 0
587 1 0.15342427790164948 0 0
588 1 0.1536189317703247 0 0
589 1 0.15380051732063293 0 0
590 1 0.15396901965141296 0 0
591 0 0.1541244387626648 0 0
592 0 0.15427005290985107 0 0
593 0 0.1544058620929718 0 0
594 0 0.15453185141086578 0 0
595 0 0.1546480357646942 0 0
596 0 0.1547544151544571 0 0
597 0 0.15485097467899323 0 0
598 0 0.1549377292394638 0 0
599 0 0.15501467883586884 0 0
600 0 0.1550818234682083 0 0
601 0 0.15513914823532104 0 0
602 0 0.15518666803836823 0 0
603 0 0.15522438287734985 0 0
604 0 0.15525227785110474 0 0
605 0 0.15527036786079407 0 0
606 0 0.15527865290641785 0 0
607 0 0.15527713298797607 0 0
608 0 0.15528541803359985 0 0
609 1 0.15528541803359985 0 0
610 1 0.15513937175273895 0 0
611 1 0.15498678386211395 0 0
612 0 0.15482765436172485 0 0
613 0 0.1546783298254013 0 0
614 0 0.1545388251543045 0 0
615 0 0.15440912544727325 0 0
616 0 0.15440912544727325 0 0
617 0 0.15440912544727325 0 0
618 0 0.15440912544727325 0 0
619 0 0.15440912544727325 0 0
620 0 0.15440912544727325 0 0
621 0 0.15440912544727325 0 0
622 0 0.15440912544727325 0 0
623 0 0.15440912544727325 0 0
624 0 0.15440912544727325 0 0
625 0 0.15440912544727325 0 0
626 0 0.15440912544727325 0 0
627 0 0.15440912544727325 0 0
628 0 0.15440912544727325 0 0
629 2 0.15440912544727325 0 0
630 2 0.15455517172813416 0 0
631 2 0.15470775961875916 0 0
632 18 0.15486688911914825 0 0
633 18 0.15503256022930145 0 0
634 18 0.15520475804805756 0 0
635 18 0.15538351237773895 0 0
636 18 0.15556879341602325 0 0
637 18 0.15576061606407166 0 0
638 18 0.15595898032188416 0 0
639 18 0.15616388618946075 0 0
640 18 0.15637533366680145 0 0
641 18 0.15659330785274506 0 0
642 18 0.15681783854961395 0 0
643 18 0.15704889595508575 0 0
644 18 0.15728649497032166 0 0
645 2 0.15753063559532166 0 0
646 2 0.15778131783008575 0 0
647 0 0.15803854167461395 0 0
648 0 0.1582859456539154 0 0
649 2 0.1585235446691513 0 0
650 2 0.1587676852941513 0 0
651 2 0.1590183675289154 0 0
652 2 0.1592755913734436 0 0
653 2 0.1595393419265747 0 0
654 0 0.1598096489906311 0 0
655 0 0.16007013618946075 0 0
656 0 0.16032081842422485 0 0
657 0 0.1605616807937622 0 0
658 0 0.1607927531003952 0 0
659 0 0.16101400554180145 0 0
660 0 0.16122543811798096 0 0
661 0 0.1614270806312561 0 0
662 0 0.1616189032793045 0 0
663 0 0.16180092096328735 0 0
664 0 0.16197311878204346 0 0
665 2 0.1621355265378952 0 0
666 2 0.16230446100234985 0 0
667 2 0.1624799370765686 0 0
668 2 0.16266195476055145 0 0
669 0 0.1628504991531372 0 0
670 0 0.1630292534828186 0 0
671 0 0.16319818794727325 0 0
672 0 0.16335731744766235 0 0
673 0 0.1635066270828247 0 0
674 0 0.1636461466550827 0 0
675 0 0.16377584636211395 0 0
676 0 0.16389572620391846 0 0
677 0 0.1640058159828186 0 0
678 0 0.164106085896492 0 0
679 0 0.16419655084609985 0 0
680 0 0.16427719593048096 0 0
681 0 0.16427719593048096 0 0
682 0 0.16427719593048096 0 0
683 2 0.16427719593048096 0 0
684 2 0.16442325711250305 0 0
685 2 0.16457584500312805 0 0
686 2 0.16473495960235596 0 0
687 2 0.16490063071250916 0 0
688 2 0.16507284343242645 0 0
689 2 0.16525158286094666 0 0
690 2 0.16543686389923096 0 0
691 2 0.16562870144844055 0 0
692 2 0.16582706570625305 0 0
693 2 0.16603195667266846 0 0
694 2 0.16624340415000916 0 0
695 2 0.16646139323711395 0 0
696 2 0.16668590903282166 0 0
697 18 0.16691696643829346 0 0
698 18 0.16715458035469055 0 0
699 18 0.16739872097969055 0 0
700 18 0.16764938831329346 0 0
701 18 0.16790661215782166 0 0
702 18 0.16817037761211395 0 0
703 18 0.16844066977500916 0 0
704 18 0.16871750354766846 0 0
705 18 0.16900089383125305 0 0
706 18 0.16929081082344055 0 0
707 18 0.16958725452423096 0 0
708 18 0.16989025473594666 0 0
709 18 0.17019979655742645 0 0
710 18 0.17051586508750916 0 0
711 18 0.17083847522735596 0 0
712 18 0.171268031001091 0 0
713 18 0.1716080754995346 0 0
714 18 0.1719568520784378 0 0
715 18 0.1723143458366394 0 0
716 18 0.1726805567741394 0 0
717 18 0.1730554848909378 0 0
718 18 0.1734391301870346 0 0
719 18 0.173831507563591 0 0
720 2 0.1742325872182846 0 0
721 2 0.1746423989534378 0 0
722 2 0.1750609278678894 0 0
723 2 0.1754881739616394 0 0
724 2 0.1759241372346878 0 0
725 0 0.1763688176870346 0 0
726 0 0.17680369317531586 0 0
727 0 0.17722876369953156 0 0
728 0 0.1776440143585205 0 0
729 0 0.1780494749546051 0 0
730 0 0.17844510078430176 0 0
731 0 0.17883093655109406 0 0
732 0 0.1792069524526596 0 0
733 0 0.1795731633901596 0 0
734 0 0.17992956936359406 0 0
735 0 0.18027615547180176 0 0
736 0 0.1806129515171051 0 0
737 0 0.1809399127960205 0 0
738 0 0.18125708401203156 0 0
739 0 0.1814662218093872 0 0
740 0 0.18176376819610596 0 0
741 2 0.18205150961875916 0 0
742 2 0.18234579265117645 0 0
743 2 0.18264660239219666 0 0
744 2 0.18295396864414215 0 0
745 2 0.18326786160469055 0 0
746 2 0.18358829617500305 0 0
747 2 0.18391527235507965 0 0
748 2 0.1843491643667221 0 0
749 2 0.1846935749053955 0 0
750 2 0.1850467175245285 0 0
751 2 0.1854085624217987 0 0
752 2 0.1857791393995285 0 0
753 2 0.1861584186553955 0 0
754 2 0.1865464299917221 0 0
755 2 0.1869431585073471 0 0
756 2 0.1873486042022705 0 0
757 2 0.1877627819776535 0 0
758 2 0.1881856620311737 0 0
759 2 0.1886172741651535 0 0
760 2 0.1890575885772705 0 0
761 2 0.1895066350698471 0 0
762 2 0.18995307385921478 0 0
763 2 0.19039949774742126 0 0
764 2 0.19084592163562775 0 0
765 2 0.19129236042499542 0 0
766 2 0.1917387843132019 0 0
767 2 0.1921852082014084 0 0
768 18 0.19263164699077606 0 0
769 18 0.19307807087898254 0 0
770 18 0.19352449476718903 0 0
771 18 0.1939709186553955 0 0
772 18 0.19441735744476318 0 0
773 18 0.19486378133296967 0 0
774 18 0.19531020522117615 0 0
775 18 0.19575664401054382 0 0
776 18 0.1962030678987503 0 0
777 18 0.1966494917869568 0 0
778 2 0.19709593057632446 0 0
779 0 0.19754235446453094 0 0
780 0 0.19797897338867188 0 0
781 0 0.19840578734874725 0 0
782 0 0.1988227814435959 0 0
783 0 0.19922997057437897 0 0
784 0 0.1996273547410965 0 0
785 0 0.20001493394374847 0 0
786 0 0.2003926932811737 0 0
787 0 0.2007606476545334 0 0
788 0 0.20111879706382751 0 0
789 0 0.2014671266078949 0 0
790 0 0.20180566608905792 0 0
791 0 0.202134370803833 0 0
792 0 0.20245328545570374 0 0
793 0 0.20266418159008026 0 0
794 0 0.2029634714126587 0 0
795 0 0.20325295627117157 0 0
796 0 0.2035326212644577 0 0
797 0 0.20380249619483948 0 0
798 0 0.2040625363588333 0 0
799 1 0.2043127864599228 0 0
800 1 0.20454995334148407 0 0
801 1 0.20477403700351715 0 0
802 1 0.20498505234718323 0 0
803 0 0.2051829695701599 0 0
804 0 0.20537109673023224 0 0
805 0 0.20554940402507782 0 0
806 0 0.20571790635585785 0 0
807 0 0.20587658882141113 0 0
808 0 0.20602548122406006 0 0
809 0 0.20616455376148224 0 0
810 0 0.20616455376148224 0 0
811 0 0.20616455376148224 0 0
812 0 0.20616455376148224 0 0
813 0 0.20616455376148224 0 0
814 0 0.20616455376148224 0 0
815 0 0.20616455376148224 0 0
816 0 0.20616455376148224 0 0
817 0 0.20616455376148224 0 0
818 0 0.20616455376148224 0 0
819 0 0.20616455376148224 0 0
820 0 0.20616455376148224 0 0
821 2 0.20616455376148224 0 0
822 2 0.20631060004234314 0 0
823 2 0.20646318793296814 0 0
824 2 0.20662231743335724 0 0
825 2 0.20678798854351044 0 0
826 2 0.20696018636226654 0 0
827 2 0.20713894069194794 0 0
828 2 0.20732422173023224 0 0
829 2 0.20751604437828064 0 0
830 2 0.20771440863609314 0 0
831 2 0.20791931450366974 0 0
832 2 0.20813076198101044 0 0
833 2 0.20834873616695404 0 0
834 18 0.20857326686382294 0 0
835 18 0.20880432426929474 0 0
836 18 0.20904192328453064 0 0
837 18 0.20928606390953064 0 0
838 18 0.20953674614429474 0 0
839 18 0.20979396998882294 0 0
840 18 0.21005772054195404 0 0
841 18 0.21032802760601044 0 0
842 18 0.21060486137866974 0 0
843 18 0.21088823676109314 0 0
844 18 0.21117815375328064 0 0
845 18 0.21147461235523224 0 0
846 18 0.21177761256694794 0 0
847 18 0.21208713948726654 0 0
848 18 0.21240322291851044 0 0
849 18 0.21272583305835724 0 0
850 18 0.2131553590297699 0 0
851 18 0.2134954184293747 0 0
852 18 0.2138441950082779 0 0
853 18 0.2142016887664795 0 0
854 18 0.2145678997039795 0 0
855 2 0.2149428278207779 0 0
856 2 0.2153264731168747 0 0
857 2 0.2157188355922699 0 0
858 2 0.2161199301481247 0 0
859 2 0.2165297418832779 0 0
860 2 0.2169482707977295 0 0
861 2 0.2173755168914795 0 0
862 2 0.2178114801645279 0 0
863 0 0.2182561606168747 0 0
864 0 0.21869103610515594 0 0
865 0 0.21911610662937164 0 0
866 0 0.2195313572883606 0 0
867 0 0.219936802983284 0 0
868 0 0.22033244371414185 0 0
869 0 0.22071827948093414 0 0
870 0 0.2210942953824997 0 0
871 0 0.2214605063199997 0 0
872 0 0.22181691229343414 0 0
873 0 0.22216349840164185 0 0
874 0 0.222500279545784 0 0
875 0 0.2228272557258606 0 0
876 0 0.22314442694187164 0 0
877 0 0.2233535796403885 0 0
878 0 0.22365112602710724 0 0
879 0 0.22393886744976044 0 0
880 0 0.2242167890071869 0 0
881 1 0.2244849056005478 0 0
882 1 0.2247399538755417 0 0
883 1 0.2249819040298462 0 0
884 1 0.2252107858657837 0 0
885 1 0.2254265993833542 0 0
886 1 0.2256293147802353 0 0
887 1 0.2258189618587494 0 0
888 0 0.2259955257177353 0 0
889 0 0.22616228461265564 0 0
890 0 0.22631923854351044 0 0
891 0 0.2264663726091385 0 0
892 0 0.226603701710701 0 0
893 0 0.226603701710701 0 0
894 0 0.226603701710701 0 0
895 1 0.226603701710701 0 0
896 1 0.2264576554298401 0 0
897 1 0.2263050675392151 0 0
898 1 0.226145938038826 0 0
899 1 0.2259802669286728 0 0
900 1 0.2258080691099167 0 0
901 1 0.2256293147802353 0 0
902 0 0.225444033741951 0 0
903 0 0.22526855766773224 0 0
904 0 0.22510288655757904 0 0
905 0 0.2249470353126526 0 0
906 0 0.2248009890317917 0 0
907 0 0.22466474771499634 0 0
908 0 0.22466474771499634 0 0
909 0 0.22466474771499634 0 0
910 0 0.22466474771499634 0 0
911 0 0.22466474771499634 0 0
912 0 0.22466474771499634 0 0
913 0 0.22466474771499634 0 0
914 2 0.22466474771499634 0 0
915 2 0.22481079399585724 0 0
916 2 0.22496338188648224 0 0
917 2 0.22512251138687134 0 0
918 2 0.22528816759586334 0 0
919 2 0.22546038031578064 0 0
920 2 0.22563911974430084 0 0
921 2 0.22582441568374634 0 0
922 2 0.22601623833179474 0 0
923 2 0.22621460258960724 0 0
924 2 0.22641950845718384 0 0
925 2 0.22663094103336334 0 0
926 2 0.22684893012046814 0 0
927 18 0.22707344591617584 0 0
928 18 0.22730451822280884 0 0
929 18 0.22754211723804474 0 0
930 18 0.22778625786304474 0 0
931 18 0.22803694009780884 0 0
932 18 0.22829414904117584 0 0
933 18 0.22855791449546814 0 0
934 18 0.22882820665836334 0 0
935 18 0.22910505533218384 0 0
936 18 0.22938843071460724 0 0
937 18 0.22967834770679474 0 0
938 18 0.22997480630874634 0 0
939 18 0.23027779161930084 0 0
940 18 0.23058733344078064 0 0
941 18 0.23090340197086334 0 0
942 18 0.23122602701187134 0 0
943 18 0.231655552983284 0 0
944 18 0.2319956123828888 0 0
945 18 0.232344388961792 0 0
946 18 0.2327018678188324 0 0
947 18 0.2330680787563324 0 0
948 18 0.233443021774292 0 0
949 2 0.2338266670703888 0 0
950 2 0.234219029545784 0 0
951 2 0.2346201241016388 0 0
952 2 0.235029935836792 0 0
953 0 0.2354484498500824 0 0
954 0 0.23585717380046844 0 0
955 0 0.23625607788562775 0 0
956 0 0.2366451770067215 0 0
957 0 0.2370244711637497 0 0
958 0 0.23739394545555115 0 0
959 0 0.23775362968444824 0 0
960 0 0.2381034791469574 0 0
961 0 0.2384435385465622 0 0
962 0 0.23877377808094025 0 0
963 0 0.23909421265125275 0 0
964 0 0.23930664360523224 0 0
965 0 0.23960745334625244 0 0
966 0 0.2398984581232071 0 0
967 0 0.2401796579360962 0 0
968 0 0.24045105278491974 0 0
969 0 0.24071262776851654 0 0
970 0 0.2409643977880478 0 0
971 0 0.2412063628435135 0 0
972 0 0.24143733084201813 0 0
973 0 0.24143733084201813 0 0
974 0 0.24164986610412598 0 0
975 0 0.24185259640216827 0 0
976 0 0.24204550683498383 0 0
977 0 0.24222861230373383 0 0
978 0 0.24240191280841827 0 0
979 0 0.24256539344787598 0 0
980 0 0.24271906912326813 0 0
981 0 0.24286293983459473 0 0
982 0 0.24299700558185577 0 0
983 0 0.24312125146389008 0 0
984 2 0.24323569238185883 0 0
985 2 0.24338173866271973 0 0
986 2 0.24353432655334473 0 0
987 2 0.24369345605373383 0 0
988 2 0.24385912716388702 0 0
989 2 0.24403132498264313 0 0
990 2 0.24421007931232452 0 0
991 2 0.24439536035060883 0 0
992 2 0.24458718299865723 0 0
993 2 0.24478554725646973 0 0
994 2 0.24499045312404633 0 0
995 2 0.24520190060138702 0 0
996 2 0.24541987478733063 0 0
997 2 0.24564440548419952 0 0
998 2 0.24587546288967133 0 0
999 18 0.24611306190490723 0 0
1000 18 0.24635720252990723 0 0
1001 18 0.24660788476467133 0 0
1002 18 0.24686510860919952 0 0
1003 18 0.24712885916233063 0 0
1004 18 0.24739916622638702 0 0
1005 18 0.24767599999904633 0 0
1006 18 0.24795937538146973 0 0
1007 18 0.24824929237365723 0 0
1008 18 0.24854575097560883 0 0
1009 18 0.24884875118732452 0 0
1010 18 0.24915827810764313 0 0
1011 2 0.24947436153888702 0 0
1012 2 0.24979697167873383 0 0
1013 2 0.2502264976501465 0 0
1014 2 0.2505665719509125 0 0
1015 2 0.2509153187274933 0 0
1016 2 0.2512728273868561 0 0
1017 2 0.2516390383243561 0 0
1018 2 0.2520139515399933 0 0
1019 2 0.2523976266384125 0 0
1020 2 0.2527899742126465 0 0
1021 0 0.2531910836696625 0 0
1022 0 0.2535823583602905 0 0
1023 0 0.253963828086853 0 0
1024 0 0.25433549284935 0 0
1025 0 0.254697322845459 0 0
1026 0 0.25504937767982483 0 0
1027 0 0.25539159774780273 0 0
1028 0 0.2557240426540375 0 0
1029 0 0.2560466527938843 0 0
1030 0 0.2563594579696655 0 0
1031 0 0.2565642297267914 0 0
1032 0 0.25685742497444153 0 0
1033 0 0.2571408152580261 0 0
1034 0 0.2574143707752228 0 0
1035 0 0.2576781213283539 0 0
1036 0 0.2579320967197418 0 0
1037 0 0.2581762373447418 0 0
1038 0 0.2584105432033539 0 0
1039 0 0.2586350739002228 0 0
1040 0 0.2588497996330261 0 0
1041 0 0.25905469059944153 0 0
1042 0 0.2592497766017914 0 0
1043 0 0.25943508744239807 0 0
1044 0 0.2596105635166168 0 0
1045 0 0.25977620482444763 0 0
1046 0 0.2599320709705353 0 0
1047 2 0.2600781321525574 0 0
1048 2 0.2602307200431824 0 0
1049 2 0.2603898346424103 0 0
1050 2 0.2605555057525635 0 0
1051 2 0.2607277035713196 0 0
1052 2 0.260906457901001 0 0
1053 2 0.2610917389392853 0 0
1054 2 0.2612835764884949 0 0
1055 2 0.2614819407463074 0 0
1056 2 0.2616868317127228 0 0
1057 2 0.2618982791900635 0 0
1058 2 0.2621162533760071 0 0
1059 2 0.262340784072876 0 0
1060 2 0.2625718414783478 0 0
1061 2 0.2628094553947449 0 0
1062 2 0.2630535960197449 0 0
1063 2 0.2633042633533478 0 0
1064 2 0.263561487197876 0 0
1065 18 0.2638252377510071 0 0
1066 18 0.2640955448150635 0 0
1067 18 0.2643723785877228 0 0
1068 18 0.2646557688713074 0 0
1069 18 0.2649456858634949 0 0
1070 18 0.2652421295642853 0 0
1071 18 0.265545129776001 0 0
1072 18 0.2658546566963196 0 0
1073 18 0.2661707401275635 0 0
1074 18 0.2664933502674103 0 0
1075 18 0.26692289113998413 0 0
1076 18 0.26726293563842773 0 0
1077 18 0.26761171221733093 0 0
1078 18 0.2679692208766937 0 0
1079 18 0.2683354318141937 0 0
1080 18 0.26871034502983093 0 0
1081 18 0.26909399032592773 0 0
1082 18 0.26948636770248413 0 0
1083 18 0.26988744735717773 0 0
1084 18 0.27029725909233093 0 0
1085 18 0.2707158029079437 0 0
1086 18 0.2711430490016937 0 0
1087 2 0.27157899737358093 0 0
1088 2 0.27202367782592773 0 0
1089 2 0.27247709035873413 0 0
1090 2 0.2729235291481018 0 0
1091 2 0.2733699381351471 0 0
1092 2 0.27381637692451477 0 0
1093 2 0.27426281571388245 0 0
1094 2 0.27470922470092773 0 0
1095 2 0.2751556634902954 0 0
1096 2 0.2756021022796631 0 0
1097 2 0.2760485112667084 0 0
1098 2 0.27649495005607605 0 0
1099 2 0.2769413888454437 0 0
1100 2 0.277387797832489 0 0
1101 2 0.2778342366218567 0 0
1102 2 0.27828067541122437 0 0
1103 0 0.27872708439826965 0 0
1104 0 0.2791637182235718 0 0
1105 0 0.27959051728248596 0 0
1106 0 0.2800075113773346 0 0
1107 0 0.2804147005081177 0 0
1108 0 0.2808120846748352 0 0
1109 0 0.2811996638774872 0 0
1110 0 0.2815774381160736 0 0
1111 0 0.2819453775882721 0 0
1112 0 0.2823035418987274 0 0
1113 0 0.2826518714427948 0 0
1114 0 0.28299039602279663 0 0
1115 0 0.2833191156387329 0 0
1116 0 0.28363803029060364 0 0
1117 0 0.28384891152381897 0 0
1118 0 0.2841482162475586 0 0
1119 0 0.2844376862049103 0 0
1120 0 0.2847173511981964 0 0
1121 0 0.2849872410297394 0 0
1122 0 0.285247266292572 0 0
1123 0 0.2854975163936615 0 0
1124 0 0.2857379615306854 0 0
1125 0 0.2859685719013214 0 0
1126 0 0.28618940711021423 0 0
1127 0 0.2864004075527191 0 0
1128 16 0.28660160303115845 0 0
1129 18 0.2867929935455322 0 0
1130 18 0.2869909107685089 0 0
1131 18 0.2871953845024109 0 0
1132 18 0.28740638494491577 0 0
1133 18 0.28762394189834595 0 0
1134 18 0.28784802556037903 0 0
1135 18 0.2880786657333374 0 0
1136 18 0.2883158326148987 0 0
1137 18 0.28855952620506287 0 0
1138 18 0.28880977630615234 0 0
1139 2 0.2890665531158447 0 0
1140 2 0.2893298864364624 0 0
1141 2 0.289599746465683 0 0
1142 2 0.28987613320350647 0 0
1143 2 0.29015907645225525 0 0
1144 2 0.2904485762119293 0 0
1145 0 0.2907445728778839 0 0
1146 0 0.29103079438209534 0 0
1147 0 0.2913072109222412 0 0
1148 0 0.29157379269599915 0 0
1149 0 0.29183056950569153 0 0
1150 0 0.29207754135131836 0 0
1151 0 0.29231470823287964 0 0
1152 0 0.29254207015037537 0 0
1153 0 0.29275962710380554 0 0
1154 0 0.2929673492908478 0 0
1155 0 0.29316529631614685 0 0
1156 0 0.293353408575058 0 0
1157 0 0.29353171586990356 0 0
1158 0 0.2937002182006836 0 0
1159 0 0.29385891556739807 0 0
1160 0 0.2940077781677246 0 0
1161 0 0.294146865606308 0 0
1162 0 0.2942761182785034 0 0
1163 0 0.2943955659866333 0 0
1164 0 0.29450520873069763 0 0
1165 0 0.2946050465106964 0 0
1166 0 0.29469507932662964 0 0
1167 2 0.2947753071784973 0 0
1168 2 0.294921338558197 0 0
1169 2 0.295073926448822 0 0
1170 2 0.2952330708503723 0 0
1171 2 0.2953987419605255 0 0
1172 2 0.2955709397792816 0 0
1173 2 0.295749694108963 0 0
1174 2 0.2959349751472473 0 0
1175 2 0.2961267828941345 0 0
1176 2 0.296325147151947 0 0
1177 2 0.2965300679206848 0 0
1178 2 0.2967415153980255 0 0
1179 2 0.2969594895839691 0 0
1180 2 0.297184020280838 0 0
1181 2 0.2974150776863098 0 0
1182 2 0.2976526618003845 0 0
1183 2 0.2978968024253845 0 0
1184 2 0.2981474995613098 0 0
1185 2 0.298404723405838 0 0
1186 2 0.2986684739589691 0 0
1187 2 0.2989387810230255 0 0
1188 2 0.2992156147956848 0 0
1189 2 0.299498975276947 0 0
1190 2 0.2997888922691345 0 0
1191 2 0.3000853657722473 0 0
1192 2 0.300388365983963 0 0
1193 2 0.3006978929042816 0 0
1194 2 0.3010139763355255 0 0
1195 2 0.3013365864753723 0 0
1196 2 0.30176612734794617 0 0
1197 2 0.30210617184638977 0 0
1198 2 0.30245494842529297 0 0
1199 18 0.3028124272823334 0 0
1200 18 0.3031786382198334 0 0
1201 18 0.30355358123779297 0 0
1202 18 0.30393722653388977 0 0
1203 18 0.30432960391044617 0 0
1204 18 0.30473068356513977 0 0
1205 18 0.30514049530029297 0 0
1206 18 0.3055590093135834 0 0
1207 18 0.3059862554073334 0 0
1208 18 0.30642223358154297 0 0
1209 2 0.30686691403388977 0 0
1210 2 0.30732032656669617 0 0
1211 2 0.30776673555374146 0 0
1212 2 0.30821317434310913 0 0
1213 0 0.3086596131324768 0 0
1214 0 0.30909621715545654 0 0
1215 0 0.3095230460166931 0 0
1216 0 0.30994004011154175 0 0
1217 0 0.31034722924232483 0 0
1218 0 0.31074461340904236 0 0
1219 0 0.31113219261169434 0 0
1220 1 0.3115099370479584 0 0
1221 1 0.3118746280670166 0 0
1222 1 0.31222623586654663 0 0
1223 1 0.31256476044654846 0 0
1224 0 0.3128902018070221 0 0
1225 0 0.3132058382034302 0 0
1226 0 0.31341347098350525 0 0
1227 1 0.3137094974517822 0 0
1228 1 0.313992440700531 0 0
1229 1 0.3142623007297516 0 0
1230 1 0.31451907753944397 0 0
1231 0 0.31476280093193054 0 0
1232 0 0.3149966895580292 0 0
1233 1 0.31522077322006226 0 0
1234 1 0.31543177366256714 0 0
1235 1 0.3156297206878662 0 0
1236 1 0.3158145546913147 0 0
1237 1 0.3159863352775574 0 0
1238 1 0.31614503264427185 0 0
1239 1 0.31629064679145813 0 0
1240 1 0.3164231777191162 0 0
1241 0 0.3162771165370941 0 0
1242 0 0.31614089012145996 0 0
1243 0 0.31601443886756897 0 0
1244 0 0.3158978223800659 0 0
1245 0 0.3157910108566284 0 0
1246 0 0.3157910108566284 0 0
1247 0 0.3157910108566284 0 0
1248 0 0.3157910108566284 0 0
1249 0 0.3157910108566284 0 0
1250 0 0.3157910108566284 0 0
1251 2 0.3157910108566284 0 0
1252 2 0.3159370720386505 0 0
1253 2 0.3160896599292755 0 0
1254 2 0.3162487745285034 0 0
1255 18 0.3164144456386566 0 0
1256 18 0.3165866434574127 0 0
1257 18 0.3167653977870941 0 0
1258 18 0.3169506788253784 0 0
1259 18 0.317142516374588 0 0
1260 18 0.3173408806324005 0 0
1261 18 0.3175457715988159 0 0
1262 2 0.3177572190761566 0 0
1263 2 0.3179751932621002 0 0
1264 2 0.3181997239589691 0 0
1265 0 0.3184307813644409 0 0
1266 0 0.31865203380584717 0 0
1267 0 0.31886348128318787 0 0
1268 2 0.319065123796463 0 0
1269 2 0.31927329301834106 0 0
1270 2 0.319487988948822 0 0
1271 2 0.31970924139022827 0 0
1272 2 0.3199370503425598 0 0
1273 2 0.32017138600349426 0 0
1274 2 0.3204122483730316 0 0
1275 0 0.32065966725349426 0 0
1276 0 0.32089725136756897 0 0
1277 0 0.3211250603199005 0 0
1278 0 0.3213430345058441 0 0
1279 0 0.32155120372772217 0 0
1280 0 0.32174956798553467 0 0
1281 0 0.3219381272792816 0 0
1282 0 0.322116881608963 0 0
1283 2 0.32228580117225647 0 0
1284 2 0.3224612772464752 0 0
1285 2 0.32264330983161926 0 0
1286 2 0.3228318691253662 0 0
1287 2 0.32302695512771606 0 0
1288 2 0.3232285976409912 0 0
1289 2 0.32343676686286926 0 0
1290 2 0.3236514627933502 0 0
1291 2 0.32387271523475647 0 0
1292 2 0.324100524187088 0 0
1293 2 0.32433485984802246 0 0
1294 2 0.3245757222175598 0 0
1295 2 0.32482314109802246 0 0
1296 2 0.325077086687088 0 0
1297 2 0.32533755898475647 0 0
1298 2 0.3256045877933502 0 0
1299 2 0.32587817311286926 0 0
1300 2 0.3261582851409912 0 0
1301 2 0.32644492387771606 0 0
1302 18 0.3267381191253662 0 0
1303 18 0.32703784108161926 0 0
1304 18 0.3273440897464752 0 0
1305 18 0.32765689492225647 0 0
1306 18 0.327976256608963 0 0
1307 18 0.32830214500427246 0 0
1308 18 0.3287349343299866 0 0
1309 18 0.3290782570838928 0 0
1310 18 0.32943031191825867 0 0
1311 18 0.3297910690307617 0 0
1312 18 0.33016055822372437 0 0
1313 2 0.3305387496948242 0 0
1314 2 0.33092567324638367 0 0
1315 0 0.3313212990760803 0 0
1316 0 0.3317071199417114 0 0
1317 0 0.33208316564559937 0 0
1318 0 0.33244937658309937 0 0
1319 0 0.3328057527542114 0 0
1320 0 0.3331523537635803 0 0
1321 0 0.33348914980888367 0 0
1322 0 0.3338161110877991 0 0
1323 0 0.3341332674026489 0 0
1324 0 0.33434242010116577 0 0
1325 0 0.3346399664878845 0 0
1326 0 0.3349277079105377 0 0
1327 0 0.33520564436912537 0 0
1328 0 0.33547377586364746 0 0
1329 0 0.3357320725917816 0 0
1330 0 0.3359805643558502 0 0
1331 0 0.33621925115585327 0 0
1332 0 0.33644813299179077 0 0
1333 1 0.3366672098636627 0 0
1334 1 0.33687320351600647 0 0
1335 1 0.337066113948822 0 0
1336 1 0.33724597096443176 0 0
1337 1 0.3374127149581909 0 0
1338 1 0.33756640553474426 0 0
1339 0 0.337706983089447 0 0
1340 0 0.3378377854824066 0 0
1341 0 0.33795875310897827 0 0
1342 0 0.33806994557380676 0 0
1343 0 0.3381713032722473 0 0
1344 0 0.3382628560066223 0 0
1345 0 0.33834460377693176 0 0
1346 0 0.33841651678085327 0 0
1347 0 0.3384786546230316 0 0
1348 0 0.3384786546230316 0 0
1349 0 0.3384786546230316 0 0
1350 0 0.3384786546230316 0 0
1351 2 0.3384786546230316 0 0
1352 2 0.3386247158050537 0 0
1353 2 0.3387773036956787 0 0
1354 2 0.3389364182949066 0 0
1355 2 0.3391020894050598 0 0
1356 2 0.3392742872238159 0 0
1357 2 0.3394530415534973 0 0
1358 2 0.3396383225917816 0 0
1359 2 0.3398301601409912 0 0
1360 2 0.3400285243988037 0 0
1361 2 0.3402334153652191 0 0
1362 2 0.3404448628425598 0 0
1363 2 0.3406628370285034 0 0
1364 2 0.3408873677253723 0 0
1365 2 0.3411184251308441 0 0
1366 2 0.3413560390472412 0 0
1367 2 0.3416001796722412 0 0
1368 2 0.3418508470058441 0 0
1369 2 0.3421080708503723 0 0
1370 2 0.3423718214035034 0 0
1371 2 0.3426421284675598 0 0
1372 2 0.3429189622402191 0 0
1373 2 0.3432023525238037 0 0
1374 2 0.3434922695159912 0 0
1375 2 0.3437887132167816 0 0
1376 2 0.3440917134284973 0 0
1377 2 0.3444012403488159 0 0
1378 2 0.3447173237800598 0 0
1379 2 0.3450399339199066 0 0
1380 2 0.34546947479248047 0 0
1381 2 0.3458095192909241 0 0
1382 2 0.34615829586982727 0 0
1383 2 0.3465157747268677 0 0
1384 2 0.3468819856643677 0 0
1385 2 0.34725692868232727 0 0
1386 0 0.3476405739784241 0 0
1387 0 0.3480144143104553 0 0
1388 0 0.348378449678421 0 0
1389 0 0.34873268008232117 0 0
1390 0 0.3490770757198334 0 0
1391 0 0.3494116961956024 0 0
1392 0 0.3497364819049835 0 0
1393 0 0.3500514626502991 0 0
1394 0 0.3502584397792816 0 0
1395 0 0.35055381059646606 0 0
1396 0 0.35083937644958496 0 0
1397 0 0.3511151075363159 0 0
1398 0 0.3513810634613037 0 0
1399 0 0.35163718461990356 0 0
1400 0 0.35188350081443787 0 0
1401 0 0.3521200120449066 0 0
1402 0 0.3523467183113098 0 0
1403 0 0.35256361961364746 0 0
1404 0 0.35277068614959717 0 0
1405 2 0.3529679775238037 0 0
1406 2 0.35317176580429077 0 0
1407 2 0.3533821403980255 0 0
1408 2 0.35359901189804077 0 0
1409 2 0.3538224697113037 0 0
1410 2 0.35405242443084717 0 0
1411 2 0.3542889356613159 0 0
1412 2 0.35453200340270996 0 0
1413 2 0.3547815680503845 0 0
1414 2 0.35503771901130676 0 0
1415 2 0.3553003668785095 0 0
1416 2 0.35556960105895996 0 0
1417 2 0.3558453321456909 0 0
1418 2 0.35612761974334717 0 0
1419 2 0.3564164638519287 0 0
1420 2 0.35671180486679077 0 0
1421 2 0.3570137321949005 0 0
1422 2 0.35732215642929077 0 0
1423 2 0.3576371669769287 0 0
1424 2 0.35795867443084717 0 0
1425 2 0.3583871126174927 0 0
1426 2 0.3587260842323303 0 0
1427 2 0.3590737581253052 0 0
1428 2 0.3594301640987396 0 0
1429 2 0.35979530215263367 0 0
1430 2 0.3601691424846649 0 0
1431 2 0.3605516850948334 0 0
1432 2 0.3609429597854614 0 0
1433 2 0.3613429665565491 0 0
1434 2 0.3617516756057739 0 0
1435 2 0.3621691167354584 0 0
1436 2 0.3625952899456024 0 0
1437 2 0.36303016543388367 0 0
1438 2 0.3634737432003021 0 0
1439 18 0.3639260530471802 0 0
1440 18 0.36437246203422546 0 0
1441 18 0.36481890082359314 0 0
1442 18 0.3652653396129608 0 0
1443 18 0.3657117486000061 0 0
1444 18 0.3661581873893738 0 0
1445 2 0.36660462617874146 0 0
1446 2 0.36705103516578674 0 0
1447 2 0.3674974739551544 0 0
1448 2 0.3679439127445221 0 0
1449 0 0.3683903217315674 0 0
1450 0 0.3688269555568695 0 0
1451 0 0.3692537546157837 0 0
1452 0 0.3696707487106323 0 0
1453 0 0.3700779378414154 0 0
1454 0 0.37047532200813293 0 0
1455 0 0.3708629012107849 0 0
1456 0 0.37124067544937134 0 0
1457 1 0.3716086149215698 0 0
1458 1 0.3719635009765625 0 0
1459 1 0.372305303812027 0 0
1460 1 0.37263402342796326 0 0
1461 0 0.37294965982437134 0 0
1462 0 0.373157262802124 0 0
1463 0 0.373453289270401 0 0
1464 0 0.37373948097229004 0 0
1465 0 0.3740158975124359 0 0
1466 0 0.37428247928619385 0 0
1467 0 0.3745392858982086 0 0
1468 0 0.37478625774383545 0 0
1469 0 0.37502342462539673 0 0
1470 0 0.37525075674057007 0 0
1471 0 0.37546831369400024 0 0
1472 1 0.37567606568336487 0 0
1473 1 0.3758707046508789 0 0
1474 1 0.37605229020118713 0 0
1475 0 0.37622079253196716 0 0
1476 0 0.37637948989868164 0 0
1477 0 0.3765283524990082 0 0
1478 0 0.37666743993759155 0 0
1479 0 0.376796692609787 0 0
1480 0 0.37691614031791687 0 0
1481 0 0.3770258128643036 0 0
1482 0 0.3770258128643036 0 0
1483 0 0.3770258128643036 0 0
1484 0 0.3770258128643036 0 0
1485 2 0.3770258128643036 0 0
1486 2 0.3771718442440033 0 0
1487 2 0.3773244321346283 0 0
1488 0 0.3774835765361786 0 0
1489 2 0.37763288617134094 0 0
1490 2 0.3777887523174286 0 0
1491 0 0.37795114517211914 0 0
1492 0 0.37810373306274414 0 0
1493 0 0.3782465159893036 0 0
1494 0 0.3783794641494751 0 0
1495 0 0.3783794641494751 0 0
1496 0 0.3783794641494751 0 0
1497 0 0.3783794641494751 0 0
1498 0 0.3783794641494751 0 0
1499 0 0.3783794641494751 0 0
1500 2 0.3783794641494751 0 0
1501 18 0.3785255253314972 0 0
1502 18 0.3786781132221222 0 0
1503 18 0.3788372278213501 0 0
1504 18 0.3790028989315033 0 0
1505 18 0.3791750967502594 0 0
1506 18 0.3793538510799408 0 0
1507 18 0.3795391321182251 0 0
1508 18 0.3797309696674347 0 0
1509 18 0.3799293339252472 0 0
1510 18 0.3801342248916626 0 0
1511 18 0.3803456723690033 0 0
1512 18 0.3805636465549469 0 0
1513 18 0.3807881772518158 0 0
1514 18 0.3810192346572876 0 0
1515 18 0.3812568485736847 0 0
1516 18 0.3815009891986847 0 0
1517 18 0.3817516565322876 0 0
1518 18 0.3820088803768158 0 0
1519 18 0.3822726309299469 0 0
1520 18 0.3825429379940033 0 0
1521 18 0.3828197717666626 0 0
1522 18 0.3831031620502472 0 0
1523 18 0.3833930790424347 0 0
1524 18 0.3836895227432251 0 0
1525 2 0.3839925229549408 0 0
1526 2 0.3843020498752594 0 0
1527 2 0.3846181333065033 0 0
1528 2 0.3849407434463501 0 0
1529 2 0.38537031412124634 0 0
1530 2 0.38571035861968994 0 0
1531 2 0.38605913519859314 0 0
1532 2 0.38641661405563354 0 0
1533 2 0.38678282499313354 0 0
1534 2 0.38715776801109314 0 0
1535 2 0.38754141330718994 0 0
1536 2 0.38793379068374634 0 0
1537 0 0.38833487033843994 0 0
1538 0 0.388726145029068 0 0
1539 0 0.3891076147556305 0 0
1540 0 0.38947927951812744 0 0
1541 0 0.38984113931655884 0 0
1542 0 0.3901931643486023 0 0
1543 0 0.3905354142189026 0 0
1544 0 0.39086782932281494 0 0
1545 0 0.39119043946266174 0 0
1546 0 0.391503244638443 0 0
1547 0 0.39170801639556885 0 0
1548 0 0.392001211643219 0 0
1549 0 0.3922846019268036 0 0
1550 0 0.39255815744400024 0 0
1551 0 0.39282190799713135 0 0
1552 0 0.3928658962249756 0 0
1553 0 0.3928658962249756 0 0
1554 0 0.3928658962249756 0 0
1555 0 0.3928658962249756 0 0
1556 0 0.3928658962249756 0 0
1557 0 0.3928658962249756 0 0
1558 0 0.3928658962249756 0 0
1559 0 0.3928658962249756 0 0
1560 0 0.3928658962249756 0 0
1561 0 0.3928658962249756 0 0
1562 0 0.3928658962249756 0 0
1563 0 0.3928658962249756 0 0
1564 0 0.3928658962249756 0 0
1565 0 0.3928658962249756 0 0
1566 0 0.3928658962249756 0 0
1567 0 0.3928658962249756 0 0
1568 0 0.3928658962249756 0 0
1569 2 0.3928658962249756 0 0
1570 2 0.3928658962249756 0 0
1571 2 0.3928658962249756 0 0
1572 2 0.3928658962249756 0 0
1573 2 0.3928658962249756 0 0
1574 18 0.3928658962249756 0 0
1575 18 0.3928658962249756 0 0
1576 18 0.3928658962249756 0 0
1577 18 0.3928658962249756 0 0
1578 18 0.3928658962249756 0 0
1579 18 0.3930381238460541 0 0
1580 18 0.3932168483734131 0 0
1581 18 0.3934021294116974 0 0
1582 18 0.393593966960907 0 0
1583 2 0.3937923312187195 0 0
1584 2 0.3939972221851349 0 0
1585 2 0.3942086696624756 0 0
1586 2 0.3944266736507416 0 0
1587 2 0.3946511745452881 0 0
1588 2 0.3948822319507599 0 0
1589 2 0.395119845867157 0 0
1590 2 0.395363986492157 0 0
1591 2 0.3956146538257599 0 0
1592 2 0.3958718776702881 0 0
1593 2 0.3961356580257416 0 0
1594 2 0.3964059352874756 0 0
1595 2 0.3966827690601349 0 0
1596 2 0.3969661593437195 0 0
1597 2 0.397256076335907 0 0
1598 2 0.3975525200366974 0 0
1599 2 0.3978555202484131 0 0
1600 2 0.3981650769710541 0 0
1601 2 0.3984811305999756 0 0
1602 2 0.3988037407398224 0 0
1603 2 0.39923331141471863 0 0
1604 2 0.39957335591316223 0 0
1605 2 0.39992213249206543 0 0
1606 2 0.4002796411514282 0 0
1607 2 0.4006458520889282 0 0
1608 2 0.40102076530456543 0 0
1609 0 0.40140441060066223 0 0
1610 0 0.4017782509326935 0 0
1611 0 0.4021422863006592 0 0
1612 0 0.4024965167045593 0 0
1613 0 0.40284091234207153 0 0
1614 0 0.4031755328178406 0 0
1615 1 0.4035003185272217 0 0
1616 1 0.4038087725639343 0 0
1617 1 0.40400591492652893 0 0
1618 1 0.4042882025241852 0 0
1619 1 0.40455740690231323 0 0
1620 1 0.4048135280609131 0 0
1621 1 0.40505659580230713 0 0
1622 1 0.4052865505218506 0 0
1623 1 0.40550345182418823 0 0
1624 1 0.4057072699069977 0 0
1625 1 0.40589800477027893 0 0
1626 1 0.406075656414032 0 0
1627 1 0.40624022483825684 0 0
1628 1 0.4063917398452759 0 0
1629 1 0.40653014183044434 0 1
1629 1 0.40653014183044434 0 1
1 1 0.00999125000089407 0 0
2 1 0.00999125000089407 0 0
3 1 0.00999125000089407 0 0
4 1 0.00999125000089407 0 0
5 1 0.00999125000089407 0 0
6 1 0.00999125000089407 0 0
7 1 0.00999125000089407 0 0
8 1 0.00999125000089407 0 0
9 1 0.00999125000089407 0 0
10 1 0.00999125000089407 0 0
11 1 0.00999125000089407 0 0
12 1 0.00999125000089407 0 0
13 1 0.00999125000089407 0 0
14 0 0.00999125000089407 0 0
15 0 0.00999125000089407 0 0
16 0 0.00999125000089407 0 0
17 0 0.00999125000089407 0 0
18 0 0.00999125000089407 0 0
19 0 0.00999125000089407 0 0
20 0 0.00999125000089407 0 0
21 0 0.00999125000089407 0 0
22 0 0.00999125000089407 0 0
23 0 0.00999125000089407 0 0
24 0 0.00999125000089407 0 0
25 0 0.00999125000089407 0 0
26 0 0.00999125000089407 0 0
27 0 0.00999125000089407 0 0
28 0 0.00999125000089407 0 0
29 0 0.00999125000089407 0 0
30 0 0.00999125000089407 0 0
31 0 0.00999125000089407 0 0
32 0 0.00999125000089407 0 0
33 0 0.00999125000089407 0 0
34 0 0.00999125000089407 0 0
35 0 0.00999887939542532 0 0
36 0 0.00999887939542532 0 0
37 0 0.00999887939542532 0 0
38 0 0.00999887939542532 0 0
39 0 0.00999887939542532 0 0
40 0 0.00999887939542532 0 0
41 0 0.00999887939542532 0 0
42 0 0.00999887939542532 0 0
43 0 0.00999887939542532 0 0
44 0 0.00999887939542532 0 0
45 0 0.00999887939542532 0 0
46 0 0.00999887939542532 0 0
47 0 0.00999887939542532 0 0
48 0 0.00999887939542532 0 0
49 0 0.00999887939542532 0 0
50 0 0.00999887939542532 0 0
51 0 0.00999887939542532 0 0
52 0 0.00999887939542532 0 0
53 2 0.00999887939542532 0 0
54 2 0.01014492753893137 0 0
55 2 0.01029751542955637 0 0
56 2 0.01045664306730032 0 0
57 2 0.010622309520840645 0 0
58 2 0.010794516652822495 0 0
59 0 0.010973261669278145 0 0
60 0 0.01114219892770052 0 0
61 0 0.011301325634121895 0 0
62 0 0.011450644582509995 0 0
63 0 0.01159015391021967 0 0
64 0 0.01171985361725092 0 0
65 0 0.01171985361725092 0 0
66 0 0.01171985361725092 0 0
67 0 0.01171985361725092 0 0
68 0 0.01171985361725092 0 0
69 2 0.01171985361725092 0 0
70 2 0.01186590176075697 0 0
71 2 0.01201848965138197 0 0
72 2 0.01217761728912592 0 0
73 2 0.012343283742666245 0 0
74 2 0.01251548994332552 0 0
75 2 0.012694235891103745 0 0
76 2 0.01287952158600092 0 0
77 2 0.01307134609669447 0 0
78 2 0.01326971035450697 0 0
79 18 0.01347461435943842 0 0
80 18 0.013686057180166245 0 0
81 18 0.01390403974801302 0 0
82 18 0.014128562062978745 0 0
83 18 0.01435962412506342 0 0
84 18 0.01459722500294447 0 0
85 18 0.01484136562794447 0 0
86 18 0.01509204600006342 0 0
87 18 0.015349265187978745 0 0
88 18 0.01561302412301302 0 0
89 2 0.015883322805166245 0 0
90 2 0.016160160303115845 0 0
91 0 0.016443539410829544 0 0
92 0 0.016717106103897095 0 0
93 0 0.016980865970253944 0 0
94 0 0.017234815284609795 0 0
95 0 0.017478955909609795 0 0
96 0 0.017713287845253944 0 0
97 0 0.017937809228897095 0 0
98 0 0.018152523785829544 0 0
99 0 0.018357425928115845 0 0
100 0 0.018552521243691444 0 0
101 0 0.018737806007266045 0 0
102 0 0.018913282081484795 0 0
103 0 0.019078949466347694 0 0
104 0 0.019234806299209595 0 0
105 0 0.019380856305360794 0 0
106 0 0.019517093896865845 0 0
107 0 0.019643524661660194 0 0
108 0 0.019760144874453545 0 0
109 0 0.019866956397891045 0 0
110 0 0.019963959231972694 0 0
111 0 0.020051151514053345 0 0
112 0 0.020128536969423294 0 0
113 0 0.020196110010147095 0 0
114 0 0.020253876224160194 0 0
115 0 0.020301831886172295 0 0
116 0 0.020339978858828545 0 0
117 0 0.020368317142128944 0 0
118 0 0.020386844873428345 0 0
119 0 0.020395565778017044 0 0
120 0 0.020394474267959595 0 0
121 0 0.020403195172548294 0 0
122 0 0.020402103662490845 0 0
123 0 0.020410824567079544 0 0
124 0 0.020409733057022095 0 0
125 0 0.020418453961610794 0 0
126 0 0.020417362451553345 0 0
127 0 0.020426083356142044 0 0
128 0 0.020424991846084595 0 0
129 0 0.020433712750673294 0 0
130 0 0.020432621240615845 0 0
131 0 0.020441342145204544 0 0
132 0 0.020440250635147095 0 0
133 0 0.020448971539735794 0 0
134 0 0.020447880029678345 0 0
135 0 0.020456600934267044 0 0
136 0 0.020455509424209595 0 0
137 0 0.020464230328798294 0 0
138 0 0.020463138818740845 0 0
139 0 0.020471859723329544 0 0
140 0 0.020470768213272095 0 0
141 0 0.020479489117860794 0 0
142 0 0.020478397607803345 0 0
143 0 0.020487118512392044 0 0
144 0 0.020486027002334595 0 0
145 0 0.020494747906923294 0 0
146 0 0.020493656396865845 0 0
147 0 0.020502377301454544 0 0
148 0 0.020501285791397095 0 0
149 0 0.020510006695985794 0 0
150 0 0.020508915185928345 0 0
151 0 0.020517636090517044 0 0
152 0 0.020516544580459595 0 0
153 0 0.020525265485048294 0 0
154 0 0.020524173974990845 0 0
155 0 0.020532894879579544 0 0
156 0 0.020531803369522095 0 0
157 0 0.020540524274110794 0 0
158 0 0.020539432764053345 0 0
159 0 0.020548153668642044 0 0
160 0 0.020547062158584595 0 0
161 0 0.020555783063173294 0 0
162 0 0.020554691553115845 0 0
163 0 0.020554691553115845 0 0
164 0 0.020554691553115845 0 0
165 0 0.020554691553115845 0 0
166 0 0.020554691553115845 0 0
167 0 0.020554691553115845 0 0
168 0 0.020554691553115845 0 0
169 0 0.020554691553115845 0 0
170 0 0.020554691553115845 0 0
171 0 0.020554691553115845 0 0
172 0 0.020554691553115845 0 0
173 0 0.020554691553115845 0 0
174 0 0.020554691553115845 0 0
175 0 0.020554691553115845 0 0
176 0 0.020554691553115845 0 0
177 0 0.020554691553115845 0 0
178 0 0.020554691553115845 0 0
179 0 0.020554691553115845 0 0
180 0 0.020554691553115845 0 0
181 0 0.020554691553115845 0 0
182 0 0.020554691553115845 0 0
183 0 0.020554691553115845 0 0
184 0 0.020554691553115845 0 0
185 0 0.020554691553115845 0 0
186 0 0.020554691553115845 0 0
187 0 0.020554691553115845 0 0
188 0 0.020554691553115845 0 0
189 0 0.020554691553115845 0 0
190 0 0.020554691553115845 0 0
191 0 0.020554691553115845 0 0
192 0 0.020554691553115845 0 0
193 0 0.020554691553115845 0 0
194 0 0.020554691553115845 0 0
195 0 0.020554691553115845 0 0
196 0 0.020554691553115845 0 0
197 0 0.020554691553115845 0 0
198 0 0.020554691553115845 0 0
199 0 0.020554691553115845 0 0
200 0 0.020554691553115845 0 0
201 0 0.020554691553115845 0 0
202 0 0.020554691553115845 0 0
203 0 0.020554691553115845 0 0
204 0 0.020554691553115845 0 0
205 0 0.020554691553115845 0 0
206 0 0.020554691553115845 0 0
207 0 0.020554691553115845 0 0
208 0 0.020554691553115845 0 0
209 0 0.020554691553115845 0 0
210 0 0.020554691553115845 0 0
211 0 0.020554691553115845 0 0
212 0 0.020554691553115845 0 0
213 0 0.020554691553115845 0 0
214 0 0.020554691553115845 0 0
215 0 0.020554691553115845 0 0
216 0 0.020554691553115845 0 0
217 0 0.020554691553115845 0 0
218 0 0.020554691553115845 0 0
219 0 0.020554691553115845 0 0
220 0 0.020554691553115845 0 0
221 0 0.020554691553115845 0 0
222 0 0.020554691553115845 0 0
223 0 0.020554691553115845 0 0
224 0 0.020554691553115845 0 0
225 0 0.020554691553115845 0 0
226 0 0.020554691553115845 0 0
227 0 0.020554691553115845 0 0
228 0 0.020554691553115845 0 0
229 0 0.020554691553115845 0 0
230 0 0.020554691553115845 0 0
231 0 0.020554691553115845 0 0
232 0 0.020554691553115845 0 0
233 0 0.020554691553115845 0 0
234 0 0.020554691553115845 0 0
235 0 0.020554691553115845 0 0
236 0 0.020554691553115845 0 0
236 0 0.020554691553115845 0 0
