data/levels/bonus1/abednego-level3.stl
1 2 0.012243306264281273 0 0
2 2 0.012421325780451298 0 0
3 2 0.012606974691152573 0 0
4 2 0.012800252065062523 0 0
5 2 0.013001159764826298 0 0
6 2 0.013209696859121323 0 0
7 2 0.013425862416625023 0 0
8 0 0.013649657368659973 0 0
9 0 0.013862009160220623 0 0
10 0 0.014062916859984398 0 0
11 0 0.014252379536628723 0 0
12 0 0.014430399052798748 0 0
13 0 0.014596974477171898 0 0
14 0 0.014752104878425598 0 0
15 0 0.014895792119204998 0 0
16 0 0.015028035268187523 0 0
17 0 0.015148833394050598 0 0
18 0 0.015258188359439373 0 0
19 0 0.015356099233031273 0 0
20 0 0.015442565083503723 0 0
21 0 0.015517587773501873 0 0
22 0 0.015581166371703148 0 0
23 0 0.015633299946784973 0 0
24 0 0.015673989430069923 0 0
25 0 0.015703236684203148 0 0
26 0 0.015721037983894348 0 0
27 0 0.015727395191788673 0 0
28 0 0.015722310170531273 0 0
29 0 0.015728667378425598 0 0
30 0 0.01572358049452305 0 0
31 0 0.015729939565062523 0 0
32 2 0.015724852681159973 0 0
33 2 0.015895241871476173 0 0
34 2 0.016073262318968773 0 0
35 0 0.016258910298347473 0 0
36 2 0.0164331141859293 0 0
37 2 0.016614949330687523 0 0
38 0 0.016804412007331848 0 0
39 0 0.0169824305921793 0 0
40 2 0.017149006947875023 0 0
41 2 0.017323210835456848 0 0
42 2 0.017505044117569923 0 0
43 2 0.017694508656859398 0 0
44 2 0.017891600728034973 0 0
45 2 0.0180963221937418 0 0
46 2 0.018308674916625023 0 0
47 2 0.018528655171394348 0 0
48 2 0.018756264820694923 0 0
49 2 0.018991505727171898 0 0
50 2 0.019234374165534973 0 0
51 2 0.0194848719984293 0 0
52 2 0.019743001088500023 0 0
53 2 0.020008757710456848 0 0
54 2 0.020282143726944923 0 0
55 2 0.020563161000609398 0 0
56 2 0.020851805806159973 0 0
57 2 0.0211480800062418 0 0
58 2 0.021451985463500023 0 0
59 2 0.021763518452644348 0 0
60 2 0.022082680836319923 0 0
61 2 0.022409474477171898 0 0
62 2 0.022743895649909973 0 0
63 2 0.0230859462171793 0 0
64 2 0.023435628041625023 0 0
65 2 0.023792937397956848 0 0
66 2 0.024157876148819923 0 0
67 2 0.024530446156859398 0 0
68 2 0.024910643696784973 0 0
69 2 0.02541559934616089 0 0
70 2 0.025816142559051514 0 0
71 2 0.02622685767710209 0 0
72 2 0.026647746562957764 0 0
73 2 0.02707880735397339 0 0
74 2 0.027520040050148964 0 0
75 2 0.02797144651412964 0 0
76 2 0.028433024883270264 0 0
77 2 0.02890477515757084 0 0
78 2 0.029386699199676514 0 0
79 2 0.02987879514694214 0 0
80 2 0.030381062999367714 0 0
81 2 0.03089350461959839 0 0
82 2 0.031416118144989014 0 0
83 2 0.031936950981616974 0 0
84 2 0.032457783818244934 0 0
85 2 0.032978616654872894 0 0
86 2 0.033499449491500854 0 0
87 2 0.034020282328128815 0 0
88 2 0.03454111889004707 0 0
89 2 0.035061951726675034 0 0
90 2 0.035582784563302994 0 0
91 2 0.036103617399930954 0 0
92 2 0.036624450236558914 0 0
93 2 0.037145283073186874 0 0
94 0 0.037666115909814835 0 0
95 0 0.03817550837993622 0 0
96 2 0.03867345303297043 0 0
97 2 0.03918156772851944 0 0
98 2 0.03969985991716385 0 0
99 2 0.04022832214832306 0 0
100 2 0.04074915498495102 0 0
101 2 0.04126998782157898 0 0
102 2 0.04179082065820694 0 0
103 2 0.0423116572201252 0 0
104 2 0.04283249005675316 0 0
105 2 0.04335332289338112 0 0
106 2 0.04387415573000908 0 0
107 2 0.04439498856663704 0 0
108 18 0.044915821403265 0 0
109 18 0.04543665423989296 0 0
110 18 0.04595749080181122 0 0
111 18 0.04647832363843918 0 0
112 18 0.04699915647506714 0 0
113 18 0.0475199893116951 0 0
114 18 0.04804082214832306 0 0
115 18 0.04856165498495102 0 0
116 18 0.04908248782157898 0 0
117 18 0.04960332065820694 0 0
118 18 0.0501241572201252 0 0
119 18 0.05064499005675316 0 0
120 18 0.05116582289338112 0 0
121 18 0.05168665573000908 0 0
122 18 0.05220748856663704 0 0
123 18 0.052728321403265 0 0
124 18 0.05324915423989296 0 0
125 18 0.05376999080181122 0 0
126 18 0.05429082363843918 0 0
127 18 0.05481165647506714 0 0
128 18 0.0553324893116951 0 0
129 18 0.05585332214832306 0 0
130 2 0.05637415498495102 0 0
131 0 0.05689498782157898 0 0
132 0 0.057404376566410065 0 0
133 0 0.05790232494473457 0 0
134 0 0.05838882550597191 0 0
135 1 0.05886388197541237 0 0
136 1 0.05932367965579033 0 0
137 1 0.05976821854710579 0 0
138 1 0.06019749864935875 0 0
139 1 0.06061151996254921 0 0
140 1 0.06101028621196747 0 0
141 1 0.06139378994703293 0 0
142 0 0.06176203489303589 0 0
143 0 0.06200425326824188 0 0
144 2 0.06234961375594139 0 0
145 2 0.06270259618759155 0 0
146 2 0.06306321173906326 0 0
147 2 0.06343145668506622 0 0
148 2 0.06380733847618103 0 0
149 0 0.06430796533823013 0 0
150 0 0.06468256562948227 0 0
151 0 0.06504572182893753 0 0
152 0 0.06528285890817642 0 0
153 1 0.06562313437461853 0 0
154 1 0.06594814360141754 0 0
155 1 0.06625789403915405 0 0
156 18 0.06655239313840866 0 0
157 18 0.06685451418161392 0 0
158 18 0.06716427206993103 0 0
159 18 0.06748165190219879 0 0
160 18 0.0678066611289978 0 0
161 18 0.06813930720090866 0 0
162 18 0.06847957521677017 0 0
163 18 0.06882748007774353 0 0
164 18 0.06918300688266754 0 0
165 18 0.0695461630821228 0 0
166 18 0.06991695612668991 0 0
167 18 0.07029537111520767 0 0
168 18 0.07079854607582092 0 0
169 18 0.07119730859994888 0 0
170 18 0.07160624116659164 0 0
171 18 0.0720253512263298 0 0
172 2 0.07245463132858276 0 0
173 2 0.07289408147335052 0 0
174 2 0.07334370911121368 0 0
175 2 0.07380350679159164 0 0
176 2 0.0742734745144844 0 0
177 2 0.07475361973047256 0 0
178 2 0.07524393498897552 0 0
179 2 0.07574442774057388 0 0
180 2 0.07625508308410645 0 0
181 2 0.0767759159207344 0 0
182 2 0.07729675620794296 0 0
183 2 0.07781758904457092 0 0
184 0 0.07833842188119888 0 0
185 0 0.07884781062602997 0 0
186 0 0.07934575527906418 0 0
187 0 0.07983225584030151 0 0
188 0 0.08030731230974197 0 0
189 0 0.08077092468738556 0 0
190 0 0.08122309297323227 0 0
191 0 0.08156228810548782 0 0
192 0 0.08144770562648773 0 0
193 0 0.08144770562648773 0 0
194 0 0.08144770562648773 0 0
195 0 0.08144770562648773 0 0
196 0 0.08144770562648773 0 0
197 0 0.08144770562648773 0 0
198 0 0.08144770562648773 0 0
199 0 0.08144770562648773 0 0
200 0 0.08144770562648773 0 0
201 0 0.08144770562648773 0 0
202 0 0.08144770562648773 0 0
203 0 0.08144770562648773 0 0
204 2 0.08144770562648773 0 0
205 2 0.08161809295415878 0 0
206 2 0.08179610967636108 0 0
207 2 0.08198176324367523 0 0
208 2 0.08217503875494003 0 0
209 2 0.08237594366073608 0 0
210 2 0.08258448541164398 0 0
211 2 0.08280064910650253 0 0
212 2 0.08302444219589233 0 0
213 2 0.08325587213039398 0 0
214 2 0.08349492400884628 0 0
215 2 0.08374160528182983 0 0
216 2 0.08399592339992523 0 0
217 18 0.08425786346197128 0 0
218 18 0.08452743291854858 0 0
219 18 0.08480463922023773 0 0
220 18 0.08508946746587753 0 0
221 18 0.08538192510604858 0 0
222 18 0.08568201959133148 0 0
223 18 0.08598973602056503 0 0
224 18 0.08630508184432983 0 0
225 18 0.08662806451320648 0 0
226 18 0.08695866912603378 0 0
227 18 0.08729690313339233 0 0
228 18 0.08764277398586273 0 0
229 18 0.08799626678228378 0 0
230 17 0.08835738897323608 0 0
231 1 0.08870325982570648 0 0
232 1 0.08903386443853378 0 0
233 1 0.08934921026229858 0 0
234 1 0.08964930474758148 0 0
235 1 0.08993413299322128 0 0
236 1 0.09020370244979858 0 0
237 1 0.09045802056789398 0 0
238 1 0.09069707244634628 0 0
239 1 0.09092086553573608 0 0
240 1 0.09112940728664398 0 0
241 1 0.09132268279790878 0 0
242 1 0.09150069952011108 0 0
243 1 0.09166346490383148 0 0
244 1 0.09181096404790878 0 0
245 1 0.09164057672023773 0 0
246 1 0.09146255254745483 0 0
247 1 0.09127690643072128 0 0
248 1 0.09108363091945648 0 0
249 1 0.09088271856307983 0 0
250 1 0.09067418426275253 0 0
251 1 0.09045802056789398 0 0
252 1 0.09023422002792358 0 0
253 1 0.09000279754400253 0 0
254 1 0.08976374566555023 0 0
255 1 0.08951705694198608 0 0
256 1 0.08926274627447128 0 0
257 1 0.08900080621242523 0 0
258 1 0.08873122930526733 0 0
259 1 0.08845403045415878 0 0
260 1 0.08816920220851898 0 0
261 1 0.08787673711776733 0 0
262 1 0.08757665008306503 0 0
263 1 0.08726893365383148 0 0
264 1 0.08695358037948608 0 0
265 1 0.08663060516119003 0 0
266 1 0.08630000054836273 0 0
267 1 0.08596175909042358 0 0
268 1 0.08561589568853378 0 0
269 1 0.08526240289211273 0 0
270 1 0.08490127325057983 0 0
271 1 0.08453252166509628 0 0
272 1 0.08415614068508148 0 0
273 1 0.08388417214155197 0 0
274 1 0.08348744362592697 0 0
275 1 0.08308053761720657 0 0
276 0 0.08266346901655197 0 0
277 0 0.08225783705711365 0 0
278 0 0.0818636491894722 0 0
279 0 0.08148091286420822 0 0
280 2 0.08110961318016052 0 0
281 2 0.08064280450344086 0 0
282 2 0.08030583709478378 0 0
283 2 0.07998412847518921 0 0
284 2 0.07967768609523773 0 0
285 2 0.07938649505376816 0 0
286 2 0.07911056280136108 0 0
287 2 0.0788498967885971 0 0
288 2 0.07860448211431503 0 0
289 2 0.07837432622909546 0 0
290 2 0.07815943658351898 0 0
291 2 0.07795979827642441 0 0
292 2 0.07777541875839233 0 0
293 2 0.07760630548000336 0 0
294 2 0.07745244354009628 0 0
295 2 0.07762283086776733 0 0
296 2 0.07780085504055023 0 0
297 2 0.07798650115728378 0 0
298 2 0.07817977666854858 0 0
299 2 0.07838068902492523 0 0
300 2 0.07858922332525253 0 0
301 2 0.07880538702011108 0 0
302 2 0.07902918756008148 0 0
303 2 0.07926061004400253 0 0
304 2 0.07949966192245483 0 0
305 2 0.07974635064601898 0 0
306 2 0.08000066131353378 0 0
307 2 0.08026260137557983 0 0
308 2 0.08053217828273773 0 0
309 2 0.08080937713384628 0 0
310 2 0.08109420537948608 0 0
311 2 0.08138667047023773 0 0
312 2 0.08168675750494003 0 0
313 2 0.08199447393417358 0 0
314 2 0.08230982720851898 0 0
315 2 0.08263280242681503 0 0
316 2 0.08296340703964233 0 0
317 2 0.08330164849758148 0 0
318 2 0.08364751189947128 0 0
319 2 0.08400100469589233 0 0
320 2 0.08436213433742523 0 0
321 2 0.08473088592290878 0 0
322 2 0.08510726690292358 0 0
323 2 0.08560841530561447 0 0
324 2 0.08600514382123947 0 0
325 2 0.08641204237937927 0 0
326 2 0.08682911843061447 0 0
327 2 0.08725636452436447 0 0
328 2 0.08769378066062927 0 0
329 2 0.08814137428998947 0 0
330 2 0.08859913796186447 0 0
331 2 0.08906707167625427 0 0
332 2 0.08954518288373947 0 0
333 2 0.09003346413373947 0 0
334 2 0.09053191542625427 0 0
335 2 0.09104054421186447 0 0
336 18 0.09155934303998947 0 0
337 18 0.09208831191062927 0 0
338 18 0.09260914474725723 0 0
339 18 0.09312997758388519 0 0
340 18 0.09365081042051315 0 0
341 18 0.09417164325714111 0 0
342 18 0.09469247609376907 0 0
343 18 0.09521330893039703 0 0
344 18 0.095734141767025 0 0
345 18 0.09625497460365295 0 0
346 18 0.09677581489086151 0 0
347 18 0.09729664772748947 0 0
348 18 0.09781748056411743 0 0
349 18 0.09833831340074539 0 0
350 18 0.09885914623737335 0 0
351 18 0.09937997907400131 0 0
352 18 0.09990081191062927 0 0
353 18 0.10042164474725723 0 0
354 18 0.10094247758388519 0 0
355 18 0.10146331042051315 0 0
356 18 0.10198414325714111 0 0
357 18 0.10250497609376907 0 0
358 18 0.10302580893039703 0 0
359 18 0.103546641767025 0 0
360 18 0.10406747460365295 0 0
361 18 0.10458831489086151 0 0
362 2 0.10510914772748947 0 0
363 2 0.10562998801469803 0 0
364 2 0.10615082085132599 0 0
365 2 0.10667165368795395 0 0
366 2 0.10719248652458191 0 0
367 2 0.10771331936120987 0 0
368 2 0.10823415219783783 0 0
369 2 0.10875498503446579 0 0
370 0 0.10927581787109375 0 0
371 0 0.10978520661592484 0 0
372 1 0.11028315126895905 0 0
373 1 0.11076583713293076 0 0
374 1 0.11123326420783997 0 0
375 1 0.11168543249368668 0 0
376 1 0.11212234199047089 0 0
377 1 0.1125439926981926 0 0
378 1 0.1129503920674324 0 0
379 1 0.11334152519702911 0 0
380 1 0.11371739953756332 0 0
381 1 0.11407801508903503 0 0
382 1 0.11430878937244415 0 0
383 1 0.11463888734579086 0 0
384 1 0.11495372653007507 0 0
385 1 0.11525330692529678 0 0
386 1 0.115537628531456 0 0
387 1 0.1158066913485527 0 0
388 1 0.11606049537658691 0 0
389 1 0.11629904061555862 0 0
390 0 0.11652233451604843 0 0
391 0 0.11673417687416077 0 0
392 0 0.11693457514047623 0 0
393 0 0.11712352931499481 0 0
394 1 0.11730103939771652 0 0
395 1 0.11746329069137573 0 0
396 0 0.11729290336370468 0 0
397 0 0.11713395267724991 0 0
398 0 0.11698645353317261 0 0
399 0 0.11685039848089218 0 0
400 0 0.11672578006982803 0 0
401 0 0.11661261320114136 0 0
402 0 0.11651089042425156 0 0
403 0 0.11642060428857803 0 0
404 0 0.11634176969528198 0 0
405 0 0.1162743791937828 0 0
406 0 0.11621842533349991 0 0
407 0 0.11617392301559448 0 0
408 0 0.11614086478948593 0 0
409 0 0.11611924320459366 0 0
410 0 0.11610907316207886 0 0
411 0 0.11611034721136093 0 0
412 0 0.11610016971826553 0 0
413 0 0.11610144376754761 0 0
414 0 0.1160912737250328 0 0
415 0 0.11609254032373428 0 0
416 0 0.11608237028121948 0 0
417 0 0.11608364433050156 0 0
418 0 0.11607346683740616 0 0
419 0 0.11607474088668823 0 0
420 0 0.11606457084417343 0 0
421 0 0.11606583744287491 0 0
422 0 0.11605566740036011 0 0
423 0 0.11605694144964218 0 0
424 0 0.11604676395654678 0 0
425 0 0.11604803800582886 0 0
426 0 0.11603786796331406 0 0
427 0 0.11603913456201553 0 1
427 0 0.11603913456201553 0 1
