data/levels/bonus2/level15.stl
1 1 0.009991071186959743 0 0
2 1 0.00999125000089407 0 0
3 1 0.00999125000089407 0 0
4 1 0.00999125000089407 0 0
5 0 0.00999125000089407 0 0
6 0 0.00999125000089407 0 0
7 0 0.00999125000089407 0 0
8 0 0.00999125000089407 0 0
9 0 0.00999125000089407 0 0
10 0 0.00999125000089407 0 0
11 0 0.00999125000089407 0 0
12 0 0.00999125000089407 0 0
13 0 0.00999125000089407 0 0
14 0 0.00999125000089407 0 0
15 0 0.00999125000089407 0 0
16 0 0.00999125000089407 0 0
17 0 0.00999125000089407 0 0
18 0 0.00999125000089407 0 0
19 0 0.00999125000089407 0 0
20 0 0.00999125000089407 0 0
21 0 0.00999125000089407 0 0
22 0 0.00999125000089407 0 0
23 0 0.00999125000089407 0 0
24 0 0.00999125000089407 0 0
25 0 0.00999125000089407 0 0
26 0 0.00999125000089407 0 0
27 0 0.00999125000089407 0 0
28 0 0.00999125000089407 0 0
29 0 0.00999125000089407 0 0
30 0 0.00999125000089407 0 0
31 0 0.00999125000089407 0 0
32 0 0.00999125000089407 0 0
33 0 0.00999125000089407 0 0
34 0 0.00999125000089407 0 0
35 0 0.00999125000089407 0 0
36 0 0.00999125000089407 0 0
37 0 0.00999125000089407 0 0
38 0 0.00999125000089407 0 0
39 0 0.00999125000089407 0 0
40 0 0.00999125000089407 0 0
41 0 0.00999125000089407 0 0
42 0 0.00999125000089407 0 0
43 0 0.00999125000089407 0 0
44 0 0.00999125000089407 0 0
45 0 0.00999125000089407 0 0
46 0 0.00999125000089407 0 0
47 0 0.00999125000089407 0 0
48 0 0.00999125000089407 0 0
49 0 0.00999125000089407 0 0
50 0 0.00999125000089407 0 0
51 0 0.00999125000089407 0 0
52 0 0.00999125000089407 0 0
53 0 0.00999125000089407 0 0
54 0 0.00999125000089407 0 0
55 0 0.00999125000089407 0 0
56 0 0.00999125000089407 0 0
57 0 0.00999125000089407 0 0
58 0 0.00999125000089407 0 0
59 0 0.00999125000089407 0 0
60 0 0.00999125000089407 0 0
61 0 0.00999125000089407 0 0
62 0 0.00999125000089407 0 0
63 0 0.00999125000089407 0 0
64 0 0.00999125000089407 0 0
65 0 0.00999125000089407 0 0
66 0 0.00999125000089407 0 0
67 2 0.00999125000089407 0 0
68 2 0.01013729814440012 0 0
69 2 0.01028988603502512 0 0
70 2 0.01044901367276907 0 0
71 2 0.010614680126309395 0 0
72 2 0.010786887258291245 0 0
73 2 0.010965632274746895 0 0
74 2 0.01115091796964407 0 0
75 2 0.01134274248033762 0 0
76 2 0.011541107669472694 0 0
77 2 0.011746011674404144 0 0
78 2 0.01195745449513197 0 0
79 2 0.012175437062978745 0 0
80 2 0.01239995937794447 0 0
81 2 0.012631021440029144 0 0
82 2 0.012868622317910194 0 0
83 2 0.013112762942910194 0 0
84 2 0.013363443315029144 0 0
85 2 0.01362066250294447 0 0
86 2 0.013884421437978745 0 0
87 2 0.01415472012013197 0 0
88 2 0.014431558549404144 0 0
89 2 0.014714935794472694 0 0
90 2 0.015004852786660194 0 0
91 2 0.015301309525966644 0 0
92 18 0.01560430508106947 0 0
93 18 0.015913840383291245 0 0
94 18 0.016229916363954544 0 0
95 18 0.016552530229091644 0 0
96 18 0.016982076689600945 0 0
97 18 0.017322130501270294 0 0
98 18 0.017670903354883194 0 0
99 18 0.018028393387794495 0 0
100 18 0.018394604325294495 0 0
101 2 0.018769536167383194 0 0
102 2 0.019153185188770294 0 0
103 2 0.019545553252100945 0 0
104 2 0.019946642220020294 0 0
105 0 0.020356450229883194 0 0
106 0 0.020756447687745094 0 0
107 0 0.021146636456251144 0 0
108 0 0.021527018398046494 0 0
109 0 0.021897587925195694 0 0
110 0 0.022258350625634193 0 0
111 0 0.022609302774071693 0 0
112 0 0.022950444370508194 0 0
113 1 0.023281779140233994 0 0
114 1 0.023600032553076744 0 0
115 1 0.023806994780898094 0 0
116 1 0.024099091067910194 0 0
117 0 0.024378109723329544 0 0
118 0 0.024647317826747894 0 0
119 0 0.024906717240810394 0 0
120 0 0.025156307965517044 0 0
121 0 0.025396088138222694 0 0
122 0 0.025626059621572495 0 0
123 0 0.025846222415566444 0 0
124 0 0.026056576520204544 0 0
125 0 0.026257120072841644 0 0
126 0 0.026447854936122894 0 0
127 0 0.026628781110048294 0 0
128 0 0.026799896731972694 0 0
129 0 0.026961203664541245 0 0
130 0 0.027112701907753944 0 0
131 0 0.027254391461610794 0 0
132 0 0.027386270463466644 0 0
133 0 0.027508340775966644 0 0
134 0 0.027508340775966644 0 0
135 0 0.027508340775966644 0 0
136 0 0.027508340775966644 0 0
137 0 0.027508340775966644 0 0
138 0 0.027508340775966644 0 0
139 2 0.027508340775966644 0 0
140 2 0.027654388919472694 0 0
141 18 0.027806976810097694 0 0
142 18 0.027966104447841644 0 0
143 18 0.028131771832704544 0 0
144 18 0.028303977102041245 0 0
145 18 0.028482723981142044 0 0
146 18 0.028668008744716644 0 0
147 18 0.028859833255410194 0 0
148 18 0.029058197513222694 0 0
149 18 0.029263101518154144 0 0
150 18 0.029474545270204544 0 0
151 18 0.029692526906728745 0 0
152 18 0.029917050153017044 0 0
153 18 0.030148111283779144 0 0
154 18 0.030385712161660194 0 0
155 18 0.030629852786660194 0 0
156 18 0.030880533158779144 0 0
157 18 0.031137753278017044 0 0
158 18 0.031401511281728745 0 0
159 18 0.031671810895204544 0 0
160 18 0.031948648393154144 0 0
161 18 0.032232027500867844 0 0
162 18 0.032521944493055344 0 0
163 18 0.032818399369716644 0 0
164 18 0.033121395856142044 0 0
165 18 0.033430930227041245 0 0
166 18 0.033747006207704544 0 0
167 18 0.034069620072841644 0 0
168 18 0.034499168395996094 0 0
169 18 0.034839220345020294 0 0
170 18 0.035187993198633194 0 0
171 18 0.03554548695683479 0 0
172 18 0.03591169789433479 0 0
173 18 0.036286626011133194 0 0
174 18 0.036670275032520294 0 0
175 18 0.037062644958496094 0 0
176 18 0.037463732063770294 0 0
177 18 0.037873540073633194 0 0
178 2 0.03829206898808479 0 0
179 2 0.03871931508183479 0 0
180 2 0.039155278354883194 0 0
181 2 0.039599962532520294 0 0
182 2 0.040053367614746094 0 0
183 2 0.040499795228242874 0 0
184 2 0.04094622656702995 0 0
185 2 0.04139265418052673 0 0
186 2 0.041839081794023514 0 0
187 2 0.042285509407520294 0 0
188 2 0.04273194074630737 0 0
189 2 0.04317836835980415 0 0
190 2 0.043624795973300934 0 0
191 2 0.044071223586797714 0 0
192 2 0.04451765492558479 0 0
193 2 0.044964082539081573 0 0
194 2 0.045410510152578354 0 0
195 2 0.045856937766075134 0 0
196 2 0.04630336910486221 0 0
197 2 0.046749796718358994 0 0
198 2 0.047053392976522446 0 0
199 2 0.0471012219786644 0 0
200 2 0.047151610255241394 0 0
201 0 0.047151610255241394 0 0
202 0 0.047151610255241394 0 0
203 0 0.047151610255241394 0 0
204 0 0.047151610255241394 0 0
205 0 0.047151610255241394 0 0
206 0 0.047151610255241394 0 0
207 2 0.047151610255241394 0 0
208 2 0.047151610255241394 0 0
209 2 0.047151610255241394 0 0
210 18 0.047151610255241394 0 0
211 18 0.047151610255241394 0 0
212 18 0.047151610255241394 0 0
213 18 0.047151610255241394 0 0
214 18 0.047151610255241394 0 0
215 18 0.047323815524578094 0 0
216 18 0.047502562403678894 0 0
217 18 0.047687847167253494 0 0
218 18 0.047879669815301895 0 0
219 18 0.048078034073114395 0 0
220 18 0.048282939940690994 0 0
221 18 0.048494383692741394 0 0
222 18 0.048712365329265594 0 0
223 18 0.048936888575553894 0 0
224 18 0.049167949706315994 0 0
225 18 0.049405548721551895 0 0
226 18 0.049649689346551895 0 0
227 2 0.049900371581315994 0 0
228 2 0.050157591700553894 0 0
229 2 0.050421349704265594 0 0
230 2 0.050691649317741394 0 0
231 2 0.050968486815690994 0 0
232 2 0.051251862198114395 0 0
233 2 0.051541779190301895 0 0
234 2 0.051838237792253494 0 0
235 2 0.052141234278678894 0 0
236 2 0.052450768649578094 0 0
237 0 0.052766844630241394 0 0
238 0 0.053073108196258545 0 0
239 0 0.053369566798210144 0 0
240 0 0.053656212985515594 0 0
241 0 0.053933050483465195 0 0
242 0 0.054200079292058945 0 0
243 0 0.054457299411296844 0 0
244 0 0.054704710841178894 0 0
245 0 0.054942309856414795 0 0
246 0 0.055170103907585144 0 0
247 0 0.055388085544109344 0 0
248 0 0.055596258491277695 0 0
249 0 0.05572303757071495 0 0
250 0 0.05572303757071495 0 0
251 2 0.05572303757071495 0 0
252 2 0.05572303757071495 0 0
253 2 0.05572303757071495 0 0
254 2 0.05572303757071495 0 0
255 18 0.05572303757071495 0 0
256 18 0.05572303757071495 0 0
257 18 0.05572303757071495 0 0
258 18 0.05572303757071495 0 0
259 18 0.05572303757071495 0 0
260 18 0.05589524284005165 0 0
261 18 0.05607398971915245 0 0
262 18 0.05625927448272705 0 0
263 18 0.05645110085606575 0 0
264 2 0.05664946511387825 0 0
265 0 0.05685436725616455 0 0
266 0 0.057049460709095 0 0
267 0 0.0572347491979599 0 0
268 0 0.05741022527217865 0 0
269 0 0.05757588893175125 0 0
270 0 0.0577317476272583 0 0
271 0 0.0578777976334095 0 0
272 0 0.05801403522491455 0 0
273 0 0.05814046412706375 0 0
274 0 0.0582570880651474 0 0
275 0 0.0583638995885849 0 0
276 0 0.05846089869737625 0 0
277 0 0.05854809284210205 0 0
278 0 0.058625478297472 0 0
279 0 0.0586930513381958 0 0
280 0 0.05875081568956375 0 0
281 0 0.05879877507686615 0 0
282 0 0.0588369220495224 0 0
283 0 0.0588652566075325 0 0
284 0 0.05888378620147705 0 0
285 0 0.05889250710606575 0 0
286 0 0.0588914155960083 0 0
287 0 0.058900136500597 0 0
288 0 0.05889904499053955 0 0
289 0 0.05890776589512825 0 0
290 0 0.0589066743850708 0 0
291 0 0.0589153952896595 0 0
292 0 0.0589153952896595 0 0
293 2 0.0589153952896595 0 0
294 2 0.0590614415705204 0 0
295 2 0.0592140294611454 0 0
296 2 0.0593731589615345 0 0
297 2 0.0595388263463974 0 0
298 2 0.0597110316157341 0 0
299 2 0.0598897784948349 0 0
300 2 0.0600750632584095 0 0
301 2 0.0602668859064579 0 0
302 2 0.0604652501642704 0 0
303 2 0.060670156031847 0 0
304 2 0.0608815997838974 0 0
305 2 0.0610995814204216 0 0
306 2 0.0613241046667099 0 0
307 2 0.061555165797472 0 0
308 2 0.0617927648127079 0 0
309 2 0.0620369054377079 0 0
310 2 0.062287587672472 0 0
311 2 0.0625448077917099 0 0
312 2 0.0628085657954216 0 0
313 2 0.0630788654088974 0 0
314 2 0.0633556991815567 0 0
315 2 0.0636390820145607 0 0
316 2 0.0639289990067482 0 0
317 2 0.0642254501581192 0 0
318 2 0.0645284503698349 0 0
319 18 0.0648379847407341 0 0
320 18 0.0651540607213974 0 0
321 18 0.0654766708612442 0 0
322 18 0.06590621918439865 0 0
323 18 0.06624627113342285 0 0
324 18 0.06659504771232605 0 0
325 18 0.06695253401994705 0 0
326 18 0.06731874495744705 0 0
327 18 0.06769368052482605 0 0
328 18 0.06807732582092285 0 0
329 18 0.06846969574689865 0 0
330 18 0.06887078285217285 0 0
331 18 0.06928059458732605 0 0
332 18 0.06969911605119705 0 0
333 18 0.07012636214494705 0 0
334 18 0.07056233286857605 0 0
335 18 0.07100701332092285 0 0
336 18 0.07146041840314865 0 0
337 18 0.07190684974193573 0 0
338 18 0.07235327363014221 0 0
339 18 0.07279970496892929 0 0
340 18 0.07324613630771637 0 0
341 18 0.07369256019592285 0 0
342 18 0.07413899153470993 0 0
343 2 0.07458541542291641 0 0
344 2 0.07503184676170349 0 0
345 2 0.07547827810049057 0 0
346 2 0.07592470198869705 0 0
347 2 0.07637113332748413 0 0
348 2 0.07681756466627121 0 0
349 2 0.07726398855447769 0 0
350 2 0.07771041989326477 0 0
351 2 0.07815684378147125 0 0
352 2 0.07860327512025833 0 0
353 2 0.07904970645904541 0 0
354 2 0.07949613034725189 0 0
355 2 0.07994256168603897 0 0
356 2 0.08038899302482605 0 0
357 0 0.08083541691303253 0 0
358 0 0.08127203583717346 0 0
359 0 0.08169884979724884 0 0
360 0 0.08211585134267807 0 0
361 0 0.08252304047346115 0 0
362 0 0.08292042464017868 0 0
363 1 0.08330799639225006 0 0
364 1 0.08368249237537384 0 0
365 1 0.08404390513896942 0 0
366 1 0.08419624716043472 0 0
367 1 0.08395197987556458 0 0
368 1 0.08379939198493958 0 0
369 1 0.08364026993513107 0 0
370 1 0.08347459882497787 0 0
371 1 0.08330239355564117 0 0
372 1 0.08312364667654037 0 0
373 1 0.08293836563825607 0 0
374 1 0.08274653553962708 0 0
375 1 0.08254817128181458 0 0
376 1 0.08234327286481857 0 0
377 1 0.08213182538747787 0 0
378 1 0.08191384375095367 0 0
379 1 0.08168932050466537 0 0
380 1 0.08145826309919357 0 0
381 1 0.08122065663337708 0 0
382 1 0.08097651600837708 0 0
383 1 0.08072584122419357 0 0
384 1 0.08046861737966537 0 0
385 0 0.08020485937595367 0 0
386 0 0.07995091378688812 0 0
387 0 0.07970677316188812 0 0
388 0 0.07947243750095367 0 0
389 0 0.07924791425466537 0 0
390 0 0.07903320342302322 0 0
391 0 0.07882829755544662 0 0
392 0 0.07863320410251617 0 0
393 0 0.07844792306423187 0 0
394 0 0.07827244699001312 0 0
395 2 0.07810677587985992 0 0
396 2 0.07795418798923492 0 0
397 2 0.07781468331813812 0 0
398 2 0.07768824696540833 0 0
399 0 0.07783430069684982 0 0
400 0 0.07797053456306458 0 0
401 0 0.07797053456306458 0 0
402 0 0.07797053456306458 0 0
403 0 0.07797053456306458 0 0
404 0 0.07797053456306458 0 0
405 0 0.07797053456306458 0 0
406 0 0.07797053456306458 0 0
407 0 0.07797053456306458 0 0
408 0 0.07797053456306458 0 0
409 0 0.07797053456306458 0 0
410 2 0.07797053456306458 0 0
411 0 0.07811658829450607 0 0
412 0 0.07825282216072083 0 0
413 0 0.07825282216072083 0 0
414 0 0.07825282216072083 0 0
415 0 0.07825282216072083 0 0
416 0 0.07825282216072083 0 0
417 0 0.07825282216072083 0 0
418 0 0.07825282216072083 0 0
419 0 0.07825282216072083 0 0
420 0 0.07825282216072083 0 0
421 0 0.07825282216072083 0 0
422 0 0.07825282216072083 0 0
423 0 0.07825282216072083 0 0
424 0 0.07825282216072083 0 0
425 0 0.07825282216072083 0 0
426 0 0.07825282216072083 0 0
427 0 0.07825282216072083 0 0
428 0 0.07825282216072083 0 0
429 0 0.07825282216072083 0 0
430 0 0.07825282216072083 0 0
431 0 0.07825282216072083 0 0
432 0 0.07825282216072083 0 0
433 0 0.07825282216072083 0 0
434 0 0.07825282216072083 0 0
435 0 0.07825282216072083 0 0
436 0 0.07825282216072083 0 0
437 0 0.07825282216072083 0 0
438 0 0.07825282216072083 0 0
439 0 0.07825282216072083 0 0
440 0 0.07825282216072083 0 0
441 0 0.07825282216072083 0 0
442 0 0.07825282216072083 0 0
443 0 0.07825282216072083 0 0
444 0 0.07825282216072083 0 0
445 0 0.07825282216072083 0 0
446 0 0.07825282216072083 0 0
447 0 0.07825282216072083 0 0
448 0 0.07825282216072083 0 0
449 0 0.07825282216072083 0 0
450 0 0.07825282216072083 0 0
451 0 0.07825282216072083 0 0
452 0 0.07825282216072083 0 0
453 0 0.07825282216072083 0 0
454 0 0.07825282216072083 0 0
455 0 0.07825282216072083 0 0
456 0 0.07825282216072083 0 0
457 0 0.07825282216072083 0 0
458 0 0.07825282216072083 0 0
459 0 0.07825282216072083 0 0
460 0 0.07825282216072083 0 0
461 0 0.07825282216072083 0 0
462 0 0.07825282216072083 0 0
463 0 0.07825282216072083 0 0
464 0 0.07825282216072083 0 0
465 0 0.07825282216072083 0 0
466 0 0.07825282216072083 0 0
467 0 0.07825282216072083 0 0
468 0 0.07825282216072083 0 0
469 2 0.07825282216072083 0 0
470 2 0.07839887589216232 0 0
471 2 0.07855146378278732 0 0
472 2 0.07871058583259583 0 0
473 2 0.07887625694274902 0 0
474 2 0.07904846221208572 0 0
475 18 0.07922720909118652 0 0
476 18 0.07941249012947083 0 0
477 18 0.07960432022809982 0 0
478 18 0.07980268448591232 0 0
479 18 0.08000758290290833 0 0
480 18 0.08021903038024902 0 0
481 18 0.08043701201677322 0 0
482 18 0.08066153526306152 0 0
483 18 0.08089259266853333 0 0
484 18 0.08113019913434982 0 0
485 18 0.08137433975934982 0 0
486 18 0.08143732696771622 0 0
487 18 0.08143732696771622 0 0
488 18 0.08143732696771622 0 0
489 2 0.08143732696771622 0 0
490 2 0.08143732696771622 0 0
491 2 0.08143732696771622 0 0
492 2 0.08143732696771622 0 0
493 2 0.08143732696771622 0 0
494 2 0.08143732696771622 0 0
495 2 0.08143732696771622 0 0
496 2 0.08143732696771622 0 0
497 2 0.08143732696771622 0 0
498 2 0.08143732696771622 0 0
499 2 0.08143732696771622 0 0
500 2 0.08143732696771622 0 0
501 2 0.08143732696771622 0 0
502 2 0.08143732696771622 0 0
503 2 0.08143732696771622 0 0
504 2 0.08143732696771622 0 0
505 2 0.08143732696771622 0 0
506 2 0.08143732696771622 0 0
507 2 0.08143732696771622 0 0
508 2 0.08164222538471222 0 0
509 2 0.08185367286205292 0 0
510 2 0.08207165449857712 0 0
511 2 0.08229617774486542 0 0
512 2 0.08252723515033722 0 0
513 2 0.08276484161615372 0 0
514 2 0.08300898224115372 0 0
515 2 0.08325965702533722 0 0
516 2 0.08351688086986542 0 0
517 2 0.08378063887357712 0 0
518 2 0.08405093848705292 0 0
519 2 0.08429446816444397 0 0
520 2 0.08429446816444397 0 0
521 2 0.08429446816444397 0 0
522 0 0.08429446816444397 0 0
523 0 0.08429446816444397 0 0
524 0 0.08429446816444397 0 0
525 0 0.08429446816444397 0 0
526 0 0.08429446816444397 0 0
527 0 0.08440455049276352 0 0
528 0 0.08450482040643692 0 0
529 0 0.08459528535604477 0 0
530 0 0.08467593789100647 0 0
531 1 0.08474677801132202 0 0
532 1 0.08460073173046112 0 0
533 0 0.08444814383983612 0 0
534 0 0.08430536836385727 0 0
535 0 0.0842769593000412 0 0
536 0 0.0842769593000412 0 0
537 0 0.0842769593000412 0 0
538 0 0.0842769593000412 0 0
539 0 0.0842769593000412 0 0
540 0 0.0842769593000412 0 0
541 0 0.0842769593000412 0 0
542 0 0.0842769593000412 0 0
543 2 0.0842769593000412 0 0
544 2 0.0844230130314827 0 0
545 2 0.0845756009221077 0 0
546 2 0.0847347229719162 0 0
547 2 0.0849003940820694 0 0
548 2 0.0850725993514061 0 0
549 2 0.0852513462305069 0 0
550 2 0.0854366272687912 0 0
551 0 0.0856284573674202 0 0
552 0 0.08581046760082245 0 0
553 0 0.08598268032073975 0 0
554 0 0.0861450731754303 0 0
555 0 0.0862976610660553 0 0
556 0 0.08644044399261475 0 0
557 0 0.08657340705394745 0 0
558 0 0.08713410794734955 0 0
559 2 0.08713410794734955 0 0
560 2 0.08728015422821045 0 0
561 2 0.08743274211883545 0 0
562 2 0.08759187161922455 0 0
563 0 0.08775753527879715 0 0
564 0 0.0879133939743042 0 0
565 0 0.0880594402551651 0 0
566 0 0.08819568157196045 0 0
567 0 0.08832211047410965 0 0
568 0 0.0884387344121933 0 0
569 0 0.0885455459356308 0 0
570 0 0.08864254504442215 0 0
571 0 0.08872973918914795 0 0
572 0 0.0888071209192276 0 0
573 0 0.0888071209192276 0 0
574 0 0.0888071209192276 0 0
575 0 0.0888071209192276 0 0
576 0 0.0888071209192276 0 0
577 0 0.0888071209192276 0 0
578 2 0.0888071209192276 0 0
579 2 0.0889531672000885 0 0
580 2 0.0891057550907135 0 0
581 18 0.0892648845911026 0 0
582 18 0.0894305557012558 0 0
583 18 0.0896027609705925 0 0
584 18 0.0897815078496933 0 0
585 18 0.0899667888879776 0 0
586 18 0.090158611536026 0 0
587 18 0.0903569757938385 0 0
588 18 0.0905618816614151 0 0
589 18 0.0907733291387558 0 0
590 18 0.09099131077528 0 0
591 18 0.0912158340215683 0 0
592 18 0.0914468914270401 0 0
593 18 0.091684490442276 0 0
594 2 0.091928631067276 0 0
595 2 0.0921793133020401 0 0
596 2 0.0924365371465683 0 0
597 2 0.09270029515028 0 0
598 2 0.0929705947637558 0 0
599 2 0.0932474285364151 0 0
600 2 0.0935308039188385 0 0
601 2 0.093820720911026 0 0
602 2 0.0941171795129776 0 0
603 2 0.0944201797246933 0 0
604 2 0.0947297140955925 0 0
605 2 0.0950457900762558 0 0
606 2 0.0953684002161026 0 0
607 0 0.09579794853925705 0 0
608 0 0.0961194708943367 0 0
609 0 0.0964311882853508 0 0
610 0 0.0966348797082901 0 0
611 0 0.0969269797205925 0 0
612 0 0.09720926731824875 0 0
613 0 0.09748174250125885 0 0
614 0 0.0977444127202034 0 0
615 0 0.0979972705245018 0 0
616 0 0.09824032336473465 0 0
617 0 0.09847356379032135 0 0
618 0 0.0986969992518425 0 0
619 0 0.0989106222987175 0 0
620 0 0.09911443293094635 0 0
621 0 0.09930843859910965 0 0
622 0 0.0994926318526268 0 0
623 0 0.0996670201420784 0 0
624 0 0.09983159601688385 0 0
625 0 0.09998636692762375 0 0
626 0 0.1001313254237175 0 0
627 0 0.1002664715051651 0 0
628 0 0.10039181262254715 0 0
629 0 0.10039181262254715 0 0
630 0 0.10039181262254715 0 0
631 0 0.10039181262254715 0 0
632 0 0.10039181262254715 0 0
633 0 0.10039181262254715 0 0
634 0 0.10039181262254715 0 0
635 0 0.10039181262254715 0 0
636 0 0.10039181262254715 0 0
637 2 0.10039181262254715 0 0
638 2 0.10053785890340805 0 0
639 2 0.10069044679403305 0 0
640 2 0.10084957629442215 0 0
641 2 0.10101523995399475 0 0
642 2 0.10118745267391205 0 0
643 2 0.10136619210243225 0 0
644 2 0.10155148059129715 0 0
645 2 0.10174330323934555 0 0
646 2 0.10194166749715805 0 0
647 0 0.10214657336473465 0 0
648 0 0.1023416668176651 0 0
649 0 0.10252695530653 0 0
650 0 0.10270243138074875 0 0
651 0 0.10286809504032135 0 0
652 0 0.1030239537358284 0 0
653 0 0.1031700000166893 0 0
654 0 0.10330624133348465 0 0
655 2 0.10330624133348465 0 0
656 2 0.10345228761434555 0 0
657 2 0.10360487550497055 0 0
658 2 0.10376400500535965 0 0
659 2 0.10392966866493225 0 0
660 2 0.10410188138484955 0 0
661 0 0.10428062081336975 0 0
662 0 0.104449562728405 0 0
663 0 0.1046086847782135 0 0
664 0 0.10475800931453705 0 0
665 0 0.10489751398563385 0 0
666 0 0.1050272136926651 0 0
667 0 0.1050272136926651 0 0
668 0 0.1050272136926651 0 0
669 2 0.1050272136926651 0 0
670 2 0.105173259973526 0 0
671 2 0.105325847864151 0 0
672 2 0.1054849773645401 0 0
673 2 0.1056506484746933 0 0
674 2 0.10582285374403 0 0
675 2 0.1060016006231308 0 0
676 2 0.1061868816614151 0 0
677 2 0.1063787043094635 0 0
678 2 0.106577068567276 0 0
679 2 0.1067819744348526 0 0
680 2 0.1069934219121933 0 0
681 2 0.1072114035487175 0 0
682 2 0.1074359267950058 0 0
683 2 0.1076669842004776 0 0
684 2 0.1079045832157135 0 0
685 18 0.1081487238407135 0 0
686 18 0.1083994060754776 0 0
687 18 0.1086566299200058 0 0
688 18 0.1089203879237175 0 0
689 18 0.1091906875371933 0 0
690 18 0.1094675213098526 0 0
691 18 0.109750896692276 0 0
692 18 0.1100408136844635 0 0
693 18 0.1103372722864151 0 0
694 18 0.1106402724981308 0 0
695 18 0.11094980686903 0 0
696 18 0.1112658828496933 0 0
697 18 0.1115884929895401 0 0
698 18 0.11201804131269455 0 0
699 18 0.11235809326171875 0 0
700 18 0.11270686239004135 0 0
701 18 0.11306435614824295 0 0
702 18 0.11343056708574295 0 0
703 18 0.11380549520254135 0 0
704 18 0.11418914794921875 0 0
705 2 0.11457929015159607 0 1
705 2 0.11457929015159607 0 1
