data/levels/world1/13 - Above the Arctic Skies.stl
1 0 0.012058190070092678 0 0
2 0 0.012058190070092678 0 0
3 0 0.012058190070092678 0 0
4 0 0.012058190070092678 0 0
5 0 0.012058190070092678 0 0
6 0 0.012058190070092678 0 0
7 0 0.012058190070092678 0 0
8 0 0.012058190070092678 0 0
9 0 0.012058190070092678 0 0
10 0 0.012058190070092678 0 0
11 0 0.012058190070092678 0 0
12 0 0.012058190070092678 0 0
13 0 0.012058190070092678 0 0
14 0 0.012058190070092678 0 0
15 0 0.012058190070092678 0 0
16 0 0.012058190070092678 0 0
17 0 0.012058190070092678 0 0
18 0 0.012058190070092678 0 0
19 0 0.012058190070092678 0 0
20 0 0.012058190070092678 0 0
21 0 0.012058190070092678 0 0
22 0 0.012058190070092678 0 0
23 0 0.012058190070092678 0 0
24 0 0.012058190070092678 0 0
25 0 0.012058190070092678 0 0
26 0 0.012058190070092678 0 0
27 0 0.012058190070092678 0 0
28 0 0.012058190070092678 0 0
29 0 0.012058190070092678 0 0
30 0 0.012058190070092678 0 0
31 0 0.012058190070092678 0 0
32 0 0.012058190070092678 0 0
33 0 0.012058190070092678 0 0
34 0 0.012058190070092678 0 0
35 0 0.012058190070092678 0 0
36 0 0.012058190070092678 0 0
37 0 0.012058190070092678 0 0
38 0 0.012058190070092678 0 0
39 0 0.012058190070092678 0 0
40 0 0.012058190070092678 0 0
41 0 0.012058190070092678 0 0
42 0 0.012058190070092678 0 0
43 0 0.012058190070092678 0 0
44 0 0.012058190070092678 0 0
45 0 0.012058190070092678 0 0
46 0 0.012058190070092678 0 0
47 0 0.012058190070092678 0 0
48 0 0.012058190070092678 0 0
49 0 0.012058190070092678 0 0
50 0 0.012058190070092678 0 0
51 0 0.012058190070092678 0 0
52 0 0.012058190070092678 0 0
53 0 0.012058190070092678 0 0
54 0 0.012058190070092678 0 0
55 0 0.012058190070092678 0 0
56 0 0.012058190070092678 0 0
57 0 0.012058190070092678 0 0
58 0 0.012058190070092678 0 0
59 0 0.012058190070092678 0 0
60 0 0.012058190070092678 0 0
61 0 0.012058190070092678 0 0
62 0 0.012058190070092678 0 0
63 0 0.012058190070092678 0 0
64 0 0.012058190070092678 0 0
65 0 0.012058190070092678 0 0
66 0 0.012058190070092678 0 0
67 0 0.012058190070092678 0 0
68 0 0.012058190070092678 0 0
69 0 0.012058190070092678 0 0
70 0 0.012058190070092678 0 0
71 0 0.012058190070092678 0 0
72 0 0.012058190070092678 0 0
73 0 0.012058190070092678 0 0
74 0 0.012058190070092678 0 0
75 0 0.012058190070092678 0 0
76 0 0.012058190070092678 0 0
77 0 0.012058190070092678 0 0
78 0 0.012058190070092678 0 0
79 0 0.012058190070092678 0 0
80 0 0.012058190070092678 0 0
81 0 0.012058190070092678 0 0
82 0 0.012058190070092678 0 0
83 0 0.012058190070092678 0 0
84 0 0.012058190070092678 0 0
85 0 0.012058190070092678 0 0
86 0 0.012058190070092678 0 0
87 0 0.012058190070092678 0 0
88 0 0.012058190070092678 0 0
89 0 0.012058190070092678 0 0
90 0 0.012058190070092678 0 0
91 0 0.012058190070092678 0 0
92 0 0.012058190070092678 0 0
93 0 0.012058190070092678 0 0
94 0 0.012058190070092678 0 0
95 0 0.012058190070092678 0 0
96 0 0.012058190070092678 0 0
97 0 0.012058190070092678 0 0
98 0 0.012058190070092678 0 0
99 0 0.012058190070092678 0 0
100 0 0.012058190070092678 0 0
101 2 0.012058190070092678 0 0
102 2 0.012234454974532127 0 0
103 2 0.012418612837791443 0 0
104 2 0.012610663659870625 0 0
105 2 0.012810605578124523 0 0
106 2 0.013018441386520863 0 0
107 2 0.013234169222414494 0 0
108 2 0.013457789085805416 0 0
109 2 0.013689301908016205 0 0
110 2 0.01392870582640171 0 0
111 2 0.014176003634929657 0 0
112 2 0.014431193470954895 0 0
113 2 0.0146942762658 0 0
114 2 0.014965251088142395 0 0
115 2 0.015244118869304657 0 0
116 2 0.01553087867796421 0 0
117 2 0.015825530514121056 0 0
118 2 0.01612807624042034 0 0
119 2 0.01643851399421692 0 0
120 2 0.016756843775510788 0 0
121 2 0.01708306558430195 0 0
122 2 0.01741718128323555 0 0
123 2 0.017759189009666443 0 0
124 2 0.018109088763594627 0 0
125 2 0.018466880545020103 0 0
126 2 0.01883256435394287 0 0
127 2 0.01920614205300808 0 0
128 2 0.01958761177957058 0 0
129 2 0.01997697353363037 0 0
130 2 0.020495394244790077 0 0
131 2 0.02090580388903618 0 0
132 2 0.021326735615730286 0 0
133 2 0.021758191287517548 0 0
134 2 0.022200170904397964 0 0
135 2 0.022652672603726387 0 0
136 2 0.023115698248147964 0 0
137 2 0.023589245975017548 0 0
138 2 0.024073317646980286 0 0
139 2 0.02456791326403618 0 0
140 2 0.025073030963540077 0 0
141 2 0.02558867447078228 0 0
142 2 0.02611483819782734 0 0
143 2 0.026651527732610703 0 0
144 2 0.02719873934984207 0 0
145 2 0.027737531810998917 0 0
146 2 0.02827632427215576 0 0
147 2 0.028815118595957756 0 0
148 2 0.0293539110571146 0 0
149 2 0.029892703518271446 0 0
150 2 0.03043149784207344 0 0
151 2 0.030970290303230286 0 0
152 2 0.03150908276438713 0 0
153 2 0.032047875225543976 0 0
154 2 0.03258667141199112 0 0
155 2 0.033125463873147964 0 0
156 18 0.03366425633430481 0 0
157 18 0.034203048795461655 0 0
158 18 0.0347418412566185 0 0
159 18 0.035280633717775345 0 0
160 18 0.03581942990422249 0 0
161 18 0.036358222365379333 0 0
162 18 0.03689701482653618 0 0
163 18 0.037435807287693024 0 0
164 18 0.03797459974884987 0 0
165 18 0.038513392210006714 0 0
166 18 0.03905218839645386 0 0
167 18 0.0395909808576107 0 0
168 18 0.04012977331876755 0 0
169 18 0.04066856577992439 0 0
170 18 0.04120735824108124 0 0
171 18 0.04174615442752838 0 0
172 18 0.042284946888685226 0 0
173 18 0.04282373934984207 0 0
174 18 0.04336253181099892 0 0
175 18 0.04390132427215576 0 0
176 18 0.04444011673331261 0 0
177 18 0.04497891291975975 0 0
178 18 0.045517705380916595 0 0
179 18 0.04605649784207344 0 0
180 18 0.046595290303230286 0 0
181 18 0.04713408276438713 0 0
182 18 0.047672875225543976 0 0
183 18 0.04821167141199112 0 0
184 18 0.048750463873147964 0 0
185 18 0.04928925633430481 0 0
186 18 0.049828048795461655 0 0
187 18 0.0503668412566185 0 0
188 18 0.050905633717775345 0 0
189 18 0.05144442990422249 0 0
190 18 0.051983222365379333 0 0
191 18 0.05252201482653618 0 0
192 18 0.053060807287693024 0 0
193 18 0.05359959974884987 0 0
194 18 0.054138392210006714 0 0
195 18 0.05467718839645386 0 0
196 18 0.0552159808576107 0 0
197 18 0.05575477331876755 0 0
198 18 0.05629356577992439 0 0
199 18 0.05683235824108124 0 0
200 18 0.05737115442752838 0 0
201 18 0.057909946888685226 0 0
202 18 0.05844873934984207 0 0
203 18 0.05898753181099892 0 0
204 18 0.05952632427215576 0 0
205 18 0.06006511673331261 0 0
206 18 0.06060391291975975 0 0
207 18 0.061142705380916595 0 0
208 18 0.06168149784207344 0 0
209 18 0.062220290303230286 0 0
210 18 0.06275908648967743 0 0
211 18 0.06329787522554398 0 0
212 2 0.06383667141199112 0 0
213 2 0.06437546014785767 0 0
214 2 0.06491425633430481 0 0
215 2 0.06545305252075195 0 0
216 2 0.0659918412566185 0 0
217 2 0.06653063744306564 0 0
218 2 0.06706942617893219 0 0
219 2 0.06760822236537933 0 0
220 2 0.06814701110124588 0 0
221 2 0.06868580728769302 0 0
222 2 0.06922460347414017 0 0
223 2 0.06976339221000671 0 0
224 2 0.07030218839645386 0 0
225 2 0.0708409771323204 0 0
226 2 0.07137977331876755 0 0
227 2 0.07191856950521469 0 0
228 2 0.07245735824108124 0 0
229 2 0.07299615442752838 0 0
230 2 0.07353494316339493 0 0
231 2 0.07407373934984207 0 0
232 2 0.07461253553628922 0 0
233 2 0.07515132427215576 0 0
234 2 0.0756901204586029 0 0
235 2 0.07622890919446945 0 0
236 2 0.0767677053809166 0 0
237 2 0.07730649411678314 0 0
238 2 0.07784529030323029 0 0
239 2 0.07838408648967743 0 0
240 2 0.07892287522554398 0 0
241 2 0.07946167141199112 0 0
242 2 0.08000046014785767 0 0
243 2 0.08053925633430481 0 0
244 2 0.08107805252075195 0 0
245 2 0.0816168412566185 0 0
246 2 0.08215563744306564 0 0
247 2 0.08269442617893219 0 0
248 2 0.08323322236537933 0 0
249 2 0.08377201110124588 0 0
250 2 0.08431080728769302 0 0
251 2 0.08484960347414017 0 0
252 2 0.08538839221000671 0 0
253 2 0.08592718839645386 0 0
254 2 0.0864659771323204 0 0
255 2 0.08700477331876755 0 0
256 2 0.08754356950521469 0 0
257 2 0.08808235824108124 0 0
258 2 0.08862115442752838 0 0
259 2 0.08915994316339493 0 0
260 2 0.08969873934984207 0 0
261 2 0.09023753553628922 0 0
262 2 0.09077632427215576 0 0
263 2 0.0913151204586029 0 0
264 2 0.09185390919446945 0 0
265 2 0.0923927053809166 0 0
266 2 0.09293149411678314 0 0
267 2 0.09347029030323029 0 0
268 2 0.09400908648967743 0 0
269 2 0.09454787522554398 0 0
270 2 0.09508667141199112 0 0
271 2 0.09562546014785767 0 0
272 2 0.09616425633430481 0 0
273 2 0.09670305252075195 0 0
274 2 0.0972418412566185 0 0
275 2 0.09778063744306564 0 0
276 2 0.09831942617893219 0 0
277 2 0.09820089489221573 0 1
277 2 0.09820089489221573 0 1
1 0 0.012058190070092678 0 0
2 0 0.012058190070092678 0 0
3 0 0.012058190070092678 0 0
4 0 0.012058190070092678 0 0
5 0 0.012058190070092678 0 0
6 0 0.012058190070092678 0 0
7 0 0.012058190070092678 0 0
8 0 0.012058190070092678 0 0
9 0 0.012058190070092678 0 0
10 0 0.012058190070092678 0 0
11 0 0.012058190070092678 0 0
12 0 0.012058190070092678 0 0
13 0 0.012058190070092678 0 0
14 0 0.012058190070092678 0 0
15 0 0.012058190070092678 0 0
16 0 0.012058190070092678 0 0
17 0 0.012058190070092678 0 0
18 0 0.012058190070092678 0 0
19 0 0.012058190070092678 0 0
20 0 0.012058190070092678 0 0
21 0 0.012058190070092678 0 0
22 0 0.012058190070092678 0 0
23 0 0.012058190070092678 0 0
24 0 0.012058190070092678 0 0
25 0 0.012058190070092678 0 0
26 0 0.012058190070092678 0 0
27 0 0.012058190070092678 0 0
28 0 0.012058190070092678 0 0
29 0 0.012058190070092678 0 0
30 0 0.012058190070092678 0 0
31 0 0.012058190070092678 0 0
32 0 0.012058190070092678 0 0
33 0 0.012058190070092678 0 0
34 0 0.012058190070092678 0 0
35 0 0.012058190070092678 0 0
36 0 0.012058190070092678 0 0
37 0 0.012058190070092678 0 0
38 0 0.012058190070092678 0 0
39 0 0.012058190070092678 0 0
40 0 0.012058190070092678 0 0
41 0 0.012058190070092678 0 0
42 0 0.012058190070092678 0 0
43 0 0.012058190070092678 0 0
44 0 0.012058190070092678 0 0
45 0 0.012058190070092678 0 0
46 0 0.012058190070092678 0 0
47 0 0.012058190070092678 0 0
48 0 0.012058190070092678 0 0
49 0 0.012058190070092678 0 0
50 0 0.012058190070092678 0 0
51 0 0.012058190070092678 0 0
52 0 0.012058190070092678 0 0
53 0 0.012058190070092678 0 0
54 0 0.012058190070092678 0 0
55 0 0.012058190070092678 0 0
56 0 0.012058190070092678 0 0
57 0 0.012058190070092678 0 0
58 0 0.012058190070092678 0 0
59 0 0.012058190070092678 0 0
60 0 0.012058190070092678 0 0
61 0 0.012058190070092678 0 0
62 0 0.012058190070092678 0 0
63 0 0.012058190070092678 0 0
64 0 0.012058190070092678 0 0
65 0 0.012058190070092678 0 0
66 0 0.012058190070092678 0 0
67 0 0.012058190070092678 0 0
68 0 0.012058190070092678 0 0
69 0 0.012058190070092678 0 0
70 0 0.012058190070092678 0 0
71 0 0.012058190070092678 0 0
72 0 0.012058190070092678 0 0
73 0 0.012058190070092678 0 0
74 0 0.012058190070092678 0 0
75 0 0.012058190070092678 0 0
76 0 0.012058190070092678 0 0
77 0 0.012058190070092678 0 0
78 0 0.012058190070092678 0 0
79 0 0.012058190070092678 0 0
80 0 0.012058190070092678 0 0
81 0 0.012058190070092678 0 0
82 0 0.012058190070092678 0 0
83 0 0.012058190070092678 0 0
84 0 0.012058190070092678 0 0
85 0 0.012058190070092678 0 0
86 0 0.012058190070092678 0 0
87 0 0.012058190070092678 0 0
88 0 0.012058190070092678 0 0
89 0 0.012058190070092678 0 0
90 0 0.012058190070092678 0 0
91 0 0.012058190070092678 0 0
92 0 0.012058190070092678 0 0
93 0 0.012058190070092678 0 0
94 0 0.012058190070092678 0 0
95 0 0.012058190070092678 0 0
96 0 0.012058190070092678 0 0
97 0 0.012058190070092678 0 0
98 0 0.012058190070092678 0 0
99 0 0.012058190070092678 0 0
100 0 0.012058190070092678 0 0
101 0 0.012058190070092678 0 0
102 0 0.012058190070092678 0 0
103 0 0.012058190070092678 0 0
104 0 0.012058190070092678 0 0
105 0 0.012058190070092678 0 0
106 0 0.012058190070092678 0 0
107 0 0.012058190070092678 0 0
108 0 0.012058190070092678 0 0
109 0 0.012058190070092678 0 0
110 0 0.012058190070092678 0 0
111 0 0.012058190070092678 0 0
112 0 0.012058190070092678 0 0
113 0 0.012058190070092678 0 0
114 0 0.012058190070092678 0 0
115 0 0.012058190070092678 0 0
116 0 0.012058190070092678 0 0
117 0 0.012058190070092678 0 0
118 0 0.012058190070092678 0 0
119 0 0.012058190070092678 0 0
120 0 0.012058190070092678 0 0
121 0 0.012058190070092678 0 0
121 0 0.012058190070092678 0 0
