data/levels/world1/13 - Above the Arctic Skies.stl
1 0 0.012058190070092678 0 0
2 0 0.012058190070092678 0 0
3 0 0.012058190070092678 0 0
4 2 0.012058190070092678 0 0
5 2 0.012234454974532127 0 0
6 2 0.012418612837791443 0 0
7 2 0.012610663659870625 0 0
8 2 0.012810605578124523 0 0
9 0 0.013018441386520863 0 0
10 0 0.013214437291026115 0 0
11 0 0.013398595154285431 0 0
12 0 0.013570914976298809 0 0
13 0 0.0137313948944211 0 0
14 0 0.0137313948944211 0 0
15 0 0.0137313948944211 0 0
16 0 0.0137313948944211 0 0
17 0 0.0137313948944211 0 0
18 0 0.0137313948944211 0 0
19 0 0.0137313948944211 0 0
20 0 0.0137313948944211 0 0
21 0 0.0137313948944211 0 0
22 0 0.0137313948944211 0 0
23 0 0.0137313948944211 0 0
24 0 0.0137313948944211 0 0
25 0 0.0137313948944211 0 0
26 0 0.0137313948944211 0 0
27 0 0.0137313948944211 0 0
28 0 0.0137313948944211 0 0
29 0 0.0137313948944211 0 0
30 0 0.0137313948944211 0 0
31 0 0.0137313948944211 0 0
32 0 0.0137313948944211 0 0
33 0 0.0137313948944211 0 0
34 0 0.0137313948944211 0 0
35 0 0.0137313948944211 0 0
36 0 0.0137313948944211 0 0
37 0 0.0137313948944211 0 0
38 0 0.0137313948944211 0 0
39 0 0.0137313948944211 0 0
40 0 0.0137313948944211 0 0
41 0 0.0137313948944211 0 0
42 0 0.0137313948944211 0 0
43 0 0.0137313948944211 0 0
44 0 0.0137313948944211 0 0
45 0 0.0137313948944211 0 0
46 0 0.0137313948944211 0 0
47 0 0.0137313948944211 0 0
48 0 0.0137313948944211 0 0
49 0 0.0137313948944211 0 0
50 0 0.0137313948944211 0 0
51 0 0.0137313948944211 0 0
52 0 0.0137313948944211 0 0
53 0 0.0137313948944211 0 0
54 0 0.0137313948944211 0 0
55 0 0.0137313948944211 0 0
56 0 0.0137313948944211 0 0
57 0 0.0137313948944211 0 0
58 0 0.0137313948944211 0 0
59 0 0.0137313948944211 0 0
60 0 0.0137313948944211 0 0
61 0 0.0137313948944211 0 0
62 0 0.0137313948944211 0 0
63 0 0.0137313948944211 0 0
64 0 0.0137313948944211 0 0
65 0 0.0137313948944211 0 0
66 0 0.0137313948944211 0 0
67 0 0.0137313948944211 0 0
68 0 0.0137313948944211 0 0
69 0 0.0137313948944211 0 0
70 0 0.0137313948944211 0 0
71 0 0.0137313948944211 0 0
72 0 0.0137313948944211 0 0
73 0 0.0137313948944211 0 0
74 0 0.0137313948944211 0 0
75 0 0.0137313948944211 0 0
76 0 0.0137313948944211 0 0
77 0 0.0137313948944211 0 0
78 0 0.0137313948944211 0 0
79 0 0.0137313948944211 0 0
80 0 0.0137313948944211 0 0
81 0 0.0137313948944211 0 0
82 0 0.0137313948944211 0 0
83 0 0.0137313948944211 0 0
84 0 0.0137313948944211 0 0
85 0 0.0137313948944211 0 0
86 0 0.0137313948944211 0 0
87 0 0.0137313948944211 0 0
88 0 0.0137313948944211 0 0
89 0 0.0137313948944211 0 0
90 0 0.0137313948944211 0 0
91 0 0.0137313948944211 0 0
92 0 0.0137313948944211 0 0
93 0 0.0137313948944211 0 0
94 0 0.0137313948944211 0 0
95 0 0.0137313948944211 0 0
96 2 0.0137313948944211 0 0
97 2 0.01390765979886055 0 0
98 2 0.014091817662119865 0 0
99 2 0.014283867552876472 0 0
100 2 0.014483810402452946 0 0
101 2 0.01469164527952671 0 0
102 2 0.014907373115420341 0 0
103 2 0.015130992978811264 0 0
104 2 0.015362505801022053 0 0
105 2 0.015601911582052708 0 0
106 2 0.01584920845925808 0 0
107 2 0.016104398295283318 0 0
108 2 0.016367482021450996 0 0
109 2 0.016638455912470818 0 0
110 2 0.01691732369363308 0 0
111 2 0.017204083502292633 0 0
112 2 0.017498737201094627 0 0
113 2 0.017801281064748764 0 0
114 2 0.01811171881854534 0 0
115 2 0.01843004859983921 0 0
116 2 0.01875627040863037 0 0
117 2 0.019090386107563972 0 0
118 2 0.019432393833994865 0 0
119 2 0.01978229358792305 0 0
120 2 0.020140085369348526 0 0
121 2 0.020505771040916443 0 0
122 2 0.020879346877336502 0 0
123 2 0.021260816603899002 0 0
124 2 0.021650180220603943 0 0
125 2 0.02216860093176365 0 0
126 2 0.0225790087133646 0 0
127 2 0.022999940440058708 0 0
128 2 0.02343139611184597 0 0
129 2 0.023873375728726387 0 0
130 2 0.02432587742805481 0 0
131 2 0.024788903072476387 0 0
132 2 0.02526245079934597 0 0
133 2 0.025746522471308708 0 0
134 2 0.0262411180883646 0 0
135 2 0.02674623765051365 0 0
136 2 0.027261879295110703 0 0
137 2 0.02778804302215576 0 0
138 2 0.028324732556939125 0 0
139 2 0.028871944174170494 0 0
140 2 0.02941073663532734 0 0
141 2 0.029949530959129333 0 0
142 2 0.03048832342028618 0 0
143 2 0.031027115881443024 0 0
144 2 0.03156590834259987 0 0
145 2 0.032104700803756714 0 0
146 2 0.03264349699020386 0 0
147 2 0.0331822894513607 0 0
148 2 0.03372108191251755 0 0
149 2 0.03425987437367439 0 0
150 2 0.03479866683483124 0 0
151 2 0.03533746302127838 0 0
152 2 0.035876255482435226 0 0
153 18 0.03641504794359207 0 0
154 18 0.03695384040474892 0 0
155 18 0.03749263286590576 0 0
156 18 0.03803142532706261 0 0
157 18 0.03857022151350975 0 0
158 18 0.039109013974666595 0 0
159 2 0.03964780643582344 0 0
160 2 0.040186598896980286 0 0
161 2 0.04072539135813713 0 0
162 2 0.041264183819293976 0 0
163 2 0.04180298000574112 0 0
164 2 0.042341772466897964 0 0
165 2 0.04288056492805481 0 0
166 2 0.043419357389211655 0 0
167 2 0.0439581498503685 0 0
168 2 0.044496942311525345 0 0
169 2 0.04503573849797249 0 0
170 2 0.045574530959129333 0 0
171 2 0.04611332342028618 0 0
172 2 0.046652115881443024 0 0
173 2 0.04719090834259987 0 0
174 2 0.047729700803756714 0 0
175 2 0.04826849699020386 0 0
176 2 0.0488072894513607 0 0
177 2 0.04934608191251755 0 0
178 2 0.04988487437367439 0 0
179 2 0.05042366683483124 0 0
180 2 0.05096246302127838 0 0
181 2 0.051501255482435226 0 0
182 2 0.05204004794359207 0 0
183 2 0.05257884040474892 0 0
184 2 0.05311763286590576 0 0
185 2 0.05365642532706261 0 0
186 2 0.05419522151350975 0 0
187 2 0.054734013974666595 0 0
188 2 0.05527280643582344 0 0
189 2 0.055811598896980286 0 0
190 2 0.05635039135813713 0 0
191 2 0.056889183819293976 0 0
192 2 0.05742798000574112 0 0
193 2 0.057966772466897964 0 0
194 2 0.05850556492805481 0 0
195 2 0.059044357389211655 0 0
196 2 0.0595831498503685 0 0
197 2 0.060121942311525345 0 0
198 2 0.06066073849797249 0 0
199 2 0.061199530959129333 0 0
200 2 0.06173832342028618 0 0
201 2 0.062277115881443024 0 0
202 2 0.06281591206789017 0 0
203 2 0.06335470080375671 0 0
204 2 0.06389349699020386 0 0
205 2 0.0644322857260704 0 0
206 2 0.06497108191251755 0 0
207 2 0.06550987809896469 0 0
208 2 0.06604866683483124 0 0
209 2 0.06658746302127838 0 0
210 2 0.06712625175714493 0 0
211 2 0.06766504794359207 0 0
212 2 0.06820384413003922 0 0
213 2 0.06874263286590576 0 0
214 2 0.0692814290523529 0 0
215 2 0.06982021778821945 0 0
216 2 0.0703590139746666 0 0
217 2 0.07089780271053314 0 0
218 2 0.07143659889698029 0 0
219 2 0.07197539508342743 0 0
220 18 0.07251418381929398 0 0
221 18 0.07305298000574112 0 0
222 18 0.07359176874160767 0 0
223 18 0.07413056492805481 0 0
224 18 0.07466936111450195 0 0
225 18 0.0752081498503685 0 0
226 18 0.07574694603681564 0 0
227 18 0.07628573477268219 0 0
228 18 0.07682453095912933 0 0
229 18 0.07736331969499588 0 0
230 18 0.07790211588144302 0 0
231 18 0.07844091206789017 0 0
232 18 0.07897970080375671 0 0
233 18 0.07951849699020386 0 0
234 18 0.0800572857260704 0 0
235 18 0.08059608191251755 0 0
236 18 0.08113487809896469 0 0
237 18 0.08167366683483124 0 0
238 18 0.08221246302127838 0 0
239 18 0.08275125175714493 0 0
240 2 0.08329004794359207 0 0
241 2 0.08382884413003922 0 0
242 2 0.08436763286590576 0 0
243 2 0.0849064290523529 0 0
244 2 0.08544521778821945 0 0
245 2 0.0859840139746666 0 0
246 2 0.08652280271053314 0 0
247 2 0.08706159889698029 0 0
248 2 0.08760039508342743 0 0
249 2 0.08813918381929398 0 0
250 2 0.08867798000574112 0 0
251 2 0.08921676874160767 0 0
252 2 0.08975556492805481 0 0
253 2 0.09029436111450195 0 0
254 2 0.0908331498503685 0 0
255 2 0.09137194603681564 0 0
256 2 0.09191073477268219 0 0
257 2 0.09244953095912933 0 0
258 2 0.09298831969499588 0 0
259 2 0.09352711588144302 0 0
260 2 0.09406591206789017 0 0
261 2 0.09460470080375671 0 0
262 2 0.09514349699020386 0 0
263 2 0.0956822857260704 0 0
264 2 0.09622108191251755 0 0
265 2 0.09675987809896469 0 0
266 2 0.09729866683483124 0 0
267 2 0.09783746302127838 0 0
268 2 0.09837625175714493 0 0
269 2 0.09891504794359207 0 0
270 2 0.09945384413003922 0 0
271 2 0.09999263286590576 0 0
272 2 0.1005314290523529 0 0
273 18 0.10107021778821945 0 0
274 18 0.1016090139746666 0 0
275 18 0.10214780271053314 0 0
276 18 0.10268659889698029 0 0
277 18 0.10322539508342743 0 0
278 18 0.10376418381929398 0 0
279 18 0.10430298000574112 0 0
280 18 0.10484176874160767 0 0
281 18 0.10538056492805481 0 0
282 18 0.10591936111450195 0 0
283 18 0.1064581498503685 0 0
284 18 0.10699694603681564 0 0
285 18 0.10753573477268219 0 0
286 18 0.10807453095912933 0 0
287 18 0.10861331969499588 0 0
288 18 0.10915211588144302 0 0
289 18 0.10969091206789017 0 0
290 18 0.11022970080375671 0 0
291 18 0.11076849699020386 0 0
292 2 0.1113072857260704 0 0
293 2 0.11184608191251755 0 0
294 2 0.11238487809896469 0 0
295 2 0.11292366683483124 0 0
296 0 0.11346246302127838 0 0
297 0 0.11398941278457642 0 0
298 0 0.11450453102588654 0 0
299 0 0.11500781029462814 0 0
300 0 0.11549924314022064 0 0
301 0 0.11597884446382523 0 0
302 0 0.1164466068148613 0 0
303 0 0.11690253019332886 0 0
304 0 0.1173466145992279 0 0
305 0 0.11777886003255844 0 0
306 0 0.11819926649332047 0 0
307 1 0.11860782653093338 0 0
308 1 0.11900061368942261 0 0
309 1 0.11937761306762695 0 0
310 0 0.11962029337882996 0 0
311 0 0.11996966600418091 0 0
312 0 0.12030719965696335 0 0
313 0 0.12063289433717728 0 0
314 0 0.12094675004482269 0 0
315 0 0.1212487742304802 0 0
316 0 0.12153895199298859 0 0
317 0 0.12181729078292847 0 0
318 0 0.12208379805088043 0 0
319 0 0.12233845889568329 0 0
320 0 0.12258128821849823 0 0
321 0 0.12281227111816406 0 0
322 0 0.12303142249584198 0 0
323 0 0.12323872745037079 0 0
324 2 0.12343420088291168 0 0
325 2 0.12363756448030472 0 0
326 2 0.1238488182425499 0 0
327 2 0.12406796216964722 0 0
328 2 0.12429500371217728 0 0
329 2 0.12452993541955948 0 0
330 2 0.12477276474237442 0 0
331 2 0.1250234842300415 0 0
332 2 0.12528209388256073 0 0
333 2 0.1255485862493515 0 0
334 2 0.1258229911327362 0 0
335 2 0.12610527873039246 0 0
336 2 0.12639544904232025 0 0
337 2 0.12669353187084198 0 0
338 2 0.12699949741363525 0 0
339 2 0.12731334567070007 0 0
340 2 0.12763510644435883 0 0
341 2 0.12796474993228912 0 0
342 2 0.12830227613449097 0 0
343 2 0.12864769995212555 0 0
344 2 0.12900102138519287 0 0
345 2 0.12936224043369293 0 0
346 2 0.12973134219646454 0 0
347 2 0.13010834157466888 0 0
348 2 0.13049322366714478 0 0
349 2 0.1308860182762146 0 0
350 0 0.13140785694122314 0 0
351 0 0.13179931044578552 0 0
352 0 0.13217894732952118 0 0
353 0 0.13242819905281067 0 0
354 0 0.1327841579914093 0 0
355 0 0.13312827050685883 0 0
356 0 0.13346053659915924 0 0
357 0 0.13378097116947174 0 0
358 0 0.13408957421779633 0 0
359 0 0.1343863308429718 0 0
360 0 0.13467124104499817 0 0
361 0 0.13494431972503662 0 0
362 0 0.13520556688308716 0 0
363 0 0.1354549676179886 0 0
364 0 0.1356925368309021 0 0
365 0 0.1359182596206665 0 0
366 0 0.1361321359872818 0 0
367 0 0.13633419573307037 0 0
368 0 0.13652439415454865 0 0
369 0 0.136702761054039 0 0
370 0 0.13686929643154144 0 0
371 0 0.13686929643154144 0 0
372 0 0.13686929643154144 0 0
373 0 0.13686929643154144 0 0
374 0 0.13686929643154144 0 0
375 0 0.13686929643154144 0 0
376 1 0.13686929643154144 0 0
377 1 0.13669303059577942 0 0
378 1 0.13650888204574585 0 0
379 1 0.13631682097911835 0 0
380 1 0.1361168771982193 0 0
381 1 0.1359090507030487 0 0
382 1 0.13569332659244537 0 0
383 1 0.1354697048664093 0 0
384 1 0.1352381855249405 0 0
385 1 0.13499878346920013 0 0
386 1 0.13475148379802704 0 0
387 1 0.1344963014125824 0 0
388 1 0.13423320651054382 0 0
389 1 0.1339622437953949 0 0
390 0 0.13368336856365204 0 0
391 0 0.1334163397550583 0 0
392 0 0.13316115736961365 0 0
393 0 0.13291779160499573 0 0
394 0 0.1326862871646881 0 0
395 0 0.1324666142463684 0 0
396 0 0.13225877285003662 0 0
397 0 0.13206277787685394 0 0
398 1 0.13187862932682037 0 0
399 1 0.13168656826019287 0 0
400 1 0.13148662447929382 0 0
401 1 0.13127879798412323 0 0
402 1 0.1310630738735199 0 0
403 1 0.13083945214748383 0 0
404 0 0.13060793280601501 0 0
405 0 0.1303882598876953 0 0
406 0 0.13018041849136353 0 0
407 0 0.12998442351818085 0 0
408 0 0.12980027496814728 0 0
409 0 0.12962795794010162 0 0
410 2 0.12946747243404388 0 0
411 2 0.1296437382698059 0 0
412 2 0.12982788681983948 0 0
413 2 0.13001994788646698 0 0
414 2 0.13021989166736603 0 0
415 2 0.13042771816253662 0 0
416 2 0.13064345717430115 0 0
417 2 0.13086706399917603 0 0
418 2 0.13109858334064484 0 0
419 2 0.1313379853963852 0 0
420 18 0.1315852850675583 0 0
421 18 0.13184048235416412 0 0
422 18 0.1321035623550415 0 0
423 18 0.13237453997135162 0 0
424 18 0.1326534003019333 0 0
425 18 0.1329401582479477 0 0
426 18 0.13323481380939484 0 0
427 18 0.13353735208511353 0 0
428 18 0.13384780287742615 0 0
429 18 0.13416612148284912 0 0
430 18 0.13449235260486603 0 0
431 18 0.13482646644115448 0 0
432 18 0.13516846299171448 0 0
433 18 0.1355183720588684 0 0
434 18 0.13587616384029388 0 0
435 18 0.1362418532371521 0 0
436 18 0.13661542534828186 0 0
437 18 0.13699689507484436 0 0
438 18 0.1373862624168396 0 0
439 18 0.13790467381477356 0 0
440 18 0.1383150815963745 0 0
441 18 0.13873600959777832 0 0
442 18 0.13916747272014618 0 0
443 18 0.1396094560623169 0 0
444 18 0.14006194472312927 0 0
445 18 0.1405249834060669 0 0
446 2 0.14099852740764618 0 0
447 2 0.14148259162902832 0 0
448 2 0.1419771909713745 0 0
449 2 0.14248231053352356 0 0
450 2 0.14299795031547546 0 0
451 2 0.14352411031723022 0 0
452 2 0.14406080543994904 0 0
453 2 0.1446080207824707 0 0
454 2 0.14514681696891785 0 0
455 2 0.1456855982542038 0 0
456 2 0.14622439444065094 0 0
457 2 0.14676319062709808 0 0
458 2 0.14730198681354523 0 0
459 2 0.14784078299999237 0 0
460 2 0.14837956428527832 0 0
461 2 0.14891836047172546 0 0
462 2 0.1494571566581726 0 0
463 2 0.14999595284461975 0 0
464 2 0.1505347490310669 0 0
465 2 0.15107353031635284 0 0
466 2 0.1516123265028 0 0
467 2 0.15215112268924713 0 0
468 2 0.15268991887569427 0 0
469 2 0.15322870016098022 0 0
470 2 0.15376749634742737 0 0
471 2 0.1543062925338745 0 0
472 2 0.15484508872032166 0 0
473 2 0.1553838849067688 0 0
474 2 0.15592266619205475 0 0
475 2 0.1564614623785019 0 0
476 2 0.15700025856494904 0 0
477 2 0.15753905475139618 0 0
478 2 0.15807785093784332 0 0
479 2 0.15861663222312927 0 0
480 2 0.15915542840957642 0 0
481 2 0.15969422459602356 0 0
482 2 0.1602330207824707 0 0
483 2 0.16077181696891785 0 0
484 2 0.1613105982542038 0 0
485 2 0.16184939444065094 0 0
486 2 0.16238819062709808 0 0
487 2 0.16292698681354523 0 0
488 2 0.16346578299999237 0 0
489 2 0.16400456428527832 0 0
490 2 0.16454336047172546 0 0
491 2 0.1650821566581726 0 0
492 2 0.16562095284461975 0 0
493 2 0.1661597490310669 0 0
494 2 0.16669853031635284 0 0
495 2 0.1672373265028 0 0
496 2 0.16777612268924713 0 0
497 2 0.16831491887569427 0 0
498 2 0.16885370016098022 0 0
499 2 0.16939249634742737 0 0
500 2 0.1699312925338745 0 0
501 2 0.17047008872032166 0 0
502 2 0.1710088849067688 0 0
503 2 0.17154766619205475 0 0
504 2 0.1720864623785019 0 0
505 2 0.17262525856494904 0 0
506 2 0.17316405475139618 0 0
507 2 0.17370285093784332 0 0
508 2 0.17424163222312927 0 0
509 2 0.17478042840957642 0 0
510 2 0.17531922459602356 0 0
511 2 0.1758580207824707 0 0
512 2 0.17639681696891785 0 0
513 2 0.1769355982542038 0 0
514 2 0.17747439444065094 0 0
515 2 0.17801319062709808 0 0
516 2 0.17855198681354523 0 0
517 2 0.17909078299999237 0 0
518 2 0.17962956428527832 0 0
519 2 0.18016836047172546 0 0
520 2 0.1807071566581726 0 0
521 2 0.18124595284461975 0 0
522 2 0.1817847490310669 0 0
523 2 0.18232353031635284 0 0
524 2 0.1828623265028 0 0
525 2 0.18340112268924713 0 0
526 2 0.18393991887569427 0 0
527 2 0.18447870016098022 0 0
528 2 0.18501749634742737 0 0
529 2 0.1855562925338745 0 0
530 2 0.18609508872032166 0 0
531 2 0.1866338849067688 0 0
532 2 0.18717266619205475 0 0
533 2 0.1877114623785019 0 0
534 2 0.18825025856494904 0 0
535 2 0.18878905475139618 0 0
536 18 0.18932785093784332 0 0
537 18 0.18986663222312927 0 0
538 18 0.19040542840957642 0 0
539 18 0.19094422459602356 0 0
540 18 0.1914830207824707 0 0
541 18 0.19202181696891785 0 0
542 18 0.1925605982542038 0 0
543 18 0.19309939444065094 0 0
544 18 0.19363819062709808 0 0
545 18 0.19417698681354523 0 0
546 18 0.19471578299999237 0 0
547 18 0.19525456428527832 0 0
548 18 0.19579336047172546 0 0
549 18 0.1963321566581726 0 0
550 18 0.19687095284461975 0 0
551 18 0.1974097490310669 0 0
552 18 0.19794853031635284 0 0
553 18 0.1984873265028 0 0
554 18 0.19902612268924713 0 0
555 18 0.19956491887569427 0 0
556 18 0.20010370016098022 0 0
557 18 0.20064249634742737 0 0
558 2 0.2011812925338745 0 0
559 2 0.20172008872032166 0 0
560 2 0.2022588849067688 0 0
561 2 0.20279766619205475 0 0
562 2 0.2033364623785019 0 0
563 2 0.20387525856494904 0 0
564 2 0.20441405475139618 0 0
565 2 0.20495285093784332 0 0
566 2 0.20549163222312927 0 0
567 2 0.20603042840957642 0 0
568 2 0.20656922459602356 0 0
569 2 0.2071080207824707 0 0
570 2 0.20764681696891785 0 0
571 2 0.2081855982542038 0 0
572 2 0.20872439444065094 0 0
573 2 0.20926319062709808 0 0
574 2 0.20980198681354523 0 0
575 2 0.21034078299999237 0 0
576 2 0.21087956428527832 0 0
577 2 0.21141836047172546 0 0
578 2 0.2119571566581726 0 0
579 2 0.21249595284461975 0 0
580 2 0.2130347490310669 0 0
581 2 0.21357353031635284 0 0
582 2 0.2141123265028 0 0
583 2 0.21465112268924713 0 0
584 2 0.21518991887569427 0 0
585 2 0.21572870016098022 0 0
586 2 0.21626749634742737 0 0
587 2 0.2168062925338745 0 0
588 2 0.21734508872032166 0 0
589 2 0.2178838849067688 0 0
590 2 0.21842266619205475 0 0
591 2 0.2189614623785019 0 0
592 2 0.21950025856494904 0 0
593 2 0.22003905475139618 0 0
594 2 0.22057785093784332 0 0
595 2 0.22111663222312927 0 0
596 2 0.22165542840957642 0 0
597 2 0.22219422459602356 0 0
598 18 0.2227330207824707 0 0
599 18 0.22327181696891785 0 0
600 18 0.2238105982542038 0 0
601 18 0.22434939444065094 0 0
602 2 0.22488819062709808 0 0
603 2 0.22542698681354523 0 0
604 2 0.22596578299999237 0 0
605 2 0.22650456428527832 0 0
606 2 0.22704336047172546 0 0
607 2 0.2275821566581726 0 0
608 2 0.22812095284461975 0 0
609 2 0.2286597490310669 0 0
610 2 0.22919853031635284 0 0
611 2 0.2297373265028 0 0
612 2 0.23027612268924713 0 0
613 2 0.23081491887569427 0 0
614 2 0.23135370016098022 0 0
615 2 0.23189249634742737 0 0
616 2 0.2324312925338745 0 0
617 2 0.23297008872032166 0 0
618 2 0.2335088849067688 0 0
619 2 0.23404766619205475 0 0
620 2 0.2345864623785019 0 0
621 2 0.23512525856494904 0 0
622 2 0.23566405475139618 0 0
623 2 0.23620285093784332 0 0
624 2 0.23674163222312927 0 0
625 2 0.23728042840957642 0 0
626 2 0.23781922459602356 0 0
627 2 0.2383580207824707 0 0
628 2 0.23889681696891785 0 0
629 2 0.2394355982542038 0 0
630 2 0.23997439444065094 0 0
631 2 0.24051319062709808 0 0
632 2 0.24105198681354523 0 0
633 2 0.24159078299999237 0 0
634 2 0.24212956428527832 0 0
635 2 0.24266836047172546 0 0
636 2 0.2432071566581726 0 0
637 2 0.24374595284461975 0 0
638 2 0.2442847490310669 0 0
639 2 0.24482353031635284 0 0
640 2 0.2453623265028 0 0
641 2 0.24590112268924713 0 0
642 2 0.24643991887569427 0 0
643 2 0.24697870016098022 0 0
644 2 0.24751749634742737 0 0
645 2 0.2480562925338745 0 0
646 2 0.24859508872032166 0 0
647 2 0.2491338849067688 0 0
648 2 0.24967266619205475 0 0
649 2 0.2502114772796631 0 0
650 2 0.25075027346611023 0 0
651 2 0.251289039850235 0 0
652 2 0.25182783603668213 0 0
653 2 0.2523666322231293 0 0
654 2 0.2529054284095764 0 0
655 2 0.25344422459602356 0 0
656 2 0.2539830207824707 0 0
657 2 0.25452181696891785 0 0
658 2 0.255060613155365 0 0
659 2 0.25559940934181213 0 0
660 2 0.2561381757259369 0 0
661 2 0.25667697191238403 0 0
662 2 0.2572157680988312 0 0
663 2 0.2577545642852783 0 0
664 2 0.25829336047172546 0 0
665 2 0.2588321566581726 0 0
666 2 0.25937095284461975 0 0
667 2 0.2599097490310669 0 0
668 2 0.26044854521751404 0 0
669 2 0.2609873414039612 0 0
670 2 0.26152610778808594 0 0
671 2 0.2620649039745331 0 0
672 18 0.2626037001609802 0 0
673 18 0.26314249634742737 0 0
674 18 0.2636812925338745 0 0
675 18 0.26422008872032166 0 0
676 18 0.2647588849067688 0 0
677 18 0.26529768109321594 0 0
678 18 0.2658364772796631 0 0
679 18 0.26637527346611023 0 0
680 18 0.266914039850235 0 0
681 18 0.26745283603668213 0 0
682 2 0.2679916322231293 0 0
683 2 0.2685304284095764 0 0
684 2 0.26906922459602356 0 0
685 2 0.2696080207824707 0 0
686 2 0.27014681696891785 0 0
687 2 0.270685613155365 0 0
688 2 0.27122440934181213 0 0
689 2 0.2717631757259369 0 0
690 2 0.27230197191238403 0 0
691 2 0.2728407680988312 0 0
692 0 0.2733795642852783 0 0
693 0 0.27390652894973755 0 0
694 0 0.2744216322898865 0 0
695 0 0.2749249041080475 0 0
696 0 0.2754163444042206 0 0
697 0 0.27589595317840576 0 0
698 0 0.27636370062828064 0 0
699 0 0.27681964635849 0 0
700 0 0.27726373076438904 0 0
701 0 0.2776959538459778 0 0
702 0 0.278116375207901 0 0
703 0 0.2785249352455139 0 0
704 0 0.2789216637611389 0 0
705 0 0.279306560754776 0 0
706 0 0.2795610725879669 0 0
707 0 0.2799222767353058 0 0
708 0 0.28027164936065674 0 0
709 0 0.2806091904640198 0 0
710 0 0.2809348702430725 0 0
711 0 0.2812487483024597 0 0
712 0 0.2815507650375366 0 0
713 0 0.2818409502506256 0 0
714 2 0.2821192741394043 0 0
715 2 0.2824055254459381 0 0
716 2 0.2826996445655823 0 0
717 2 0.2830016613006592 0 0
718 2 0.2833115756511688 0 0
719 2 0.2836293578147888 0 0
720 2 0.28395506739616394 0 0
721 2 0.2842886447906494 0 0
722 2 0.28463014960289 0 0
723 2 0.28497952222824097 0 0
724 18 0.28533676266670227 0 0
725 18 0.2857019305229187 0 0
726 18 0.28607499599456787 0 0
727 18 0.2864559292793274 0 0
728 18 0.28684476017951965 0 0
729 18 0.287362664937973 0 0
730 18 0.2877725660800934 0 0
731 18 0.2881929576396942 0 0
732 18 0.2886238992214203 0 0
733 18 0.28906533122062683 0 0
734 18 0.2895173132419586 0 0
735 18 0.28997981548309326 0 0
736 18 0.29045283794403076 0 0
737 18 0.2909363806247711 0 0
738 18 0.29143044352531433 0 0
739 18 0.2919350564479828 0 0
740 18 0.2924501597881317 0 0
741 18 0.2929758131504059 0 0
742 18 0.2935119569301605 0 0
743 18 0.2940586507320404 0 0
744 18 0.29459744691848755 0 0
745 18 0.2951362431049347 0 0
746 18 0.29567503929138184 0 0
747 18 0.296213835477829 0 0
748 18 0.29675260186195374 0 0
749 18 0.2972913980484009 0 0
750 2 0.297830194234848 0 0
751 2 0.29836899042129517 0 0
752 2 0.2989077866077423 0 0
753 2 0.29944658279418945 0 0
754 2 0.2999853789806366 0 0
755 2 0.30052417516708374 0 0
756 2 0.3010629713535309 0 0
757 2 0.30160173773765564 0 0
758 2 0.3021405339241028 0 0
759 2 0.3026793301105499 0 0
760 2 0.30321812629699707 0 0
761 2 0.3037569224834442 0 0
762 2 0.30429571866989136 0 0
763 2 0.3048345148563385 0 0
764 2 0.30537331104278564 0 0
765 2 0.3059121072292328 0 0
766 2 0.30645090341567993 0 0
767 2 0.3069896697998047 0 0
768 2 0.30752846598625183 0 0
769 2 0.308067262172699 0 0
770 2 0.3086060583591461 0 0
771 2 0.30914485454559326 0 0
772 2 0.3096836507320404 0 0
773 2 0.31022244691848755 0 0
774 2 0.3107612431049347 0 0
775 2 0.31130003929138184 0 0
776 2 0.311838835477829 0 0
777 2 0.31237760186195374 0 0
778 2 0.3129163980484009 0 0
779 2 0.313455194234848 0 0
780 2 0.31399399042129517 0 0
781 2 0.3145327866077423 0 0
782 2 0.31507158279418945 0 0
783 2 0.3156103789806366 0 0
784 2 0.31614917516708374 0 0
785 2 0.3166879713535309 0 0
786 18 0.31722673773765564 0 0
787 18 0.3177655339241028 0 0
788 18 0.3183043301105499 0 0
789 18 0.31884312629699707 0 0
790 18 0.3193819224834442 0 0
791 18 0.31992071866989136 0 0
792 18 0.3204595148563385 0 0
793 18 0.32099831104278564 0 0
794 2 0.3215371072292328 0 0
795 2 0.32207590341567993 0 0
796 0 0.3226146697998047 0 0
797 0 0.3231416344642639 0 0
798 0 0.32365676760673523 0 0
799 0 0.32416003942489624 0 0
800 1 0.32465147972106934 0 0
801 1 0.32512712478637695 0 0
802 0 0.3255870044231415 0 0
803 0 0.3260350227355957 0 0
804 0 0.326471209526062 0 0
805 0 0.3268955647945404 0 0
806 0 0.3273080885410309 0 0
807 1 0.32770875096321106 0 0
808 1 0.32809364795684814 0 0
809 1 0.3283441960811615 0 0
810 0 0.32869753241539 0 0
811 0 0.3290390074253082 0 0
812 0 0.3293686509132385 0 0
813 0 0.3296864330768585 0 0
814 0 0.329992413520813 0 0
815 0 0.33028653264045715 0 0
816 0 0.3305688202381134 0 0
817 0 0.33083927631378174 0 0
818 2 0.33109787106513977 0 0
819 2 0.33136439323425293 0 0
820 2 0.33163878321647644 0 0
821 2 0.3319210708141327 0 0
822 2 0.3322112560272217 0 0
823 2 0.332509309053421 0 0
824 2 0.3328152894973755 0 0
825 2 0.3331291377544403 0 0
826 2 0.33345088362693787 0 0
827 2 0.33378052711486816 0 0
828 2 0.3341180682182312 0 0
829 2 0.334463506937027 0 0
830 2 0.3348168134689331 0 0
831 2 0.33517804741859436 0 0
832 2 0.33554714918136597 0 0
833 2 0.3359241485595703 0 0
834 2 0.336309015750885 0 0
835 2 0.33670181035995483 0 0
836 2 0.3372236490249634 0 0
837 2 0.3376374840736389 0 0
838 2 0.3380618393421173 0 0
839 2 0.33849671483039856 0 0
840 2 0.33894211053848267 0 0
841 2 0.33939802646636963 0 0
842 18 0.33986449241638184 0 0
843 18 0.3403414487838745 0 0
844 18 0.34082895517349243 0 0
845 18 0.3413269519805908 0 0
846 18 0.34183549880981445 0 0
847 18 0.34235456585884094 0 0
848 18 0.3428841531276703 0 0
849 18 0.3434242606163025 0 0
850 18 0.34396305680274963 0 0
851 18 0.3445018231868744 0 0
852 18 0.34504061937332153 0 0
853 18 0.3455794155597687 0 0
854 2 0.3461182117462158 0 0
855 2 0.34665700793266296 0 0
856 2 0.3471958041191101 0 0
857 2 0.34773460030555725 0 0
858 0 0.3482733964920044 0 0
859 0 0.34880033135414124 0 0
860 0 0.34931546449661255 0 0
861 0 0.34981873631477356 0 0
862 0 0.35031017661094666 0 0
863 0 0.35078978538513184 0 0
864 0 0.3512575328350067 0 0
865 0 0.3517134487628937 0 0
866 0 0.3521575331687927 0 0
867 0 0.35258978605270386 0 0
868 0 0.3530101776123047 0 0
869 1 0.35341876745224 0 0
870 1 0.3538115322589874 0 0
871 1 0.3541885316371918 0 0
872 1 0.3544312119483948 0 0
873 1 0.35477662086486816 0 0
874 1 0.35510626435279846 0 0
875 1 0.35542014241218567 0 0
876 0 0.355718195438385 0 0
877 0 0.3560044467449188 0 0
878 0 0.35627883672714233 0 0
879 0 0.35654139518737793 0 0
880 0 0.3567921221256256 0 0
881 0 0.357030987739563 0 0
882 0 0.35725802183151245 0 0
883 0 0.357473224401474 0 0
884 0 0.35767659544944763 0 0
885 0 0.35786810517311096 0 0
886 0 0.35804781317710876 0 0
887 0 0.35821565985679626 0 0
888 0 0.35821565985679626 0 0
889 0 0.35821565985679626 0 0
890 0 0.35821565985679626 0 0
891 0 0.35821565985679626 0 0
892 0 0.35821565985679626 0 0
893 0 0.35821565985679626 0 0
894 0 0.35821565985679626 0 0
895 0 0.35821565985679626 0 0
896 0 0.35821565985679626 0 0
897 0 0.35821565985679626 0 0
898 0 0.35821565985679626 0 0
899 0 0.35821565985679626 0 0
900 0 0.35821565985679626 0 0
901 0 0.35821565985679626 0 0
902 0 0.35821565985679626 0 0
903 0 0.35821565985679626 0 0
904 0 0.35821565985679626 0 0
905 0 0.35821565985679626 0 0
906 0 0.35821565985679626 0 0
907 0 0.35821565985679626 0 0
908 0 0.35821565985679626 0 0
909 0 0.35821565985679626 0 0
910 0 0.35821565985679626 0 0
911 0 0.35821565985679626 0 0
912 0 0.35821565985679626 0 0
913 0 0.35821565985679626 0 0
914 0 0.35821565985679626 0 0
915 0 0.35821565985679626 0 0
916 0 0.35821565985679626 0 0
917 0 0.35821565985679626 0 0
918 0 0.35821565985679626 0 0
919 0 0.35821565985679626 0 0
920 0 0.35821565985679626 0 0
921 0 0.35821565985679626 0 0
922 0 0.35821565985679626 0 0
923 0 0.35821565985679626 0 0
924 0 0.35821565985679626 0 0
925 0 0.35821565985679626 0 0
926 0 0.35821565985679626 0 0
927 0 0.35821565985679626 0 0
928 0 0.35821565985679626 0 0
929 0 0.35821565985679626 0 0
930 0 0.35821565985679626 0 0
931 0 0.35821565985679626 0 0
932 2 0.35821565985679626 0 0
933 2 0.3583919107913971 0 0
934 2 0.35857605934143066 0 0
935 2 0.35876813530921936 0 0
936 2 0.358968049287796 0 0
937 2 0.3591758906841278 0 0
938 2 0.35939162969589233 0 0
939 2 0.3596152365207672 0 0
940 2 0.3598467707633972 0 0
941 2 0.3600861728191376 0 0
942 2 0.36033347249031067 0 0
943 2 0.3605886399745941 0 0
944 18 0.3608517348766327 0 0
945 18 0.3611226975917816 0 0
946 18 0.36140158772468567 0 0
947 18 0.3616883456707001 0 0
948 18 0.3619830012321472 0 0
949 18 0.3622855246067047 0 0
950 18 0.36259597539901733 0 0
951 18 0.3629142940044403 0 0
952 18 0.363240510225296 0 0
953 18 0.36357465386390686 0 0
954 18 0.36391663551330566 0 0
955 18 0.3642665445804596 0 0
956 18 0.36462435126304626 0 0
957 18 0.3649900257587433 0 0
958 18 0.36536359786987305 0 0
959 18 0.36574506759643555 0 0
960 18 0.3661344349384308 0 0
961 18 0.36665287613868713 0 0
962 18 0.3670632839202881 0 0
963 18 0.3674842119216919 0 0
964 18 0.36791566014289856 0 0
965 18 0.3683576285839081 0 0
966 2 0.36881014704704285 0 0
967 2 0.3692731559276581 0 0
968 2 0.36974671483039856 0 0
969 2 0.3702307939529419 0 0
970 2 0.3707253932952881 0 0
971 2 0.37123051285743713 0 0
972 2 0.37174615263938904 0 0
973 2 0.3722723126411438 0 0
974 2 0.3728089928627014 0 0
975 2 0.3733561933040619 0 0
976 2 0.37389498949050903 0 0
977 2 0.3744337856769562 0 0
978 2 0.3749725818634033 0 0
979 2 0.37551137804985046 0 0
980 2 0.3760501742362976 0 0
981 2 0.37658897042274475 0 0
982 2 0.3771277666091919 0 0
983 2 0.37766656279563904 0 0
984 2 0.3782053589820862 0 0
985 2 0.37874412536621094 0 0
986 0 0.3792829215526581 0 0
987 0 0.3798098862171173 0 0
988 0 0.38032498955726624 0 0
989 0 0.38082829117774963 0 0
990 1 0.38131973147392273 0 0
991 1 0.38179537653923035 0 0
992 1 0.3822552263736725 0 0
993 1 0.38269931077957153 0 0
994 1 0.3831276297569275 0 0
995 1 0.3835401237010956 0 0
996 1 0.3839368522167206 0 0
997 1 0.3843178153038025 0 0
998 1 0.38456442952156067 0 0
999 1 0.3849138021469116 0 0
1000 1 0.3852473795413971 0 0
1001 1 0.3855651915073395 0 0
1002 1 0.3858672082424164 0 0
1003 1 0.3861534297466278 0 0
1004 1 0.38642388582229614 0 0
1005 1 0.386678546667099 0 0
1006 1 0.38691744208335876 0 0
1007 1 0.38714051246643066 0 0
1008 1 0.38734784722328186 0 0
1009 1 0.3875393569469452 0 0
1010 1 0.38771510124206543 0 0
1011 0 0.3878750503063202 0 0
1012 0 0.3878750503063202 0 0
1013 0 0.3878750503063202 0 0
1014 0 0.3878750503063202 0 0
1015 1 0.3878750503063202 0 0
1016 1 0.38769879937171936 0 0
1017 1 0.3875146210193634 0 0
1018 1 0.3873225748538971 0 0
1019 1 0.38712263107299805 0 0
1020 1 0.38691478967666626 0 0
1021 1 0.3866990804672241 0 0
1022 1 0.38647544384002686 0 0
1023 1 0.38624393939971924 0 0
1024 1 0.3860045373439789 0 0
1025 1 0.3857572376728058 0 0
1026 1 0.38550204038619995 0 0
1027 0 0.38523897528648376 0 0
1028 1 0.3849877119064331 0 0
1029 1 0.3847285807132721 0 0
1030 1 0.38446155190467834 0 0
1031 1 0.38418662548065186 0 0
1032 1 0.383903831243515 0 0
1033 1 0.38361310958862305 0 0
1034 1 0.3833145201206207 0 0
1035 1 0.38300803303718567 0 0
1036 1 0.38269364833831787 0 0
1037 0 0.38237136602401733 0 0
1038 0 0.3820609152317047 0 0
1039 0 0.3817623257637024 0 0
1040 0 0.381475567817688 0 0
1041 0 0.3812006413936615 0 0
1042 0 0.3809375762939453 0 0
1043 0 0.38068631291389465 0 0
1044 0 0.3804469108581543 0 0
1045 0 0.38021934032440186 0 0
1046 0 0.3800036311149597 0 0
1047 0 0.3797997236251831 0 0
1048 0 0.3796076774597168 0 0
1049 0 0.3794274628162384 0 0
1050 0 0.3792591094970703 0 0
1051 0 0.37910255789756775 0 0
1052 2 0.37910255789756775 0 0
1053 2 0.37927883863449097 0 0
1054 2 0.37946298718452454 0 0
1055 2 0.37965503334999084 0 0
1056 2 0.3798549771308899 0 0
1057 2 0.3800628185272217 0 0
1058 2 0.3802785277366638 0 0
1059 2 0.3805021643638611 0 0
1060 2 0.3807336688041687 0 0
1061 2 0.38097307085990906 0 0
1062 2 0.38122037053108215 0 0
1063 2 0.381475567817688 0 0
1064 2 0.38173866271972656 0 0
1065 2 0.3820096254348755 0 0
1066 2 0.38228848576545715 0 0
1067 2 0.38257524371147156 0 0
1068 2 0.3828698992729187 0 0
1069 2 0.3831724524497986 0 0
1070 2 0.3834828734397888 0 0
1071 2 0.3838012218475342 0 0
1072 2 0.3841274380683899 0 0
1073 2 0.38446155190467834 0 0
1074 2 0.38480356335639954 0 0
1075 2 0.38515347242355347 0 0
1076 18 0.38551124930381775 0 0
1077 18 0.38587692379951477 0 0
1078 18 0.3862505257129669 0 0
1079 18 0.3866319954395294 0 0
1080 18 0.38702133297920227 0 0
1081 18 0.3875397741794586 0 0
1082 18 0.38795018196105957 0 0
1083 18 0.3883711099624634 0 0
1084 18 0.38880258798599243 0 0
1085 18 0.38924455642700195 0 0
1086 18 0.38969704508781433 0 0
1087 18 0.39016008377075195 0 0
1088 18 0.39063364267349243 0 0
1089 18 0.3911176919937134 0 0
1090 18 0.39161229133605957 0 0
1091 18 0.3921174108982086 0 0
1092 18 0.3926330506801605 0 0
1093 18 0.3931592106819153 0 0
1094 18 0.3936959207057953 0 0
1095 18 0.39424312114715576 0 0
1096 18 0.3947819173336029 0 0
1097 18 0.39532071352005005 0 0
1098 18 0.3958595097064972 0 0
1099 18 0.39639830589294434 0 0
1100 18 0.3969371020793915 0 0
1101 18 0.39747586846351624 0 0
1102 18 0.3980146646499634 0 0
1103 18 0.3985534608364105 0 0
1104 18 0.39909225702285767 0 0
1105 18 0.3996310532093048 0 0
1106 18 0.40016984939575195 0 0
1107 18 0.4007086455821991 0 0
1108 18 0.40124744176864624 0 0
1109 2 0.4017862379550934 0 0
1110 2 0.40232500433921814 0 0
1111 2 0.4028638005256653 0 0
1112 0 0.4034025967121124 0 0
1113 0 0.40392956137657166 0 0
1114 0 0.4044446647167206 0 0
1115 0 0.404947966337204 0 0
1116 1 0.4054393768310547 0 0
1117 1 0.4059150516986847 0 0
1118 1 0.40637490153312683 0 0
1119 1 0.4068189859390259 0 0
1120 1 0.40724730491638184 0 0
1121 1 0.4076597988605499 0 0
1122 1 0.4080565273761749 0 0
1123 1 0.40843749046325684 0 0
1124 1 0.408684104681015 0 0
1125 1 0.40903347730636597 0 0
1126 0 0.40936705470085144 0 0
1127 0 0.409688800573349 0 0
1128 0 0.40999871492385864 0 0
1129 0 0.41029679775238037 0 0
1130 1 0.4105830192565918 0 0
1131 1 0.41085347533226013 0 0
1132 1 0.411108136177063 0 0
1133 1 0.41134700179100037 0 0
1134 1 0.41157010197639465 0 0
1135 1 0.41177740693092346 0 0
1136 1 0.4119689464569092 0 0
1137 1 0.4121446907520294 0 0
1138 1 0.4123046398162842 0 0
1139 1 0.41212835907936096 0 0
1140 1 0.4119442105293274 0 0
1141 1 0.4117521643638611 0 0
1142 1 0.41155222058296204 0 0
1143 1 0.41134437918663025 0 0
1144 1 0.4111286699771881 0 0
1145 1 0.41090503334999084 0 0
1146 1 0.4106735289096832 0 0
1147 1 0.41043412685394287 0 0
1148 1 0.4101868271827698 0 0
1149 1 0.40993162989616394 0 0
1150 0 0.40966853499412537 0 0
1151 0 0.4094173014163971 0 0
1152 0 0.40917789936065674 0 0
1153 0 0.4089503288269043 0 0
1154 0 0.40873458981513977 0 0
1155 0 0.40853071212768555 0 0
1156 0 0.40833866596221924 0 0
1157 0 0.40815845131874084 0 0
1158 0 0.40799006819725037 0 0
1159 0 0.4078335464000702 0 0
1160 0 0.4078335464000702 0 0
1161 0 0.4078335464000702 0 0
1162 0 0.4078335464000702 0 0
1163 0 0.4078335464000702 0 0
1164 0 0.4078335464000702 0 0
1165 0 0.4078335464000702 0 0
1166 0 0.4078335464000702 0 0
1167 0 0.4078335464000702 0 0
1168 0 0.4078335464000702 0 0
1169 0 0.4078335464000702 0 0
1170 0 0.4078335464000702 0 0
1171 0 0.4078335464000702 0 0
1172 0 0.4078335464000702 0 0
1173 0 0.4078335464000702 0 0
1174 0 0.4078335464000702 0 0
1175 0 0.4078335464000702 0 0
1176 0 0.4078335464000702 0 0
1177 0 0.4078335464000702 0 0
1178 0 0.4078335464000702 0 0
1179 0 0.4078335464000702 0 0
1180 0 0.4078335464000702 0 0
1181 0 0.4078335464000702 0 0
1182 0 0.4078335464000702 0 0
1183 0 0.4078335464000702 0 0
1184 0 0.4078335464000702 0 0
1185 0 0.4078335464000702 0 0
1186 0 0.4078335464000702 0 0
1187 0 0.4078335464000702 0 0
1188 0 0.4078335464000702 0 0
1189 0 0.4078335464000702 0 0
1190 0 0.4078335464000702 0 0
1191 0 0.4078335464000702 0 0
1192 0 0.4078335464000702 0 0
1193 0 0.4078335464000702 0 0
1194 2 0.4078335464000702 0 0
1195 2 0.408009797334671 0 0
1196 2 0.408193975687027 0 0
1197 2 0.4083860218524933 0 0
1198 2 0.40858596563339233 0 0
1199 2 0.4087938070297241 0 0
1200 2 0.40900951623916626 0 0
1201 2 0.4092331528663635 0 0
1202 2 0.40946465730667114 0 0
1203 2 0.4097040593624115 0 0
1204 2 0.4099513590335846 0 0
1205 2 0.41020655632019043 0 0
1206 2 0.4104696214199066 0 0
1207 2 0.41074061393737793 0 0
1208 2 0.4110194742679596 0 0
1209 2 0.411306232213974 0 0
1210 2 0.41160088777542114 0 0
1211 2 0.411903440952301 0 0
1212 2 0.41221386194229126 0 0
1213 2 0.4125322103500366 0 0
1214 18 0.41285842657089233 0 0
1215 18 0.4131925404071808 0 0
1216 18 0.413534551858902 0 0
1217 18 0.4138844311237335 0 0
1218 18 0.4142422378063202 0 0
1219 18 0.4146079123020172 0 0
1220 18 0.41498151421546936 0 0
1221 18 0.41536298394203186 0 0
1222 18 0.4157523214817047 0 0
1223 18 0.41627076268196106 0 0
1224 18 0.416681170463562 0 0
1225 18 0.4171020984649658 0 0
1226 18 0.4175335466861725 0 0
1227 18 0.4179755449295044 0 0
1228 18 0.4184280335903168 0 0
1229 18 0.4188576936721802 0 1
1229 18 0.4188576936721802 0 1
