data/levels/world2/Mouldy_Grotto.stl
1 1 0.02222878858447075 0 0
2 1 0.021961759775877 0 0
3 1 0.021683286875486374 0 0
4 1 0.021393369883298874 0 0
5 1 0.0210920087993145 0 0
6 1 0.02077920362353325 0 0
7 1 0.020454954355955124 0 0
8 1 0.020119260996580124 0 0
9 1 0.019772125408053398 0 0
10 1 0.019413543865084648 0 0
11 1 0.019043518230319023 0 0
12 0 0.018662048503756523 0 0
13 0 0.018297744914889336 0 0
14 0 0.01795060746371746 0 0
15 0 0.017620636150240898 0 0
16 2 0.017307830974459648 0 0
17 2 0.017017913982272148 0 0
18 2 0.016750885173678398 0 0
19 2 0.016506744548678398 0 0
20 2 0.016285492107272148 0 0
21 2 0.016541076824069023 0 0
22 2 0.016808105632662773 0 0
23 2 0.017086578533053398 0 0
24 2 0.017376495525240898 0 0
25 2 0.017677856609225273 0 0
26 2 0.017990661785006523 0 0
27 2 0.018314911052584648 0 0
28 2 0.018650604411959648 0 0
29 2 0.018997741863131523 0 0
30 2 0.019356323406100273 0 0
31 2 0.019726349040865898 0 0
32 2 0.02010781690478325 0 0
33 2 0.020500730723142624 0 0
34 2 0.020905088633298874 0 0
35 2 0.021320890635252 0 0
36 2 0.021748136729002 0 0
37 2 0.022186826914548874 0 0
38 2 0.022636961191892624 0 0
39 2 0.02309853956103325 0 0
40 2 0.02357156202197075 0 0
41 2 0.024056028574705124 0 0
42 2 0.024551939219236374 0 0
43 2 0.0250592939555645 0 0
44 2 0.0255780927836895 0 0
45 2 0.026108335703611374 0 0
46 2 0.026650022715330124 0 0
47 2 0.02720315381884575 0 0
48 2 0.02776772901415825 0 0
49 2 0.028519440442323685 0 0
50 2 0.029114533215761185 0 0
51 2 0.029724884778261185 0 0
52 2 0.030350495129823685 0 0
53 2 0.030991364270448685 0 0
54 2 0.031647492200136185 0 0
55 2 0.032318878918886185 0 0
56 2 0.033005524426698685 0 0
57 2 0.033707428723573685 0 0
58 2 0.034424591809511185 0 0
59 2 0.035157013684511185 0 0
60 2 0.035904694348573685 0 0
61 2 0.036667633801698685 0 0
62 2 0.037445832043886185 0 0
63 2 0.038239289075136185 0 0
64 2 0.039020538330078125 0 0
65 2 0.039801787585020065 0 0
66 2 0.040583036839962006 0 0
67 2 0.041364289820194244 0 0
68 2 0.042145539075136185 0 0
69 2 0.042926788330078125 0 0
70 2 0.043708037585020065 0 0
71 2 0.044489286839962006 0 0
72 2 0.045270539820194244 0 0
73 2 0.046051789075136185 0 0
74 2 0.046833038330078125 0 0
75 2 0.047614287585020065 0 0
76 2 0.048395536839962006 0 0
77 2 0.049176789820194244 0 0
78 2 0.049958039075136185 0 0
79 2 0.050739288330078125 0 0
80 2 0.051520537585020065 0 0
81 2 0.052301786839962006 0 0
82 2 0.053083039820194244 0 0
83 2 0.053864289075136185 0 0
84 2 0.054645538330078125 0 0
85 2 0.055426787585020065 0 0
86 2 0.056208036839962006 0 0
87 2 0.056989289820194244 0 0
88 2 0.057770539075136185 0 0
89 2 0.058551788330078125 0 0
90 2 0.059333037585020065 0 0
91 2 0.060114286839962006 0 0
92 2 0.060895539820194244 0 0
93 2 0.061676789075136185 0 0
94 2 0.062458038330078125 0 0
95 2 0.06323929131031036 0 0
96 2 0.064020536839962 0 0
97 2 0.06480178982019424 0 0
98 2 0.06558303534984589 0 0
99 2 0.06636428833007812 0 0
100 2 0.06714554131031036 0 0
101 2 0.067926786839962 0 0
102 2 0.06870803982019424 0 0
103 2 0.06948928534984589 0 0
104 2 0.07027053833007812 0 0
105 2 0.07105179131031036 0 0
106 2 0.071833036839962 0 0
107 2 0.07261428982019424 0 0
108 2 0.07339553534984589 0 0
109 2 0.07417678833007812 0 0
110 2 0.07495804131031036 0 0
111 2 0.075739286839962 0 0
112 2 0.07652053982019424 0 0
113 2 0.07730178534984589 0 0
114 2 0.07808303833007812 0 0
115 2 0.07886429131031036 0 0
116 2 0.079645536839962 0 0
117 2 0.08042678982019424 0 0
118 2 0.08120803534984589 0 0
119 2 0.08198928833007812 0 0
120 2 0.08277054131031036 0 0
121 2 0.083551786839962 0 0
122 2 0.08433303982019424 0 0
123 2 0.08511428534984589 0 0
124 2 0.08589553833007812 0 0
125 2 0.08667679131031036 0 0
126 2 0.087458036839962 0 0
127 2 0.08823928982019424 0 0
128 2 0.08902053534984589 0 0
129 2 0.08980178833007812 0 0
130 2 0.09058304131031036 0 0
131 2 0.091364286839962 0 0
132 2 0.09214553982019424 0 0
133 2 0.09292678534984589 0 0
134 2 0.09370803833007812 0 0
135 2 0.09448929131031036 0 0
136 0 0.095270536839962 0 0
137 0 0.09603462368249893 0 0
138 0 0.09678153693675995 0 0
139 0 0.09751129150390625 0 0
140 0 0.09822387993335724 0 0
141 0 0.09891929477453232 0 0
142 0 0.09959755092859268 0 0
143 0 0.10025863349437714 0 0
144 0 0.10090255737304688 0 0
145 0 0.1015293151140213 0 0
146 0 0.10213889926671982 0 0
147 0 0.10273132473230362 0 0
148 0 0.10330657660961151 0 0
149 0 0.10386466979980469 0 0
150 0 0.10423371940851212 0 0
151 0 0.10475748032331467 0 0
152 0 0.1052640751004219 0 0
153 0 0.10575349628925323 0 0
154 0 0.10622575879096985 0 0
155 0 0.10668084770441055 0 0
156 0 0.10711877793073654 0 0
157 0 0.10753954201936722 0 0
158 1 0.10794313251972198 0 0
159 1 0.1083238422870636 0 0
160 1 0.10868165642023087 0 0
161 1 0.10901658982038498 0 0
162 1 0.10932863503694534 0 0
163 1 0.10961778461933136 0 0
164 0 0.10988405346870422 0 0
165 0 0.11013314872980118 0 0
166 0 0.11036508530378342 0 0
167 0 0.11057985574007034 0 0
168 0 0.11077745258808136 0 0
169 0 0.11095789074897766 0 0
170 0 0.11112115532159805 0 0
171 0 0.11126726120710373 0 0
172 0 0.11139620095491409 0 0
173 0 0.11150796711444855 0 0
174 0 0.11160257458686829 0 0
175 0 0.11168000847101212 0 0
176 0 0.11174028366804123 0 0
177 0 0.11178339272737503 0 0
178 0 0.11180932819843292 0 0
179 0 0.1118181049823761 0 0
180 0 0.11180970817804337 0 0
181 0 0.11181848496198654 0 0
182 0 0.1118100956082344 0 0
183 0 0.11181886494159698 0 0
184 0 0.11181047558784485 0 0
185 0 0.11181924492120743 0 0
186 0 0.11181085556745529 0 0
187 0 0.11181963235139847 0 0
188 0 0.11181123554706573 0 0
189 0 0.11182001233100891 0 0
190 0 0.11181161552667618 0 0
191 0 0.11182039231061935 0 0
192 2 0.11181200295686722 0 0
193 2 0.11206758767366409 0 0
194 2 0.11233461648225784 0 0
195 2 0.11261308938264847 0 0
196 2 0.11290300637483597 0 0
197 2 0.11320436745882034 0 0
198 2 0.11351717263460159 0 0
199 2 0.11384142190217972 0 0
200 2 0.11417711526155472 0 0
201 2 0.11452425271272659 0 0
202 2 0.11488283425569534 0 0
203 2 0.11525285989046097 0 0
204 2 0.11563432961702347 0 0
205 2 0.11602724343538284 0 0
206 2 0.11643160134553909 0 0
207 2 0.11684740334749222 0 0
208 2 0.11727464944124222 0 0
209 2 0.11771333962678909 0 0
210 2 0.11816347390413284 0 0
211 2 0.11862505227327347 0 0
212 2 0.11909807473421097 0 0
213 2 0.11958254128694534 0 0
214 2 0.12007845193147659 0 0
215 2 0.12058580666780472 0 0
216 2 0.12110460549592972 0 0
217 2 0.12163484841585159 0 0
218 2 0.12217653542757034 0 0
219 2 0.12272966653108597 0 0
220 2 0.12329424172639847 0 0
221 2 0.1240459457039833 0 0
222 2 0.1246410384774208 0 0
223 2 0.1252513825893402 0 0
224 0 0.1258769929409027 0 0
225 0 0.1264854371547699 0 0
226 1 0.12707671523094177 0 0
227 1 0.12763938307762146 0 0
228 1 0.1281791627407074 0 0
229 1 0.12852418422698975 0 0
230 1 0.12901818752288818 0 0
231 1 0.12948930263519287 0 0
232 1 0.1299375295639038 0 0
233 1 0.130362868309021 0 0
234 1 0.13076531887054443 0 0
235 1 0.13114488124847412 0 0
236 1 0.13150155544281006 0 0
237 1 0.13183534145355225 0 0
238 1 0.13214623928070068 0 0
239 1 0.13243424892425537 0 0
240 1 0.1326993703842163 0 0
241 1 0.1329416036605835 0 0
242 1 0.13268601894378662 0 0
243 1 0.13248468935489655 0 0
244 1 0.13248468935489655 0 0
245 1 0.13248468935489655 0 0
246 1 0.13248468935489655 0 0
247 1 0.13248468935489655 0 0
248 1 0.13248468935489655 0 0
249 1 0.13248468935489655 0 0
250 1 0.13248468935489655 0 0
251 1 0.13248468935489655 0 0
252 1 0.13248468935489655 0 0
253 1 0.13248468935489655 0 0
254 0 0.13248468935489655 0 0
255 0 0.13248468935489655 0 0
256 0 0.13248468935489655 0 0
257 0 0.13248468935489655 0 0
258 0 0.13248468935489655 0 0
259 0 0.13248468935489655 0 0
260 2 0.13248468935489655 0 0
261 2 0.13274027407169342 0 0
262 2 0.13300730288028717 0 0
263 2 0.1332857757806778 0 0
264 2 0.1335756927728653 0 0
265 2 0.13387705385684967 0 0
266 2 0.13418985903263092 0 0
267 2 0.13451410830020905 0 0
268 2 0.13484980165958405 0 0
269 2 0.13519693911075592 0 0
270 2 0.13555552065372467 0 0
271 2 0.1359255462884903 0 0
272 2 0.1363070160150528 0 0
273 2 0.13669992983341217 0 0
274 2 0.13710428774356842 0 0
275 2 0.13752008974552155 0 0
276 2 0.13794733583927155 0 0
277 2 0.13838602602481842 0 0
278 18 0.13883616030216217 0 0
279 18 0.1392977386713028 0 0
280 18 0.1397707611322403 0 0
281 18 0.14025522768497467 0 0
282 18 0.14075113832950592 0 0
283 18 0.14125849306583405 0 0
284 2 0.14177729189395905 0 0
285 2 0.14230753481388092 0 0
286 2 0.14284922182559967 0 0
287 2 0.1434023529291153 0 0
288 2 0.1439669281244278 0 0
289 2 0.14471863210201263 0 0
290 2 0.14531372487545013 0 0
291 2 0.14592407643795013 0 0
292 2 0.14654968678951263 0 0
293 2 0.14719055593013763 0 0
294 2 0.14784668385982513 0 0
295 2 0.14851807057857513 0 0
296 2 0.14920471608638763 0 0
297 2 0.14990662038326263 0 0
298 2 0.15062378346920013 0 0
299 2 0.15135620534420013 0 0
300 2 0.15210388600826263 0 0
301 2 0.15286682546138763 0 0
302 2 0.15364502370357513 0 0
303 2 0.15443848073482513 0 0
304 2 0.15521973371505737 0 0
305 2 0.1560009866952896 0 0
306 2 0.15678223967552185 0 0
307 2 0.1575634777545929 0 0
308 2 0.15834473073482513 0 0
309 2 0.15912598371505737 0 0
310 18 0.15990722179412842 0 0
311 18 0.16068847477436066 0 0
312 18 0.1614697277545929 0 0
313 18 0.16225098073482513 0 0
314 18 0.16303223371505737 0 0
315 18 0.16381347179412842 0 0
316 18 0.16459472477436066 0 0
317 18 0.1653759777545929 0 0
318 18 0.16615723073482513 0 0
319 18 0.16693848371505737 0 0
320 2 0.16771972179412842 0 0
321 2 0.16850097477436066 0 0
322 2 0.1692822277545929 0 0
323 2 0.17006348073482513 0 0
324 2 0.17084473371505737 0 0
325 2 0.17162597179412842 0 0
326 2 0.17240722477436066 0 0
327 2 0.1731884777545929 0 0
328 2 0.17396973073482513 0 0
329 2 0.17475098371505737 0 0
330 2 0.17553222179412842 0 0
331 2 0.17631347477436066 0 0
332 2 0.1770947277545929 0 0
333 2 0.1773434430360794 0 0
334 2 0.17742715775966644 0 0
335 2 0.17751531302928925 0 0
336 2 0.17751531302928925 0 0
337 2 0.17751531302928925 0 0
338 2 0.17751531302928925 0 0
339 2 0.17751531302928925 0 0
340 2 0.17751531302928925 0 0
341 2 0.17751531302928925 0 0
342 2 0.17751531302928925 0 0
343 2 0.17751531302928925 0 0
344 2 0.17751531302928925 0 0
345 2 0.17751531302928925 0 0
346 2 0.17751531302928925 0 0
347 2 0.17751531302928925 0 0
348 2 0.17751531302928925 0 0
349 2 0.17751531302928925 0 0
350 18 0.17751531302928925 0 0
351 18 0.17751531302928925 0 0
352 18 0.17751531302928925 0 0
353 18 0.17751531302928925 0 0
354 18 0.17751531302928925 0 0
355 18 0.17751531302928925 0 0
356 18 0.17751531302928925 0 0
357 2 0.17751531302928925 0 0
358 2 0.17751531302928925 0 0
359 2 0.17751531302928925 0 0
360 2 0.177873894572258 0 0
361 2 0.17824392020702362 0 0
362 2 0.17862538993358612 0 0
363 2 0.1790183037519455 0 0
364 2 0.17942266166210175 0 0
365 2 0.17983846366405487 0 0
366 2 0.18026570975780487 0 0
367 2 0.18070439994335175 0 0
368 2 0.1811545342206955 0 0
369 2 0.18161611258983612 0 0
370 2 0.18208913505077362 0 0
371 2 0.18251532316207886 0 0
372 2 0.18251532316207886 0 0
373 2 0.18251532316207886 0 0
374 0 0.18251532316207886 0 0
375 0 0.18251532316207886 0 0
376 0 0.18251532316207886 0 0
377 0 0.18251532316207886 0 0
378 2 0.18251532316207886 0 0
379 2 0.18251532316207886 0 0
380 2 0.18251532316207886 0 0
381 2 0.18251532316207886 0 0
382 18 0.18251532316207886 0 0
383 18 0.18251532316207886 0 0
384 18 0.18251532316207886 0 0
385 18 0.18251532316207886 0 0
386 0 0.18251532316207886 0 0
387 0 0.18278807401657104 0 0
388 0 0.18304365873336792 0 0
389 0 0.18328207731246948 0 0
390 0 0.18350332975387573 0 0
391 0 0.18370741605758667 0 0
392 0 0.1838943362236023 0 0
393 0 0.1840640902519226 0 0
394 0 0.1842166781425476 0 0
395 0 0.1843520998954773 0 0
396 0 0.18447035551071167 0 0
397 0 0.18457144498825073 0 0
398 0 0.18465536832809448 0 0
399 0 0.18472212553024292 0 0
400 0 0.18477171659469604 0 0
401 0 0.18480414152145386 0 0
402 0 0.18481940031051636 0 0
403 0 0.18481749296188354 0 0
404 0 0.18483275175094604 0 0
405 0 0.18483084440231323 0 0
406 0 0.18484610319137573 0 0
407 0 0.18484419584274292 0 0
408 2 0.18485945463180542 0 0
409 2 0.1851150393486023 0 0
410 2 0.18538206815719604 0 0
411 2 0.18566054105758667 0 0
412 2 0.18595045804977417 0 0
413 2 0.18625181913375854 0 0
414 2 0.1865646243095398 0 0
415 2 0.18688887357711792 0 0
416 2 0.18722456693649292 0 0
417 2 0.1875717043876648 0 0
418 2 0.18793028593063354 0 0
419 2 0.18830031156539917 0 0
420 2 0.18868178129196167 0 0
421 2 0.18907469511032104 0 0
422 2 0.1894790530204773 0 0
423 2 0.18989485502243042 0 0
424 2 0.19032210111618042 0 0
425 2 0.1907607913017273 0 0
426 2 0.19121092557907104 0 0
427 2 0.19167250394821167 0 0
428 2 0.19214552640914917 0 0
429 2 0.19262999296188354 0 0
430 2 0.1931259036064148 0 0
431 2 0.19363325834274292 0 0
432 2 0.19415205717086792 0 0
433 2 0.1946823000907898 0 0
434 2 0.19522398710250854 0 0
435 2 0.19577711820602417 0 0
436 2 0.19634169340133667 0 0
437 2 0.1970933973789215 0 0
438 2 0.197688490152359 0 0
439 2 0.198298841714859 0 0
440 2 0.1989244520664215 0 0
441 2 0.1995653212070465 0 0
442 18 0.200221449136734 0 0
443 18 0.200892835855484 0 0
444 18 0.2015794813632965 0 0
445 18 0.2022813856601715 0 0
446 18 0.202998548746109 0 0
447 18 0.203730970621109 0 0
448 18 0.2044786512851715 0 0
449 18 0.2052415907382965 0 0
450 18 0.206019788980484 0 0
451 2 0.206813246011734 0 0
452 2 0.20759448409080505 0 0
453 2 0.2083757370710373 0 0
454 2 0.20915699005126953 0 0
455 2 0.20993824303150177 0 0
456 2 0.210719496011734 0 0
457 2 0.21150073409080505 0 0
458 0 0.2122819870710373 0 0
459 0 0.21304607391357422 0 0
460 0 0.21379299461841583 0 0
461 0 0.21452274918556213 0 0
462 0 0.21523532271385193 0 0
463 0 0.2159307450056076 0 0
464 1 0.21660900115966797 0 0
465 1 0.21726436913013458 0 0
466 0 0.21789684891700745 0 0
467 0 0.2185121476650238 0 0
468 0 0.21911029517650604 0 0
469 0 0.21969127655029297 0 0
470 0 0.22025509178638458 0 0
471 0 0.22080174088478088 0 0
472 0 0.22115933895111084 0 0
473 0 0.22167165577411652 0 0
474 0 0.22216680645942688 0 0
475 0 0.22264479100704193 0 0
476 0 0.22310560941696167 0 0
477 0 0.2235492467880249 0 0
478 0 0.22397573292255402 0 0
479 0 0.22438505291938782 0 0
480 0 0.2247772067785263 0 0
481 0 0.22515219449996948 0 0
482 0 0.22551000118255615 0 0
483 0 0.2258506566286087 0 0
484 0 0.22617414593696594 0 0
485 0 0.22648046910762787 0 0
486 0 0.22676962614059448 0 0
487 0 0.2270416021347046 0 0
488 0 0.22729642689228058 0 0
489 0 0.22753408551216125 0 0
490 0 0.22775457799434662 0 0
491 0 0.22795790433883667 0 0
492 0 0.22795790433883667 0 0
493 0 0.22795790433883667 0 0
494 0 0.22795790433883667 0 0
495 0 0.22795790433883667 0 0
496 0 0.22795790433883667 0 0
497 0 0.22795790433883667 0 0
498 0 0.22795790433883667 0 0
499 0 0.22795790433883667 0 0
500 0 0.22795790433883667 0 0
501 0 0.22795790433883667 0 0
502 0 0.22795790433883667 0 0
503 0 0.22795790433883667 0 0
504 0 0.22795790433883667 0 0
505 0 0.22795790433883667 0 0
506 0 0.22795790433883667 0 0
507 0 0.22795790433883667 0 0
508 0 0.22795790433883667 0 0
509 0 0.22795790433883667 0 0
510 0 0.22795790433883667 0 0
511 0 0.22795790433883667 0 0
512 0 0.22795790433883667 0 0
513 0 0.22795790433883667 0 0
514 0 0.22795790433883667 0 0
515 0 0.22795790433883667 0 0
516 0 0.22795790433883667 0 0
517 0 0.22795790433883667 0 0
518 0 0.22795790433883667 0 0
519 0 0.22795790433883667 0 0
520 0 0.22795790433883667 0 0
521 0 0.22795790433883667 0 0
522 0 0.22795790433883667 0 0
523 0 0.22795790433883667 0 0
524 0 0.22795790433883667 0 0
525 0 0.22795790433883667 0 0
526 0 0.22795790433883667 0 0
527 0 0.22795790433883667 0 0
528 0 0.22795790433883667 0 0
529 0 0.22795790433883667 0 0
530 0 0.22795790433883667 0 0
531 0 0.22795790433883667 0 0
532 0 0.22795790433883667 0 0
533 0 0.22795790433883667 0 0
534 0 0.22795790433883667 0 0
535 0 0.22795790433883667 0 0
536 1 0.22795790433883667 0 0
537 1 0.2277023196220398 0 0
538 1 0.22743529081344604 0 0
539 1 0.22715681791305542 0 0
540 0 0.22686690092086792 0 0
541 0 0.22659415006637573 0 0
542 1 0.22633856534957886 0 0
543 1 0.2260715365409851 0 0
544 1 0.22579306364059448 0 0
545 0 0.22550314664840698 0 0
546 0 0.2252303957939148 0 0
547 0 0.22497481107711792 0 0
548 0 0.22473639249801636 0 0
549 0 0.22473639249801636 0 0
550 0 0.22473639249801636 0 0
551 0 0.22473639249801636 0 0
552 1 0.22473639249801636 0 0
553 1 0.22448080778121948 0 0
554 0 0.22421377897262573 0 0
555 0 0.2239639163017273 0 0
556 0 0.22373121976852417 0 0
557 0 0.22373121976852417 0 0
558 0 0.22373121976852417 0 0
559 0 0.22373121976852417 0 0
560 0 0.22373121976852417 0 0
561 0 0.22373121976852417 0 0
562 0 0.22373121976852417 0 0
563 0 0.22373121976852417 0 0
564 0 0.22373121976852417 0 0
565 0 0.22373121976852417 0 0
566 0 0.22373121976852417 0 0
567 0 0.22373121976852417 0 0
568 0 0.22373121976852417 0 0
569 0 0.22373121976852417 0 0
570 0 0.22373121976852417 0 0
571 0 0.22373121976852417 0 0
572 0 0.22373121976852417 0 0
573 0 0.22373121976852417 0 0
574 0 0.22373121976852417 0 0
575 0 0.22373121976852417 0 0
576 0 0.22373121976852417 0 0
577 0 0.22373121976852417 0 0
578 0 0.22373121976852417 0 0
579 0 0.22373121976852417 0 0
580 0 0.22373121976852417 0 0
581 0 0.22373121976852417 0 0
582 0 0.22373121976852417 0 0
583 0 0.22373121976852417 0 0
584 0 0.22373121976852417 0 0
585 0 0.22373121976852417 0 0
586 0 0.22373121976852417 0 0
587 0 0.22373121976852417 0 0
588 0 0.22373121976852417 0 0
589 0 0.22373121976852417 0 0
590 0 0.22373121976852417 0 0
591 0 0.22373121976852417 0 0
592 0 0.22373121976852417 0 0
593 0 0.22373121976852417 0 0
594 0 0.22373121976852417 0 0
595 0 0.22373121976852417 0 0
596 0 0.22373121976852417 0 0
597 0 0.22373121976852417 0 0
598 0 0.22373121976852417 0 0
599 0 0.22373121976852417 0 0
600 0 0.22373121976852417 0 0
601 0 0.22373121976852417 0 0
602 0 0.22373121976852417 0 0
603 0 0.22373121976852417 0 0
604 0 0.22373121976852417 0 0
605 0 0.22373121976852417 0 0
606 0 0.22373121976852417 0 0
607 0 0.22373121976852417 0 0
608 0 0.22373121976852417 0 0
609 0 0.22373121976852417 0 0
610 0 0.22373121976852417 0 0
611 0 0.22373121976852417 0 0
612 0 0.22373121976852417 0 0
613 0 0.22373121976852417 0 0
614 0 0.22373121976852417 0 0
615 0 0.22373121976852417 0 0
616 0 0.22373121976852417 0 0
617 0 0.22373121976852417 0 0
618 0 0.22373121976852417 0 0
619 0 0.22373121976852417 0 0
620 0 0.22373121976852417 0 0
621 2 0.22373121976852417 0 0
622 2 0.22398680448532104 0 0
623 2 0.2242538332939148 0 0
624 2 0.22453230619430542 0 0
625 2 0.22482222318649292 0 0
626 2 0.2251235842704773 0 0
627 2 0.22543638944625854 0 0
628 2 0.22576063871383667 0 0
629 2 0.22609633207321167 0 0
630 2 0.22644346952438354 0 0
631 2 0.2268020510673523 0 0
632 2 0.22717207670211792 0 0
633 2 0.22755354642868042 0 0
634 2 0.2279464602470398 0 0
635 2 0.22835081815719604 0 0
636 2 0.22876662015914917 0 0
637 2 0.22919386625289917 0 0
638 18 0.22963255643844604 0 0
639 18 0.2300826907157898 0 0
640 18 0.23054426908493042 0 0
641 18 0.23101729154586792 0 0
642 18 0.2315017580986023 0 0
643 18 0.23199766874313354 0 0
644 18 0.23250502347946167 0 0
645 18 0.23302382230758667 0 0
646 18 0.23355406522750854 0 0
647 18 0.2340957522392273 0 0
648 18 0.23464888334274292 0 0
649 18 0.23521345853805542 0 0
650 18 0.23596516251564026 0 0
651 18 0.23656025528907776 0 0
652 18 0.23717060685157776 0 0
653 18 0.23779621720314026 0 0
654 18 0.23843708634376526 0 0
655 18 0.23909321427345276 0 0
656 18 0.23976460099220276 0 0
657 18 0.24045124650001526 0 0
658 18 0.24115315079689026 0 0
659 18 0.24187031388282776 0 0
660 18 0.24260273575782776 0 0
661 18 0.24335041642189026 0 0
662 18 0.24411335587501526 0 0
663 18 0.24489155411720276 0 0
664 18 0.24568501114845276 0 0
665 18 0.2464662492275238 0 0
666 18 0.24724750220775604 0 0
667 18 0.24802875518798828 0 0
668 18 0.24881000816822052 0 0
669 18 0.24959126114845276 0 0
670 18 0.2503724992275238 0 0
671 18 0.25115376710891724 0 0
672 2 0.2519350051879883 0 0
673 2 0.25234344601631165 0 0
674 2 0.2524271607398987 0 0
675 2 0.2525153160095215 0 0
676 2 0.2525153160095215 0 0
677 2 0.2525153160095215 0 0
678 18 0.2525153160095215 0 0
679 18 0.2525153160095215 0 0
680 18 0.2525153160095215 0 0
681 18 0.2525153160095215 0 0
682 18 0.2525153160095215 0 0
683 18 0.25281667709350586 0 0
684 18 0.2531294822692871 0 0
685 18 0.25345373153686523 0 0
686 18 0.25378942489624023 0 0
687 18 0.2541365623474121 0 0
688 18 0.25449514389038086 0 0
689 18 0.2548651695251465 0 0
690 18 0.255246639251709 0 0
691 18 0.25563955307006836 0 0
692 18 0.2560439109802246 0 0
693 18 0.25645971298217773 0 0
694 18 0.25688695907592773 0 0
695 18 0.2573256492614746 0 0
696 18 0.25777578353881836 0 0
697 18 0.258237361907959 0 0
698 18 0.2587103843688965 0 0
699 18 0.25919485092163086 0 0
700 18 0.2596907615661621 0 0
701 18 0.26019811630249023 0 0
702 18 0.26071691513061523 0 0
703 18 0.2612471580505371 0 0
704 18 0.26178884506225586 0 0
705 18 0.2623419761657715 0 0
706 18 0.262906551361084 0 0
707 18 0.2636582553386688 0 0
708 18 0.2642533481121063 0 0
709 18 0.2648636996746063 0 0
710 18 0.2654893100261688 0 0
711 18 0.2661301791667938 0 0
712 18 0.2667863070964813 0 0
713 18 0.2674576938152313 0 0
714 18 0.2681443393230438 0 0
715 18 0.2688462436199188 0 0
716 18 0.2695634067058563 0 0
717 18 0.2702958285808563 0 0
718 18 0.2710435092449188 0 0
719 18 0.2718064486980438 0 0
720 18 0.2725846469402313 0 0
721 18 0.2733781039714813 0 0
722 18 0.27415934205055237 0 0
723 18 0.2749406099319458 0 0
724 18 0.27572184801101685 0 0
725 18 0.2765031158924103 0 0
726 18 0.2772843539714813 0 0
727 18 0.27806559205055237 0 0
728 18 0.2788468599319458 0 0
729 18 0.27962809801101685 0 0
730 18 0.2804093658924103 0 0
731 18 0.2811906039714813 0 0
732 18 0.28197184205055237 0 0
733 18 0.2827531099319458 0 0
734 18 0.28353434801101685 0 0
735 18 0.2843156158924103 0 0
736 18 0.2850968539714813 0 0
737 18 0.28587809205055237 0 0
738 18 0.2866593599319458 0 0
739 18 0.28744059801101685 0 0
740 18 0.2882218658924103 0 0
741 18 0.2890031039714813 0 0
742 18 0.28978434205055237 0 0
743 18 0.2905656099319458 0 0
744 2 0.29134684801101685 0 0
745 2 0.2921281158924103 0 0
746 0 0.2923434376716614 0 0
747 0 0.29217156767845154 0 0
748 0 0.29217156767845154 0 0
749 0 0.29217156767845154 0 0
750 0 0.29217156767845154 0 0
751 0 0.29217156767845154 0 0
752 0 0.29217156767845154 0 0
753 0 0.29217156767845154 0 0
754 0 0.29217156767845154 0 0
755 0 0.29217156767845154 0 0
756 0 0.29217156767845154 0 0
757 0 0.29217156767845154 0 0
758 0 0.29217156767845154 0 0
759 0 0.29217156767845154 0 0
760 0 0.29217156767845154 0 0
761 0 0.29217156767845154 0 0
762 0 0.29217156767845154 0 0
763 0 0.29217156767845154 0 0
764 0 0.29217156767845154 0 0
765 0 0.29217156767845154 0 0
766 0 0.29217156767845154 0 0
767 0 0.29217156767845154 0 0
768 0 0.29217156767845154 0 0
769 0 0.29217156767845154 0 0
770 0 0.29217156767845154 0 0
771 0 0.29217156767845154 0 0
772 0 0.29217156767845154 0 0
773 0 0.29217156767845154 0 0
774 0 0.29217156767845154 0 0
775 0 0.29217156767845154 0 0
776 0 0.29217156767845154 0 0
777 0 0.29217156767845154 0 0
778 0 0.29217156767845154 0 0
779 0 0.29217156767845154 0 0
780 0 0.29217156767845154 0 0
781 0 0.29217156767845154 0 0
782 0 0.29217156767845154 0 0
783 0 0.29217156767845154 0 0
784 0 0.29217156767845154 0 0
785 0 0.29217156767845154 0 0
786 0 0.29217156767845154 0 0
787 0 0.29217156767845154 0 0
788 0 0.29217156767845154 0 0
789 0 0.29217156767845154 0 0
790 0 0.29217156767845154 0 0
791 0 0.29217156767845154 0 0
792 0 0.29217156767845154 0 0
793 0 0.29217156767845154 0 0
794 0 0.29217156767845154 0 0
795 0 0.29217156767845154 0 0
796 0 0.29217156767845154 0 0
797 0 0.29217156767845154 0 0
798 0 0.29217156767845154 0 0
799 0 0.29217156767845154 0 0
800 0 0.29217156767845154 0 0
801 0 0.29217156767845154 0 0
802 0 0.29217156767845154 0 0
803 0 0.29217156767845154 0 0
804 0 0.29217156767845154 0 0
805 0 0.29217156767845154 0 0
806 0 0.29217156767845154 0 0
807 0 0.29217156767845154 0 0
808 0 0.29217156767845154 0 0
809 0 0.29217156767845154 0 0
810 0 0.29217156767845154 0 0
811 0 0.29217156767845154 0 0
812 0 0.29217156767845154 0 0
813 0 0.29217156767845154 0 0
814 0 0.29217156767845154 0 0
815 0 0.29217156767845154 0 0
816 0 0.29217156767845154 0 0
817 0 0.29217156767845154 0 0
818 0 0.29217156767845154 0 0
819 0 0.29217156767845154 0 0
820 0 0.29217156767845154 0 0
821 0 0.29217156767845154 0 0
822 0 0.29217156767845154 0 0
823 0 0.29217156767845154 0 0
824 0 0.29217156767845154 0 0
825 0 0.29217156767845154 0 0
826 0 0.29217156767845154 0 0
827 0 0.29217156767845154 0 0
828 0 0.29217156767845154 0 0
829 0 0.29217156767845154 0 0
830 0 0.29217156767845154 0 0
831 0 0.29217156767845154 0 0
832 0 0.29217156767845154 0 0
833 0 0.29217156767845154 0 0
834 0 0.29217156767845154 0 0
835 0 0.29217156767845154 0 0
836 1 0.29217156767845154 0 0
837 1 0.29191598296165466 0 0
838 1 0.2916489541530609 0 0
839 1 0.2913704812526703 0 0
840 1 0.2910805642604828 0 0
841 1 0.2907792031764984 0 0
842 1 0.29046639800071716 0 0
843 1 0.29014214873313904 0 0
844 1 0.28980645537376404 0 0
845 1 0.28945931792259216 0 0
846 1 0.2891007363796234 0 0
847 1 0.2887307107448578 0 0
848 1 0.2883492410182953 0 0
849 1 0.2879563271999359 0 0
850 17 0.28755196928977966 0 0
851 17 0.28713616728782654 0 0
852 17 0.28670892119407654 0 0
853 17 0.28627023100852966 0 0
854 17 0.2858200967311859 0 0
855 17 0.2853585183620453 0 0
856 17 0.2848854959011078 0 0
857 17 0.2844010293483734 0 0
858 17 0.28390511870384216 0 0
859 17 0.28339776396751404 0 0
860 17 0.2825153172016144 0 0
861 17 0.2819850742816925 0 0
862 17 0.28144338726997375 0 0
863 17 0.28089025616645813 0 0
864 17 0.28032568097114563 0 0
865 17 0.27991771697998047 0 0
866 17 0.27932262420654297 0 0
867 17 0.27871227264404297 0 0
868 17 0.27808666229248047 0 0
869 17 0.27744579315185547 0 0
870 17 0.27678966522216797 0 0
871 17 0.27611827850341797 0 0
872 17 0.27543163299560547 0 0
873 17 0.27472972869873047 0 0
874 17 0.27401256561279297 0 0
875 17 0.27328014373779297 0 0
876 17 0.27253246307373047 0 0
877 17 0.27176952362060547 0 0
878 17 0.27099132537841797 0 0
879 17 0.27019786834716797 0 0
880 16 0.2694166302680969 0 0
881 0 0.2686525285243988 0 0
882 0 0.2679056227207184 0 0
883 0 0.2671758532524109 0 0
884 0 0.2664632797241211 0 0
885 0 0.2657678723335266 0 0
886 1 0.26508960127830505 0 0
887 1 0.2643961012363434 0 0
888 17 0.2636873126029968 0 0
889 17 0.26296329498291016 0 0
890 17 0.262224018573761 0 0
891 17 0.26146945357322693 0 0
892 17 0.26069965958595276 0 0
893 17 0.2599145770072937 0 0
894 17 0.25913333892822266 0 0
895 17 0.2583521008491516 0 0
896 17 0.2575708329677582 0 0
897 17 0.25678959488868713 0 0
898 17 0.2560083270072937 0 0
899 17 0.25522708892822266 0 0
900 17 0.2544458508491516 0 0
901 17 0.2536645829677582 0 0
902 17 0.25288334488868713 0 0
903 17 0.2521020770072937 0 0
904 17 0.25132083892822266 0 0
905 17 0.2505396008491516 0 0
906 17 0.24975833296775818 0 0
907 17 0.24897709488868713 0 0
908 17 0.2481958419084549 0 0
909 17 0.24741458892822266 0 0
910 17 0.24663333594799042 0 0
911 17 0.24585208296775818 0 0
912 17 0.24507084488868713 0 0
913 17 0.2442895919084549 0 0
914 17 0.24350833892822266 0 0
915 17 0.24272708594799042 0 0
916 17 0.24194583296775818 0 0
917 17 0.24116459488868713 0 0
918 17 0.2403833419084549 0 0
919 17 0.23960208892822266 0 0
920 17 0.23882083594799042 0 0
921 17 0.23803958296775818 0 0
922 17 0.23725834488868713 0 0
923 17 0.2364770919084549 0 0
924 17 0.23569583892822266 0 0
925 17 0.23491458594799042 0 0
926 17 0.23413333296775818 0 0
927 17 0.23335209488868713 0 0
928 17 0.2325708419084549 0 0
929 17 0.23178958892822266 0 0
930 17 0.23100833594799042 0 0
931 17 0.23022708296775818 0 0
932 1 0.22944584488868713 0 0
933 1 0.2286645919084549 0 0
934 1 0.22788333892822266 0 0
935 1 0.2276565581560135 0 0
936 1 0.22748468816280365 0 0
937 1 0.22748468816280365 0 0
938 1 0.22748468816280365 0 0
939 1 0.22748468816280365 0 0
940 1 0.22748468816280365 0 0
941 1 0.22748468816280365 0 0
942 1 0.22716043889522552 0 0
943 1 0.22682474553585052 0 0
944 1 0.22647760808467865 0 0
945 1 0.2261190265417099 0 0
946 1 0.22574900090694427 0 0
947 1 0.22536753118038177 0 0
948 1 0.2249746173620224 0 0
949 1 0.22457025945186615 0 0
950 1 0.22415445744991302 0 0
951 1 0.22372721135616302 0 0
952 1 0.22328852117061615 0 0
953 1 0.2228383868932724 0 0
954 1 0.22237680852413177 0 0
955 1 0.22190378606319427 0 0
956 1 0.2214193195104599 0 0
957 1 0.22092340886592865 0 0
958 1 0.22041605412960052 0 0
959 1 0.21989725530147552 0 0
960 1 0.21936701238155365 0 0
961 1 0.2188253253698349 0 0
962 1 0.21827219426631927 0 0
963 1 0.21770761907100677 0 0
964 1 0.2172996550798416 0 0
965 1 0.2167045623064041 0 0
966 1 0.2160942107439041 0 0
967 1 0.2154686003923416 0 0
968 1 0.2148277312517166 0 0
969 1 0.2141716033220291 0 0
970 1 0.2135002166032791 0 0
971 1 0.2128135710954666 0 0
972 1 0.2121116667985916 0 0
973 1 0.2113945037126541 0 0
974 1 0.2106620818376541 0 0
975 1 0.2099144011735916 0 0
976 1 0.2091514617204666 0 0
977 1 0.2083732634782791 0 0
978 0 0.2075798064470291 0 0
979 0 0.20680351555347443 0 0
980 0 0.20604439079761505 0 0
981 0 0.205302432179451 0 0
982 0 0.20457763969898224 0 0
983 0 0.2038700133562088 0 0
984 0 0.20317955315113068 0 0
985 0 0.20250625908374786 0 0
986 0 0.20185013115406036 0 0
987 0 0.20121116936206818 0 0
988 0 0.2005893737077713 0 0
989 0 0.19998474419116974 0 0
990 0 0.1993972808122635 0 0
991 0 0.19882698357105255 0 0
992 2 0.19827385246753693 0 0
993 2 0.1975717395544052 0 0
994 2 0.1970643848180771 0 0
995 2 0.1965799182653427 0 0
996 2 0.1961183398962021 0 0
997 2 0.1956796497106552 0 0
998 2 0.1952638477087021 0 0
999 2 0.1948709338903427 0 0
1000 0 0.1945009082555771 0 0
1001 0 0.19414804875850677 0 0
1002 0 0.19381235539913177 0 0
1003 0 0.1934938281774521 0 0
1004 0 0.1931924670934677 0 0
1005 0 0.19290827214717865 0 0
1006 0 0.1926412433385849 0 0
1007 0 0.19239138066768646 0 0
1008 1 0.19215868413448334 0 0
1009 1 0.19190309941768646 0 0
1010 17 0.1916360706090927 0 0
1011 17 0.1913575977087021 0 0
1012 17 0.1910676807165146 0 0
1013 17 0.1907663196325302 0 0
1014 17 0.19045351445674896 0 0
1015 17 0.19012926518917084 0 0
1016 17 0.18979357182979584 0 0
1017 17 0.18944643437862396 0 0
1018 17 0.1890878528356552 0 0
1019 17 0.1887178272008896 0 0
1020 17 0.1883363574743271 0 0
1021 17 0.1879434436559677 0 0
1022 17 0.18753908574581146 0 0
1023 17 0.18712328374385834 0 0
1024 17 0.18669603765010834 0 0
1025 17 0.18625734746456146 0 0
1026 17 0.1858072131872177 0 0
1027 17 0.1853456348180771 0 0
1028 17 0.1848726123571396 0 0
1029 17 0.1843881458044052 0 0
1030 17 0.18389223515987396 0 0
1031 17 0.18338488042354584 0 0
1032 17 0.18286608159542084 0 0
1033 17 0.18233583867549896 0 0
1034 17 0.1817941516637802 0 0
1035 17 0.1812410205602646 0 0
1036 17 0.1806764453649521 0 1
1036 17 0.1806764453649521 0 1
