data/levels/bonus2/level15.stl
1 0 0.009991071186959743 0 0
2 0 0.009991071186959743 0 0
3 0 0.009991071186959743 0 0
4 0 0.009991071186959743 0 0
5 0 0.009991071186959743 0 0
6 0 0.009991071186959743 0 0
7 0 0.009991071186959743 0 0
8 0 0.009991071186959743 0 0
9 0 0.009991071186959743 0 0
10 0 0.009991071186959743 0 0
11 0 0.009991071186959743 0 0
12 0 0.009991071186959743 0 0
13 0 0.009991071186959743 0 0
14 0 0.009991071186959743 0 0
15 0 0.009991071186959743 0 0
16 0 0.009991071186959743 0 0
17 0 0.009991071186959743 0 0
18 0 0.009991071186959743 0 0
19 0 0.009991071186959743 0 0
20 0 0.009991071186959743 0 0
21 0 0.009991071186959743 0 0
22 0 0.009991071186959743 0 0
23 0 0.009991071186959743 0 0
24 0 0.009991071186959743 0 0
25 0 0.009991071186959743 0 0
26 0 0.009991071186959743 0 0
27 0 0.009991071186959743 0 0
28 0 0.009991071186959743 0 0
29 0 0.009991071186959743 0 0
30 0 0.009991071186959743 0 0
31 0 0.009991071186959743 0 0
32 0 0.009991071186959743 0 0
33 0 0.009991071186959743 0 0
34 0 0.009991071186959743 0 0
35 0 0.009991071186959743 0 0
36 0 0.009991071186959743 0 0
37 0 0.009991071186959743 0 0
38 0 0.009991071186959743 0 0
39 0 0.009991071186959743 0 0
40 2 0.009991071186959743 0 0
41 2 0.010137120261788368 0 0
42 2 0.010289708152413368 0 0
43 2 0.010448834858834743 0 0
44 2 0.010614502243697643 0 0
45 2 0.010786708444356918 0 0
46 2 0.010965454392135143 0 0
47 2 0.011150739155709743 0 0
48 2 0.011342564597725868 0 0
49 2 0.011540927924215794 0 0
50 2 0.011745831929147243 0 0
51 2 0.011957274749875069 0 0
52 2 0.012175257317721844 0 0
53 2 0.012399779632687569 0 0
54 2 0.012630841694772243 0 0
55 2 0.012868442572653294 0 0
56 2 0.013112583197653294 0 0
57 2 0.013363263569772243 0 0
58 2 0.013620482757687569 0 0
59 0 0.013884241692721844 0 0
60 0 0.014138191938400269 0 0
61 0 0.014382332563400269 0 0
62 0 0.014616663567721844 0 0
63 0 0.014841185882687569 0 0
64 2 0.015055898576974869 0 0
65 2 0.015277151018381119 0 0
66 2 0.015504943206906319 0 0
67 2 0.01573927514255047 0 0
68 2 0.01598014496266842 0 0
69 18 0.01622755639255047 0 0
70 18 0.01648150570690632 0 0
71 18 0.01674199476838112 0 0
72 18 0.01700902357697487 0 0
73 18 0.01728259213268757 0 0
74 18 0.01756270043551922 0 0
75 18 0.01784934662282467 0 0
76 18 0.01814253441989422 0 0
77 18 0.01844226010143757 0 0
78 2 0.01874852553009987 0 0
79 2 0.01906133070588112 0 0
80 2 0.01938067562878132 0 0
81 2 0.01970656029880047 0 0
82 2 0.020139377564191818 0 0
83 2 0.020482700318098068 0 0
84 2 0.02083474211394787 0 0
85 2 0.021195504814386368 0 0
86 0 0.021564984694123268 0 0
87 0 0.021924655884504318 0 0
88 0 0.022274518385529518 0 0
89 0 0.022614572197198868 0 0
90 0 0.022944815456867218 0 0
91 0 0.023265250027179718 0 0
92 1 0.02347766049206257 0 0
93 1 0.02377520687878132 0 0
94 1 0.02405967377126217 0 0
95 1 0.02433106303215027 0 0
96 1 0.02458937279880047 0 0
97 1 0.02483460307121277 0 0
98 1 0.02506675384938717 0 0
99 1 0.02528582699596882 0 0
100 1 0.02549182064831257 0 0
101 1 0.02568473480641842 0 0
102 1 0.02586457133293152 0 0
103 0 0.02603132836520672 0 0
104 0 0.02618827484548092 0 0
105 0 0.02633541449904442 0 0
106 0 0.02647274360060692 0 0
107 0 0.02660026215016842 0 0
108 0 0.02671797387301922 0 0
109 0 0.02682587504386902 0 0
110 0 0.02692396752536297 0 0
111 0 0.02701224945485592 0 0
112 0 0.02709072455763817 0 0
113 0 0.02715938910841942 0 0
114 0 0.02721824310719967 0 0
115 0 0.02726729027926922 0 0
116 0 0.02730652689933777 0 0
117 0 0.02733595483005047 0 0
118 1 0.02735557220876217 0 0
119 1 0.02720952406525612 0 0
120 1 0.02705693617463112 0 0
121 1 0.02689780853688717 0 0
122 1 0.02673214301466942 0 0
123 1 0.02655993588268757 0 0
124 1 0.02638119086623192 0 0
125 1 0.02619590424001217 0 0
126 0 0.02600407972931862 0 0
127 0 0.02582206390798092 0 0
128 0 0.02564985863864422 0 0
129 0 0.02548746019601822 0 0
130 0 0.02533487230539322 0 0
131 0 0.02519209496676922 0 0
132 0 0.02505912445485592 0 0
133 0 0.02493596449494362 0 0
134 0 0.02482261322438717 0 0
135 0 0.02471907250583172 0 0
136 0 0.02462533861398697 0 0
137 0 0.02454141527414322 0 0
138 0 0.02446730248630047 0 0
139 0 0.02440299652516842 0 0
140 0 0.02434850111603737 0 0
141 0 0.02430381439626217 0 0
142 0 0.02426893822848797 0 0
143 0 0.02424386888742447 0 0
144 0 0.02422861009836197 0 0
145 0 0.02422316186130047 0 0
146 0 0.02422752045094967 0 0
147 0 0.02422207221388817 0 0
148 2 0.02422643080353737 0 0
149 2 0.02437247894704342 0 0
150 2 0.02452506683766842 0 0
151 2 0.02468419447541237 0 0
152 2 0.02484986186027527 0 0
153 18 0.02502206712961197 0 0
154 18 0.02520081400871277 0 0
155 18 0.02538609877228737 0 0
156 18 0.02557792328298092 0 0
157 18 0.02577628754079342 0 0
158 18 0.02598119154572487 0 0
159 18 0.02619263529777527 0 0
160 18 0.02641061693429947 0 0
161 18 0.02663514018058777 0 0
162 18 0.02686620131134987 0 0
163 18 0.02710380218923092 0 0
164 18 0.02734794281423092 0 0
165 18 0.02759862318634987 0 0
166 18 0.02785584330558777 0 0
167 18 0.02811960130929947 0 0
168 18 0.02838990092277527 0 0
169 18 0.02866673842072487 0 0
170 18 0.02895011566579342 0 0
171 18 0.02924003265798092 0 0
172 18 0.02953648939728737 0 0
173 18 0.02983948588371277 0 0
174 18 0.03014902025461197 0 0
175 18 0.03046509623527527 0 0
176 18 0.03078771010041237 0 0
177 18 0.031217258423566818 0 0
178 18 0.03155731037259102 0 0
179 18 0.03190608322620392 0 0
180 18 0.03226357698440552 0 0
181 18 0.03262978792190552 0 0
182 18 0.03300471603870392 0 0
183 18 0.03338836506009102 0 0
184 18 0.03378073498606682 0 0
185 18 0.03418182209134102 0 0
186 18 0.03459163010120392 0 0
187 18 0.03501015901565552 0 0
188 18 0.03543740510940552 0 0
189 18 0.03587336838245392 0 0
190 18 0.03631805256009102 0 0
191 18 0.03677145764231682 0 0
192 18 0.0372178852558136 0 0
193 18 0.03766431659460068 0 0
194 18 0.03811074420809746 0 0
195 18 0.03855717182159424 0 0
196 2 0.03900359943509102 0 0
197 2 0.0394500307738781 0 0
198 2 0.03989645838737488 0 0
199 2 0.04034288600087166 0 0
200 2 0.04078931361436844 0 0
201 2 0.04123574495315552 0 0
202 2 0.0416821725666523 0 0
203 2 0.04212860018014908 0 0
204 2 0.04257502779364586 0 0
205 2 0.04302145913243294 0 0
206 2 0.04346788674592972 0 0
207 2 0.0439143143594265 0 0
208 2 0.04436074569821358 0 0
209 2 0.04480717331171036 0 0
210 2 0.04525360092520714 0 0
211 2 0.04570002853870392 0 0
212 2 0.046146459877491 0 0
213 2 0.04659288749098778 0 0
214 2 0.04703931510448456 0 0
215 2 0.04748574271798134 0 0
216 2 0.04793217405676842 0 0
217 2 0.0483786016702652 0 0
218 2 0.04882502928376198 0 0
219 2 0.04927145689725876 0 0
220 2 0.04971788823604584 0 0
221 2 0.0499105341732502 0 0
222 18 0.04995836690068245 0 0
223 18 0.05000875145196915 0 0
224 18 0.05000875145196915 0 0
225 18 0.05000875145196915 0 0
226 2 0.05000875145196915 0 0
227 2 0.050187498331069946 0 0
228 2 0.050372783094644547 0 0
229 2 0.050564609467983246 0 0
230 2 0.050762973725795746 0 0
231 2 0.050967875868082047 0 0
232 2 0.051179319620132446 0 0
233 2 0.05139730125665665 0 0
234 2 0.051621824502944946 0 0
235 2 0.051852885633707047 0 0
236 2 0.052090488374233246 0 0
237 2 0.052334628999233246 0 0
238 2 0.052585307508707047 0 0
239 2 0.052842527627944946 0 0
240 2 0.05310628563165665 0 0
241 2 0.0528658963739872 0 0
242 2 0.0528658963739872 0 0
243 2 0.0528658963739872 0 0
244 2 0.0528658963739872 0 0
245 2 0.0528658963739872 0 0
246 18 0.0528658963739872 0 0
247 18 0.0528658963739872 0 0
248 18 0.0528658963739872 0 0
249 18 0.0528658963739872 0 0
250 18 0.0528658963739872 0 0
251 18 0.0528658963739872 0 0
252 2 0.0528658963739872 0 0
253 2 0.0528658963739872 0 0
254 2 0.0528658963739872 0 0
255 2 0.0528658963739872 0 0
256 2 0.0531034953892231 0 0
257 2 0.0533476360142231 0 0
258 2 0.0535983182489872 0 0
259 2 0.0538555346429348 0 0
260 2 0.0541192963719368 0 0
261 2 0.0543895922601223 0 0
262 2 0.0546664334833622 0 0
263 2 0.0549498088657856 0 0
264 2 0.0552397258579731 0 0
265 2 0.0555361844599247 0 0
266 2 0.05572303757071495 0 0
267 2 0.05572303757071495 0 0
268 2 0.05572303757071495 0 0
269 2 0.05572303757071495 0 0
270 2 0.05572303757071495 0 0
271 2 0.05572303757071495 0 0
272 2 0.05572303757071495 0 0
273 2 0.05572303757071495 0 0
274 2 0.05572303757071495 0 0
275 2 0.05572303757071495 0 0
276 18 0.05572303757071495 0 0
277 18 0.05572303757071495 0 0
278 18 0.05572303757071495 0 0
279 18 0.05572303757071495 0 0
280 2 0.05572303757071495 0 0
281 2 0.05589524284005165 0 0
282 2 0.05607398971915245 0 0
283 2 0.05625927448272705 0 0
284 2 0.05645110085606575 0 0
285 2 0.05664946511387825 0 0
286 2 0.05685436725616455 0 0
287 2 0.05706581100821495 0 0
288 2 0.05728379264473915 0 0
289 2 0.05750831589102745 0 0
290 2 0.05773937702178955 0 0
291 2 0.05797697976231575 0 0
292 2 0.05822112038731575 0 0
293 2 0.05847179889678955 0 0
294 2 0.05872901901602745 0 0
295 2 0.05899277701973915 0 0
296 2 0.05926307663321495 0 0
297 2 0.05953991413116455 0 0
298 2 0.05982329323887825 0 0
299 2 0.06011321023106575 0 0
300 2 0.06040966510772705 0 0
301 2 0.06071266159415245 0 0
302 2 0.06102219596505165 0 0
303 2 0.06133827194571495 0 0
304 2 0.06166088581085205 0 0
305 2 0.0620904341340065 0 0
306 2 0.0624304860830307 0 0
307 2 0.0627792552113533 0 0
308 2 0.0631367489695549 0 0
309 2 0.0635029599070549 0 0
310 2 0.0638778880238533 0 0
311 2 0.0642615407705307 0 0
312 2 0.0646539106965065 0 0
313 2 0.0650549978017807 0 0
314 2 0.0654648020863533 0 0
315 2 0.0658833310008049 0 0
316 2 0.0663105770945549 0 0
317 2 0.0667465403676033 0 0
318 18 0.0671912282705307 0 0
319 18 0.0676446333527565 0 0
320 18 0.06809105724096298 0 0
321 18 0.06853748857975006 0 0
322 18 0.06898391991853714 0 0
323 18 0.06943034380674362 0 0
324 18 0.0698767751455307 0 0
325 18 0.07032320648431778 0 0
326 18 0.07076963037252426 0 0
327 18 0.07121606171131134 0 0
328 18 0.07166248559951782 0 0
329 18 0.0721089169383049 0 0
330 2 0.07255534827709198 0 0
331 2 0.07300177216529846 0 0
332 2 0.07344820350408554 0 0
333 2 0.07389463484287262 0 0
334 2 0.0743410587310791 0 0
335 2 0.07478749006986618 0 0
336 2 0.07523391395807266 0 0
337 2 0.07568034529685974 0 0
338 2 0.07612677663564682 0 0
339 2 0.0765732005238533 0 0
340 0 0.07701963186264038 0 0
341 0 0.07745625078678131 0 0
342 0 0.07788305729627609 0 0
343 0 0.07830005884170532 0 0
344 0 0.078707255423069 0 0
345 0 0.07910463958978653 0 0
346 0 0.07949221134185791 0 0
347 0 0.07986997067928314 0 0
348 0 0.08023792505264282 0 0
349 0 0.08059607446193695 0 0
350 0 0.08094441145658493 0 0
351 0 0.08128293603658676 0 0
352 0 0.08161165565252304 0 0
353 0 0.08193056285381317 0 0
354 0 0.0821414515376091 0 0
355 0 0.08244074136018753 0 0
356 0 0.08273021876811981 0 0
357 0 0.08300989121198654 0 0
358 0 0.08327975869178772 0 0
359 0 0.08353981375694275 0 0
360 0 0.0842769593000412 0 0
361 0 0.08451739698648453 0 0
362 0 0.08474802225828171 0 0
363 0 0.08496884256601334 0 0
364 2 0.08517984300851822 0 0
365 2 0.0853973925113678 0 0
366 0 0.08562147617340088 0 0
367 0 0.08583575487136841 0 0
368 0 0.08604022115468979 0 0
369 0 0.08623488247394562 0 0
370 0 0.0864197313785553 0 0
371 0 0.08659477531909943 0 0
372 0 0.0867600068449974 0 0
373 0 0.08691542595624924 0 0
374 0 0.08706104010343552 0 0
375 0 0.08719684183597565 0 0
376 0 0.08732283115386963 0 0
377 0 0.08743902295827866 0 0
378 1 0.08754539489746094 0 0
379 1 0.08739934861660004 0 0
380 1 0.08724676072597504 0 0
381 1 0.08713410794734955 0 0
382 1 0.08713410794734955 0 0
383 1 0.08713410794734955 0 0
384 1 0.08713410794734955 0 0
385 1 0.08713410794734955 0 0
386 1 0.08713410794734955 0 0
387 1 0.08713410794734955 0 0
388 0 0.08713410794734955 0 0
389 0 0.08713410794734955 0 0
390 0 0.08713410794734955 0 0
391 0 0.08713410794734955 0 0
392 0 0.08713410794734955 0 0
393 0 0.08713410794734955 0 0
394 0 0.08713410794734955 0 0
395 0 0.08713410794734955 0 0
396 0 0.08713410794734955 0 0
397 0 0.08713410794734955 0 0
398 0 0.08713410794734955 0 0
399 0 0.08713410794734955 0 0
400 0 0.08713410794734955 0 0
401 0 0.08713410794734955 0 0
402 0 0.08713410794734955 0 0
403 0 0.08713410794734955 0 0
404 0 0.08713410794734955 0 0
405 0 0.08713410794734955 0 0
406 0 0.08713410794734955 0 0
407 0 0.08713410794734955 0 0
408 0 0.08713410794734955 0 0
409 0 0.08713410794734955 0 0
410 0 0.08713410794734955 0 0
411 0 0.08713410794734955 0 0
412 18 0.08713410794734955 0 0
413 18 0.08728015422821045 0 0
414 18 0.08743274211883545 0 0
415 18 0.08759187161922455 0 0
416 18 0.08775753527879715 0 0
417 18 0.08792974054813385 0 0
418 0 0.08810848742723465 0 1
418 0 0.08810848742723465 0 1
