data/levels/bonus2/level15.stl
1 0 0.009991071186959743 0 0
2 0 0.009991071186959743 0 0
3 0 0.009991071186959743 0 0
4 0 0.009991071186959743 0 0
5 0 0.009991071186959743 0 0
6 0 0.009991071186959743 0 0
7 0 0.009991071186959743 0 0
8 0 0.009991071186959743 0 0
9 0 0.009991071186959743 0 0
10 0 0.009991071186959743 0 0
11 0 0.009991071186959743 0 0
12 0 0.009991071186959743 0 0
13 0 0.009991071186959743 0 0
14 0 0.009991071186959743 0 0
15 0 0.009991071186959743 0 0
16 0 0.009991071186959743 0 0
17 0 0.009991071186959743 0 0
18 0 0.009991071186959743 0 0
19 0 0.009991071186959743 0 0
20 0 0.009991071186959743 0 0
21 0 0.009991071186959743 0 0
22 0 0.009991071186959743 0 0
23 0 0.009991071186959743 0 0
24 0 0.009991071186959743 0 0
25 0 0.009991071186959743 0 0
26 0 0.009991071186959743 0 0
27 0 0.009991071186959743 0 0
28 0 0.009991071186959743 0 0
29 0 0.009991071186959743 0 0
30 0 0.009991071186959743 0 0
31 0 0.009991071186959743 0 0
32 0 0.009991071186959743 0 0
33 0 0.009991071186959743 0 0
34 2 0.009991071186959743 0 0
35 2 0.010137120261788368 0 0
36 2 0.010289708152413368 0 0
37 2 0.010448834858834743 0 0
38 2 0.010614502243697643 0 0
39 2 0.010786708444356918 0 0
40 2 0.010965454392135143 0 0
41 2 0.011150739155709743 0 0
42 2 0.011342564597725868 0 0
43 2 0.011540927924215794 0 0
44 2 0.011745831929147243 0 0
45 2 0.011957274749875069 0 0
46 2 0.012175257317721844 0 0
47 2 0.012399779632687569 0 0
48 2 0.012630841694772243 0 0
49 2 0.012868442572653294 0 0
50 2 0.013112583197653294 0 0
51 2 0.013363263569772243 0 0
52 2 0.013620482757687569 0 0
53 2 0.013884241692721844 0 0
54 2 0.014154540374875069 0 0
55 2 0.014431378804147243 0 0
56 2 0.014714756049215794 0 0
57 2 0.015004673041403294 0 0
58 2 0.015301129780709743 0 0
59 2 0.015604125335812569 0 0
60 18 0.01591366156935692 0 0
61 18 0.01622973568737507 0 0
62 18 0.01655234955251217 0 0
63 18 0.01698189787566662 0 0
64 18 0.017321951687335968 0 0
65 18 0.017670724540948868 0 0
66 18 0.018028216436505318 0 0
67 18 0.018394427374005318 0 0
68 18 0.018769357353448868 0 0
69 18 0.019153006374835968 0 0
70 18 0.01954537443816662 0 0
71 18 0.019946463406085968 0 0
72 18 0.020356271415948868 0 0
73 18 0.020774798467755318 0 0
74 18 0.021202044561505318 0 0
75 2 0.021638009697198868 0 0
76 2 0.022082693874835968 0 0
77 2 0.02253609709441662 0 0
78 0 0.022982526570558548 0 0
79 0 0.023419145494699478 0 0
80 0 0.023845955729484558 0 0
81 0 0.024262957274913788 0 0
82 0 0.024670148268342018 0 0
83 0 0.025067530572414398 0 0
84 1 0.025455104187130928 0 0
85 1 0.025829598307609558 0 0
86 1 0.026191014796495438 0 0
87 1 0.026539349928498268 0 0
88 1 0.026874607428908348 0 0
89 1 0.027196785435080528 0 0
90 1 0.027505885809659958 0 0
91 0 0.02770369127392769 0 0
92 0 0.02798990160226822 0 0
93 0 0.02826630510389805 0 0
94 0 0.02853289805352688 0 0
95 0 0.02878968045115471 0 0
96 0 0.02903665602207184 0 0
97 0 0.02927382104098797 0 0
98 0 0.02950117737054825 0 0
99 0 0.02971872314810753 0 0
100 0 0.02992646023631096 0 0
101 0 0.03012438863515854 0 0
102 0 0.03031250834465027 0 0
103 0 0.030490817502141 0 0
104 0 0.03065931797027588 0 0
105 0 0.03081800974905491 0 0
106 2 0.03096689283847809 0 0
107 2 0.03112231381237507 0 0
108 2 0.03128427639603615 0 0
109 2 0.03145277500152588 0 0
110 2 0.03162781521677971 0 0
111 2 0.03180939704179764 0 0
112 18 0.03199751302599907 0 0
113 18 0.0321921743452549 0 0
114 18 0.03239336982369423 0 0
115 18 0.03260110691189766 0 0
116 18 0.03281538560986519 0 0
117 18 0.03303620219230652 0 0
118 18 0.03326355665922165 0 0
119 18 0.03349745273590088 0 0
120 18 0.03373788669705391 0 0
121 18 0.03398486226797104 0 0
122 18 0.03423837572336197 0 0
123 18 0.034498430788517 0 0
124 18 0.03476502373814583 0 0
125 18 0.03503815457224846 0 0
126 18 0.03531782701611519 0 0
127 18 0.03560403734445572 0 0
128 18 0.03589678928256035 0 0
129 18 0.03619607910513878 0 0
130 18 0.03650191053748131 0 0
131 18 0.03681427985429764 0 0
132 18 0.03713318705558777 0 0
133 18 0.037458635866642 0 0
134 2 0.03789101913571358 0 0
135 2 0.03823390230536461 0 0
136 2 0.03858551010489464 0 0
137 2 0.03894583508372307 0 0
138 2 0.0393148809671402 0 0
139 2 0.03969264402985573 0 0
140 2 0.04007912799715996 0 0
141 2 0.04047432914376259 0 0
142 2 0.04087825119495392 0 0
143 2 0.04129089415073395 0 0
144 2 0.04171225428581238 0 0
145 2 0.04214233532547951 0 0
146 2 0.04258113354444504 0 0
147 2 0.04302865266799927 0 0
148 2 0.04347508028149605 0 0
149 2 0.04392150789499283 0 0
150 2 0.04436793550848961 0 0
151 2 0.04481436684727669 0 0
152 2 0.04526079446077347 0 0
153 2 0.04570722207427025 0 0
154 2 0.04615365341305733 0 0
155 2 0.04660008102655411 0 0
156 2 0.04704650864005089 0 0
157 2 0.04749293625354767 0 0
158 2 0.04793936759233475 0 0
159 2 0.04838579520583153 0 0
160 2 0.04883222281932831 0 0
161 2 0.04927865043282509 0 0
162 0 0.04972508177161217 0 0
163 0 0.0499105341732502 0 0
164 0 0.04981231689453125 0 0
165 0 0.04981231689453125 0 0
166 0 0.04981231689453125 0 0
167 0 0.04981231689453125 0 0
168 0 0.04981231689453125 0 0
169 0 0.04981231689453125 0 0
170 1 0.04981231689453125 0 0
171 1 0.04966626688838005 0 0
172 1 0.04951367899775505 0 0
173 1 0.04935455322265625 0 0
174 1 0.04918888583779335 0 0
175 1 0.04901668056845665 0 0
176 1 0.04883793368935585 0 0
177 0 0.04865264892578125 0 0
178 0 0.0484771728515625 0 0
179 0 0.0483115054666996 0 0
180 2 0.04815564677119255 0 0
181 2 0.0480128712952137 0 0
182 2 0.04788317158818245 0 0
183 2 0.04802921786904335 0 0
184 2 0.04818180575966835 0 0
185 2 0.04834093526005745 0 0
186 2 0.04850659891963005 0 0
187 2 0.04867880791425705 0 0
188 2 0.04885755106806755 0 0
189 2 0.04904283955693245 0 0
190 2 0.04923466220498085 0 0
191 2 0.04943302646279335 0 0
192 2 0.04963793233036995 0 0
193 2 0.04984937235713005 0 0
194 2 0.05000875145196915 0 0
195 2 0.05000875145196915 0 0
196 18 0.05000875145196915 0 0
197 18 0.05000875145196915 0 0
198 18 0.05000875145196915 0 0
199 18 0.05000875145196915 0 0
200 18 0.05000875145196915 0 0
201 18 0.05018095672130585 0 0
202 18 0.05035970360040665 0 0
203 18 0.05054498836398125 0 0
204 18 0.050736814737319946 0 0
205 18 0.050935178995132446 0 0
206 18 0.05114008113741875 0 0
207 18 0.05135152488946915 0 0
208 18 0.05156950652599335 0 0
209 18 0.05179402977228165 0 0
210 18 0.05202509090304375 0 0
211 18 0.052262693643569946 0 0
212 2 0.052506834268569946 0 0
213 2 0.05275751277804375 0 0
214 2 0.05301473289728165 0 0
215 2 0.05327849090099335 0 0
216 0 0.05354879051446915 0 0
217 0 0.053809281438589096 0 0
218 0 0.0540599599480629 0 0
219 0 0.05430082976818085 0 0
220 0 0.054531894624233246 0 0
221 0 0.054753147065639496 0 0
222 0 0.0549645870923996 0 0
223 0 0.05516622215509415 0 0
224 0 0.055358048528432846 0 0
225 0 0.0555400624871254 0 0
226 0 0.0557122677564621 0 0
227 0 0.05572303757071495 0 0
228 0 0.05572303757071495 0 0
229 0 0.05572303757071495 0 0
230 0 0.05572303757071495 0 0
231 0 0.05572303757071495 0 0
232 2 0.05572303757071495 0 0
233 2 0.05572303757071495 0 0
234 2 0.05572303757071495 0 0
235 2 0.05572303757071495 0 0
236 2 0.05572303757071495 0 0
237 2 0.05572303757071495 0 0
238 2 0.05572303757071495 0 0
239 2 0.05572303757071495 0 0
240 2 0.05572303757071495 0 0
241 0 0.05572303757071495 0 0
242 0 0.05572303757071495 0 0
243 0 0.05572303757071495 0 0
244 0 0.05572303757071495 0 0
245 2 0.05572303757071495 0 0
246 2 0.05572303757071495 0 0
247 18 0.05572303757071495 0 0
248 18 0.05572303757071495 0 0
249 18 0.05572303757071495 0 0
250 18 0.05572303757071495 0 0
251 18 0.05572303757071495 0 0
252 2 0.05589524284005165 0 0
253 2 0.05607398971915245 0 0
254 2 0.05625927448272705 0 0
255 2 0.05645110085606575 0 0
256 0 0.05664946511387825 0 0
257 0 0.0568380206823349 0 0
258 0 0.0570167638361454 0 0
259 0 0.05718570202589035 0 0
260 0 0.05734482780098915 0 0
261 0 0.0574941486120224 0 0
262 0 0.0576336570084095 0 0
263 0 0.05776335671544075 0 0
264 0 0.05788324773311615 0 0
265 0 0.0579933263361454 0 0
266 0 0.0580935999751091 0 0
267 0 0.05818406119942665 0 0
268 0 0.05826471745967865 0 0
269 0 0.0583355613052845 0 0
270 0 0.0583965964615345 0 0
271 0 0.05844782292842865 0 0
272 0 0.05848923698067665 0 0
273 0 0.0585208460688591 0 0
274 0 0.0585426427423954 0 0
275 0 0.05855463445186615 0 0
276 0 0.05855681374669075 0 0
277 0 0.0585491843521595 0 0
278 0 0.0585491843521595 0 0
279 0 0.0585491843521595 0 0
280 0 0.0585491843521595 0 0
281 0 0.0585491843521595 0 0
282 2 0.0585491843521595 0 0
283 2 0.0586952306330204 0 0
284 2 0.0588478185236454 0 0
285 2 0.0590069480240345 0 0
286 2 0.0591726154088974 0 0
287 2 0.0593448206782341 0 0
288 2 0.0595235675573349 0 0
289 2 0.0597088523209095 0 0
290 2 0.0599006749689579 0 0
291 2 0.0600990392267704 0 0
292 2 0.060303945094347 0 0
293 2 0.0605153888463974 0 0
294 2 0.0607333704829216 0 0
295 2 0.0609578937292099 0 0
296 2 0.061188954859972 0 0
297 2 0.0614265538752079 0 0
298 2 0.0616706945002079 0 0
299 2 0.061921376734972 0 0
300 2 0.0621785968542099 0 0
301 2 0.0624423548579216 0 0
302 2 0.0627126544713974 0 0
303 2 0.0629894882440567 0 0
304 2 0.0632728710770607 0 0
305 2 0.0635627880692482 0 0
306 2 0.0638592392206192 0 0
307 2 0.0641622394323349 0 0
308 2 0.0644717738032341 0 0
309 2 0.0647878497838974 0 0
310 2 0.0651104599237442 0 0
311 2 0.06554000824689865 0 0
312 2 0.06588006019592285 0 0
313 2 0.06622883677482605 0 0
314 18 0.06658632308244705 0 0
315 18 0.06695253401994705 0 0
316 18 0.06732746958732605 0 0
317 18 0.06771111488342285 0 0
318 18 0.06810348480939865 0 0
319 18 0.06850457191467285 0 0
320 18 0.06891438364982605 0 0
321 18 0.06933290511369705 0 0
322 18 0.06976015120744705 0 0
323 18 0.07019612193107605 0 0
324 2 0.07064080238342285 0 0
325 2 0.07109420746564865 0 0
326 2 0.07154063880443573 0 0
327 2 0.07198706269264221 0 0
328 2 0.07243349403142929 0 0
329 2 0.07287992537021637 0 0
330 2 0.07332634925842285 0 0
331 2 0.07377278059720993 0 0
332 2 0.07421920448541641 0 0
333 2 0.07466563582420349 0 0
334 2 0.07511206716299057 0 0
335 2 0.07555849105119705 0 0
336 2 0.07600492238998413 0 0
337 2 0.07645135372877121 0 0
338 2 0.07689777761697769 0 0
339 2 0.07734420895576477 0 0
340 2 0.07779063284397125 0 0
341 2 0.07823706418275833 0 0
342 2 0.07868349552154541 0 0
343 2 0.07912991940975189 0 0
344 2 0.07957635074853897 0 0
345 2 0.08002278208732605 0 0
346 2 0.08046920597553253 0 0
347 2 0.08091563731431961 0 0
348 2 0.08136206120252609 0 0
349 2 0.08180849254131317 0 0
350 2 0.08225492388010025 0 0
351 2 0.08270134776830673 0 0
352 2 0.08314777910709381 0 0
353 2 0.08359421044588089 0 0
354 0 0.08404063433408737 0 0
355 0 0.0844772532582283 0 0
356 0 0.08490406721830368 0 0
357 0 0.08532106876373291 0 0
358 0 0.08572825789451599 0 0
359 0 0.08612564206123352 0 0
360 1 0.0865132138133049 0 0
361 1 0.08688770979642868 0 0
362 1 0.08724912256002426 0 0
363 1 0.08759745955467224 0 0
364 1 0.08793272078037262 0 0
365 1 0.0882548987865448 0 0
366 1 0.08856072276830673 0 0
367 1 0.08875526487827301 0 0
368 1 0.08903493732213974 0 0
369 1 0.08930152654647827 0 0
370 1 0.0895550400018692 0 0
371 1 0.08979547768831253 0 0
372 1 0.09002283215522766 0 0
373 1 0.09023711085319519 0 0
374 1 0.09043830633163452 0 0
375 1 0.09062642604112625 0 0
376 1 0.09080146998167038 0 0
377 1 0.09096343070268631 0 0
378 1 0.09111230820417404 0 0
379 1 0.09124811738729477 0 0
380 1 0.09110206365585327 0 0
381 1 0.09094947576522827 0 0
382 1 0.09079035371541977 0 0
383 1 0.09062468260526657 0 0
384 1 0.09045247733592987 0 0
385 1 0.09027373045682907 0 0
386 1 0.09008844941854477 0 0
387 1 0.08989661931991577 0 0
388 1 0.08969825506210327 0 0
389 1 0.08949335664510727 0 0
390 1 0.08928190916776657 0 0
391 1 0.08906392753124237 0 0
392 1 0.08883940428495407 0 0
393 1 0.08860834687948227 0 0
394 0 0.08837074041366577 0 0
395 0 0.08814295381307602 0 0
396 0 0.08792496472597122 0 0
397 2 0.08771679550409317 0 0
398 0 0.08752170205116272 0 0
399 0 0.08733641356229782 0 0
400 0 0.08716093748807907 0 0
401 0 0.08699527382850647 0 0
402 0 0.08683941513299942 0 0
403 0 0.08669336885213852 0 0
404 0 0.08655712753534317 0 0
405 0 0.08643069863319397 0 0
406 0 0.08631407469511032 0 0
407 0 0.08620726317167282 0 0
408 0 0.08611026406288147 0 0
409 0 0.08611026406288147 0 0
410 0 0.08611026406288147 0 0
411 0 0.08611026406288147 0 0
412 0 0.08611026406288147 0 0
413 2 0.08611026406288147 0 0
414 2 0.08625631034374237 0 0
415 2 0.08640889823436737 0 0
416 0 0.08656802773475647 0 0
417 0 0.08671734482049942 0 0
418 0 0.08685684949159622 0 0
419 0 0.08698654919862747 0 0
420 0 0.08710644394159317 0 0
421 0 0.08721652626991272 0 0
422 0 0.08731679618358612 0 0
423 0 0.08740726113319397 0 0
424 0 0.08748791366815567 0 0
425 0 0.08755875378847122 0 0
426 2 0.08761978894472122 0 0
427 18 0.08776584267616272 0 0
428 18 0.08791843056678772 0 0
429 18 0.08807755261659622 0 0
430 18 0.08824322372674942 0 0
431 18 0.08841542899608612 0 0
432 18 0.08859417587518692 0 0
433 18 0.08877945691347122 0 0
434 18 0.08897128701210022 0 0
435 18 0.08916965126991272 0 0
436 18 0.08937454968690872 0 0
437 18 0.08958599716424942 0 0
438 18 0.0897858515381813 0 1
0 0 0.0897858515381813 0 1
1 16 0.009991071186959743 0 0
2 16 0.009991071186959743 0 0
3 16 0.009991071186959743 0 0
4 16 0.009991071186959743 0 0
5 16 0.009991071186959743 0 0
6 16 0.009991071186959743 0 0
7 0 0.009991071186959743 0 0
8 0 0.009991071186959743 0 0
9 0 0.009991071186959743 0 0
10 0 0.009991071186959743 0 0
11 0 0.009991071186959743 0 0
12 0 0.009991071186959743 0 0
13 0 0.009991071186959743 0 0
14 0 0.009991071186959743 0 0
15 0 0.009991071186959743 0 0
16 0 0.009991071186959743 0 0
17 0 0.009991071186959743 0 0
18 0 0.009991071186959743 0 0
19 0 0.009991071186959743 0 0
20 0 0.009991071186959743 0 0
21 0 0.009991071186959743 0 0
22 0 0.009991071186959743 0 0
23 0 0.009991071186959743 0 0
24 0 0.009991071186959743 0 0
25 0 0.009991071186959743 0 0
26 0 0.009991071186959743 0 0
27 0 0.009991071186959743 0 0
28 0 0.009991071186959743 0 0
29 0 0.009991071186959743 0 0
30 0 0.009991071186959743 0 0
31 0 0.009991071186959743 0 0
32 0 0.009991071186959743 0 0
33 0 0.009991071186959743 0 0
34 0 0.009991071186959743 0 0
35 0 0.009991071186959743 0 0
36 0 0.009991071186959743 0 0
37 0 0.009991071186959743 0 0
38 2 0.009991071186959743 0 0
39 2 0.010137120261788368 0 0
40 2 0.010289708152413368 0 0
41 2 0.010448834858834743 0 0
42 2 0.010614502243697643 0 0
43 2 0.010786708444356918 0 0
44 2 0.010965454392135143 0 0
45 2 0.011150739155709743 0 0
46 2 0.011342564597725868 0 0
47 2 0.011540927924215794 0 0
48 2 0.011745831929147243 0 0
49 2 0.011957274749875069 0 0
50 2 0.012175257317721844 0 0
51 2 0.012399779632687569 0 0
52 2 0.012630841694772243 0 0
53 2 0.012868442572653294 0 0
54 2 0.013112583197653294 0 0
55 2 0.013363263569772243 0 0
56 2 0.013620482757687569 0 0
57 2 0.013884241692721844 0 0
58 2 0.014154540374875069 0 0
59 2 0.014431378804147243 0 0
60 2 0.014714756049215794 0 0
61 2 0.015004673041403294 0 0
62 2 0.015301129780709743 0 0
63 2 0.015604125335812569 0 0
64 18 0.01591366156935692 0 0
65 18 0.01622973568737507 0 0
66 18 0.01655234955251217 0 0
67 18 0.01698189787566662 0 0
68 18 0.017321951687335968 0 0
69 18 0.017670724540948868 0 0
70 18 0.018028216436505318 0 0
71 18 0.018394427374005318 0 0
72 18 0.018769357353448868 0 0
73 18 0.019153006374835968 0 0
74 18 0.01954537443816662 0 0
75 2 0.019946463406085968 0 0
76 2 0.020356271415948868 0 0
77 0 0.020774798467755318 0 0
78 0 0.021183514967560768 0 0
79 0 0.02158242277801037 0 0
80 0 0.02197152189910412 0 0
81 0 0.022350812330842018 0 0
82 0 0.022720294073224068 0 0
83 0 0.023079965263605118 0 0
84 0 0.023429827764630318 0 0
85 0 0.023769879713654518 0 0
86 0 0.02410012297332287 0 0
87 0 0.02442055754363537 0 0
88 0 0.02463296800851822 0 0
89 0 0.02493378520011902 0 0
90 1 0.02522479183971882 0 0
91 1 0.02550271898508072 0 0
92 1 0.02576756849884987 0 0
93 0 0.02601933851838112 0 0
94 0 0.02626129984855652 0 0
95 0 0.02649345062673092 0 0
96 0 0.02671579271554947 0 0
97 0 0.02692832611501217 0 0
98 0 0.02713105082511902 0 0
99 0 0.02732396498322487 0 0
100 0 0.02750707045197487 0 0
101 0 0.02768036723136902 0 0
102 0 0.02784385345876217 0 0
103 0 0.02799753099679947 0 0
104 0 0.02814139984548092 0 0
105 0 0.02827546000480652 0 0
106 0 0.02839970961213112 0 0
107 0 0.02851415053009987 0 0
108 0 0.02861878275871277 0 0
109 0 0.02871360443532467 0 0
110 0 0.02871360443532467 0 0
111 0 0.02871360443532467 0 0
112 0 0.02871360443532467 0 0
113 2 0.02871360443532467 0 0
114 2 0.02885965257883072 0 0
115 2 0.02901224046945572 0 0
116 18 0.02917136810719967 0 0
117 18 0.02933703549206257 0 0
118 18 0.02950924262404442 0 0
119 18 0.02968798764050007 0 0
120 18 0.02987327240407467 0 0
121 18 0.03006509691476822 0 0
122 18 0.03026346117258072 0 0
123 18 0.03046836517751217 0 0
124 18 0.03067980892956257 0 0
125 18 0.03089779242873192 0 0
126 18 0.03112231381237507 0 0
127 18 0.03135337680578232 0 0
128 18 0.03159097582101822 0 0
129 18 0.03183511644601822 0 0
130 18 0.03208579868078232 0 0
131 18 0.03234301880002022 0 0
132 18 0.03260677680373192 0 0
133 18 0.03287707641720772 0 0
134 18 0.03315391391515732 0 0
135 18 0.03343728929758072 0 0
136 18 0.03372720628976822 0 0
137 18 0.03402366489171982 0 0
138 18 0.03432666137814522 0 0
139 18 0.03463619574904442 0 0
140 18 0.03495227172970772 0 0
141 18 0.03527488559484482 0 0
142 18 0.03570443391799927 0 0
143 18 0.03604448586702347 0 0
144 18 0.03639325872063637 0 0
145 18 0.03675074875354767 0 0
146 18 0.03711695969104767 0 0
147 18 0.03749189153313637 0 0
148 18 0.03787554055452347 0 0
149 2 0.03826791048049927 0 0
150 2 0.03866899758577347 0 0
151 2 0.03907880559563637 0 0
152 2 0.03949733078479767 0 0
153 2 0.03992457687854767 0 0
154 2 0.04036054387688637 0 0
155 2 0.04080522805452347 0 0
156 2 0.04125863313674927 0 0
157 2 0.04170506075024605 0 0
158 2 0.04215148836374283 0 0
159 2 0.04259791597723961 0 0
160 2 0.04304434731602669 0 0
161 2 0.04349077492952347 0 0
162 2 0.04393720254302025 0 0
163 2 0.04438363388180733 0 0
164 2 0.04483006149530411 0 0
165 2 0.04527648910880089 0 0
166 2 0.04572291672229767 0 0
167 2 0.04616934806108475 0 0
168 2 0.04661577567458153 0 0
169 2 0.04706220328807831 0 0
170 2 0.04750863090157509 0 0
171 0 0.04795506224036217 0 0
172 0 0.0483916811645031 0 0
173 0 0.04881849139928818 0 0
174 0 0.04923548921942711 0 0
175 0 0.04964268207550049 0 0
176 0 0.0499105341732502 0 0
177 0 0.04981231689453125 0 0
178 0 0.04981231689453125 0 0
179 2 0.04981231689453125 0 0
180 2 0.04995836690068245 0 0
181 2 0.05000875145196915 0 0
182 2 0.05000875145196915 0 0
183 18 0.05000875145196915 0 0
184 18 0.05000875145196915 0 0
185 18 0.05000875145196915 0 0
186 18 0.05000875145196915 0 0
187 18 0.05000875145196915 0 0
188 18 0.05018095672130585 0 0
189 18 0.05035970360040665 0 0
190 18 0.05054498836398125 0 0
191 18 0.050736814737319946 0 0
192 18 0.050935178995132446 0 0
193 18 0.05114008113741875 0 0
194 18 0.05135152488946915 0 0
195 18 0.05156950652599335 0 0
196 18 0.05179402977228165 0 0
197 2 0.05202509090304375 0 0
198 2 0.052262693643569946 0 0
199 2 0.052506834268569946 0 0
200 2 0.05275751277804375 0 0
201 2 0.05301473289728165 0 0
202 2 0.05327849090099335 0 0
203 2 0.05354879051446915 0 0
204 2 0.05382562801241875 0 0
205 2 0.054109007120132446 0 0
206 2 0.054398924112319946 0 0
207 0 0.05469537898898125 0 0
208 0 0.054982028901576996 0 0
209 0 0.055258866399526596 0 0
210 0 0.055525895208120346 0 0
211 0 0.055783115327358246 0 0
212 0 0.05572303757071495 0 0
213 0 0.05572303757071495 0 0
214 0 0.05572303757071495 0 0
215 0 0.05572303757071495 0 0
216 0 0.05572303757071495 0 0
217 0 0.05572303757071495 0 0
218 0 0.05572303757071495 0 0
219 2 0.05572303757071495 0 0
220 2 0.05572303757071495 0 0
221 2 0.05572303757071495 0 0
222 2 0.05572303757071495 0 0
223 2 0.05572303757071495 0 0
224 2 0.05572303757071495 0 0
225 2 0.05572303757071495 0 0
226 2 0.05572303757071495 0 0
227 2 0.05572303757071495 0 0
228 2 0.05572303757071495 0 0
229 2 0.05572303757071495 0 0
230 2 0.05572303757071495 0 0
231 2 0.05572303757071495 0 0
232 2 0.05572303757071495 0 0
233 18 0.05572303757071495 0 0
234 18 0.05572303757071495 0 0
235 18 0.05572303757071495 0 0
236 18 0.05572303757071495 0 0
237 2 0.05572303757071495 0 0
238 2 0.05589524284005165 0 0
239 0 0.05607398971915245 0 0
240 0 0.0562429279088974 0 0
241 2 0.0564020536839962 0 0
242 2 0.0565677210688591 0 0
243 0 0.0567399263381958 0 0
244 0 0.05690232291817665 0 0
245 0 0.05705491080880165 0 0
246 0 0.0571976900100708 0 0
247 0 0.0573306605219841 0 0
248 0 0.05745381861925125 0 0
249 0 0.05756717175245285 0 0
250 0 0.0576707124710083 0 0
251 0 0.0577644445002079 0 0
252 0 0.05784836784005165 0 0
253 0 0.05792248249053955 0 0
254 0 0.0579867884516716 0 0
255 0 0.0580412819981575 0 0
256 0 0.05808597058057785 0 0
257 0 0.05812084674835205 0 0
258 0 0.0581459142267704 0 0
259 0 0.0581611730158329 0 0
260 0 0.05816662311553955 0 0
261 0 0.05816226452589035 0 0
262 0 0.058167714625597 0 0
263 2 0.058167714625597 0 0
264 2 0.0583137609064579 0 0
265 2 0.0584663487970829 0 0
266 2 0.058625478297472 0 0
267 2 0.0587911456823349 0 0
268 2 0.0589633509516716 0 0
269 2 0.0591420978307724 0 0
270 2 0.059327382594347 0 0
271 2 0.0595192052423954 0 0
272 2 0.0597175695002079 0 0
273 2 0.0599224753677845 0 0
274 2 0.0601339191198349 0 0
275 2 0.0603519007563591 0 0
276 2 0.0605764240026474 0 0
277 2 0.0608074851334095 0 0
278 18 0.0610450841486454 0 0
279 18 0.0612892247736454 0 0
280 18 0.0615399070084095 0 0
281 18 0.0617971271276474 0 0
282 18 0.0620608851313591 0 0
283 18 0.0623311847448349 0 0
284 18 0.0626080185174942 0 0
285 18 0.0628914013504982 0 0
286 18 0.0631813183426857 0 0
287 18 0.0634777694940567 0 0
288 18 0.0637807697057724 0 0
289 18 0.0640903040766716 0 0
290 18 0.0644063800573349 0 0
291 18 0.0647289901971817 0 0
292 18 0.06515853852033615 0 0
293 18 0.06549859046936035 0 0
294 18 0.06584736704826355 0 0
295 18 0.06620485335588455 0 0
296 18 0.06657106429338455 0 0
297 18 0.06694599986076355 0 0
298 18 0.06732964515686035 0 0
299 18 0.06772201508283615 0 0
300 18 0.06812310218811035 0 0
301 18 0.06853291392326355 0 0
302 18 0.06895143538713455 0 0
303 18 0.06937868148088455 0 0
304 18 0.06981465220451355 0 0
305 18 0.07025933265686035 0 0
306 18 0.07071273773908615 0 0
307 18 0.07115916907787323 0 0
308 18 0.07160559296607971 0 0
309 18 0.07205202430486679 0 0
310 18 0.07249845564365387 0 0
311 2 0.07294487953186035 0 0
312 2 0.07339131087064743 0 0
313 2 0.07383773475885391 0 0
314 2 0.07428416609764099 0 0
315 2 0.07473059743642807 0 0
316 2 0.07517702132463455 0 0
317 2 0.07562345266342163 0 0
318 2 0.07606988400220871 0 0
319 2 0.07651630789041519 0 0
320 2 0.07696273922920227 0 0
321 2 0.07740916311740875 0 0
322 2 0.07785559445619583 0 0
323 2 0.07830202579498291 0 0
324 2 0.07874844968318939 0 0
325 0 0.07919488102197647 0 0
326 0 0.0796314999461174 0 0
327 0 0.08005831390619278 0 0
328 0 0.08047530800104141 0 0
329 1 0.08088250458240509 0 0
330 1 0.08127661794424057 0 0
331 1 0.08165764808654785 0 0
332 1 0.08202560245990753 0 0
333 1 0.08238048106431961 0 0
334 1 0.08272227644920349 0 0
335 1 0.08305099606513977 0 0
336 1 0.08336663246154785 0 0
337 1 0.08357097953557968 0 0
338 1 0.08386046439409256 0 0
339 1 0.08413686603307724 0 0
340 1 0.08440018445253372 0 0
341 1 0.0846504345536232 0 0
342 1 0.08488759398460388 0 0
343 1 0.08511168509721756 0 0
344 1 0.08532269299030304 0 0
345 1 0.08552061766386032 0 0
346 1 0.08570546656847 0 0
347 1 0.08587723970413208 0 0
348 1 0.08603592962026596 0 0
349 1 0.08618154376745224 0 0
350 1 0.08631407469511032 0 0
351 1 0.08616802841424942 0 0
352 1 0.08601544052362442 0 0
353 1 0.08585631102323532 0 0
354 1 0.08569064736366272 0 0
355 1 0.08551844209432602 0 0
356 1 0.08533969521522522 0 0
357 1 0.08515440672636032 0 0
358 1 0.08496258407831192 0 0
359 1 0.08476421982049942 0 0
360 1 0.08455931395292282 0 0
361 1 0.08434787392616272 0 0
362 1 0.0842769593000412 0 0
363 1 0.0842769593000412 0 0
364 0 0.0842769593000412 0 0
365 0 0.0842769593000412 0 0
366 0 0.0842769593000412 0 0
367 0 0.0842769593000412 0 0
368 0 0.0842769593000412 0 0
369 0 0.0842769593000412 0 0
370 0 0.0842769593000412 0 0
371 0 0.0842769593000412 0 0
372 0 0.0842769593000412 0 0
373 0 0.0842769593000412 0 0
374 0 0.0842769593000412 0 0
375 0 0.0842769593000412 0 0
376 0 0.0842769593000412 0 0
377 0 0.0842769593000412 0 0
378 0 0.0842769593000412 0 0
379 0 0.0842769593000412 0 0
380 0 0.0842769593000412 0 0
381 0 0.0842769593000412 0 0
382 0 0.0842769593000412 0 0
383 2 0.0842769593000412 0 0
384 2 0.0844230130314827 0 0
385 2 0.0845756009221077 0 0
386 2 0.0847347229719162 0 0
387 2 0.0849003940820694 0 0
388 2 0.0850725993514061 0 0
389 2 0.0852513462305069 0 0
390 2 0.0854366272687912 0 0
391 18 0.0856284573674202 0 0
392 18 0.0858268216252327 0 0
393 18 0.0860317200422287 0 0
394 18 0.0862431675195694 0 0
395 18 0.0864611491560936 0 0
396 18 0.0866856724023819 0 0
397 18 0.0869167298078537 0 0
398 18 0.0871543362736702 0 0
399 18 0.0873984768986702 0 0
400 18 0.0876491516828537 0 0
401 18 0.0879063755273819 0 0
402 18 0.0881701335310936 0 0
403 18 0.0884404331445694 0 0
404 18 0.0887172669172287 0 0
405 18 0.0890006497502327 0 0
406 18 0.0892905667424202 0 0
407 18 0.0895870178937912 0 0
408 18 0.0898900181055069 0 0
409 18 0.0901995524764061 0 0
410 2 0.0905156284570694 0 0
411 2 0.09040986001491547 0 1
0 0 0.09040986001491547 0 1
1 0 0.009991071186959743 0 0
2 0 0.009991071186959743 0 0
3 0 0.009991071186959743 0 0
4 0 0.009991071186959743 0 0
5 0 0.009991071186959743 0 0
6 0 0.009991071186959743 0 0
7 0 0.009991071186959743 0 0
8 0 0.009991071186959743 0 0
9 0 0.009991071186959743 0 0
10 0 0.009991071186959743 0 0
11 0 0.009991071186959743 0 0
12 0 0.009991071186959743 0 0
13 0 0.009991071186959743 0 0
14 0 0.009991071186959743 0 0
15 0 0.009991071186959743 0 0
16 0 0.009991071186959743 0 0
17 0 0.009991071186959743 0 0
18 0 0.009991071186959743 0 0
19 0 0.009991071186959743 0 0
20 0 0.009991071186959743 0 0
21 0 0.009991071186959743 0 0
22 0 0.009991071186959743 0 0
23 2 0.009991071186959743 0 0
24 2 0.010137120261788368 0 0
25 2 0.010289708152413368 0 0
26 2 0.010448834858834743 0 0
27 2 0.010614502243697643 0 0
28 2 0.010786708444356918 0 0
29 2 0.010965454392135143 0 0
30 2 0.011150739155709743 0 0
31 2 0.011342564597725868 0 0
32 2 0.011540927924215794 0 0
33 2 0.011745831929147243 0 0
34 2 0.011957274749875069 0 0
35 2 0.012175257317721844 0 0
36 2 0.012399779632687569 0 0
37 2 0.012630841694772243 0 0
38 2 0.012868442572653294 0 0
39 2 0.013112583197653294 0 0
40 2 0.013363263569772243 0 0
41 2 0.013620482757687569 0 0
42 2 0.013884241692721844 0 0
43 2 0.014154540374875069 0 0
44 2 0.014431378804147243 0 0
45 2 0.014714756049215794 0 0
46 2 0.015004673041403294 0 0
47 2 0.015301129780709743 0 0
48 2 0.015604125335812569 0 0
49 2 0.01591366156935692 0 0
50 2 0.01622973568737507 0 0
51 2 0.01655234955251217 0 0
52 2 0.01698189787566662 0 0
53 2 0.017321951687335968 0 0
54 2 0.017670724540948868 0 0
55 18 0.018028216436505318 0 0
56 18 0.018394427374005318 0 0
57 18 0.018769357353448868 0 0
58 18 0.019153006374835968 0 0
59 18 0.01954537443816662 0 0
60 18 0.019946463406085968 0 0
61 18 0.020356271415948868 0 0
62 18 0.020774798467755318 0 0
63 2 0.021202044561505318 0 0
64 2 0.021638009697198868 0 0
65 2 0.022082693874835968 0 0
66 2 0.02253609709441662 0 0
67 0 0.022982526570558548 0 0
68 0 0.023419145494699478 0 0
69 0 0.023845955729484558 0 0
70 0 0.024262957274913788 0 0
71 0 0.024670148268342018 0 0
72 0 0.025067530572414398 0 0
73 0 0.025455104187130928 0 0
74 0 0.025832869112491608 0 0
75 0 0.026200823485851288 0 0
76 0 0.026558969169855118 0 0
77 1 0.02690730430185795 0 0
78 1 0.027242561802268028 0 0
79 1 0.027564741671085358 0 0
80 1 0.027873840183019638 0 0
81 1 0.02807164564728737 0 0
82 1 0.028354587033391 0 0
83 1 0.02862445078790188 0 0
84 1 0.02888123318552971 0 0
85 1 0.02912493795156479 0 0
86 1 0.02935556322336197 0 0
87 1 0.0295731108635664 0 0
88 1 0.02977757900953293 0 0
89 1 0.02996896766126156 0 0
90 1 0.03014727681875229 0 0
91 0 0.03031250834465027 0 0
92 0 0.03046792931854725 0 0
93 0 0.03061354160308838 0 0
94 0 0.03074934519827366 0 0
95 0 0.03087534010410309 0 0
96 0 0.03099152445793152 0 0
97 0 0.0310979001224041 0 0
98 0 0.031194467097520828 0 0
99 0 0.03128122165799141 0 0
100 0 0.03135817125439644 0 0
101 0 0.03135817125439644 0 0
102 0 0.03135817125439644 0 0
103 2 0.03135817125439644 0 0
104 2 0.03150422126054764 0 0
105 18 0.03165680915117264 0 0
106 18 0.03181593492627144 0 0
107 18 0.03198160231113434 0 0
108 18 0.03215380758047104 0 0
109 18 0.03233255445957184 0 0
110 18 0.03251783922314644 0 0
111 18 0.03270966559648514 0 0
112 18 0.03290802985429764 0 0
113 18 0.03311293199658394 0 0
114 18 0.03332437574863434 0 0
115 18 0.03354235738515854 0 0
116 18 0.03376688063144684 0 0
117 18 0.03399794176220894 0 0
118 18 0.03423554450273514 0 0
119 18 0.03447968512773514 0 0
120 18 0.03473036363720894 0 0
121 18 0.03498758375644684 0 0
122 18 0.03525134176015854 0 0
123 18 0.03552164137363434 0 0
124 18 0.03579847887158394 0 0
125 18 0.03608185797929764 0 0
126 18 0.03637177497148514 0 0
127 18 0.03666822984814644 0 0
128 18 0.03697122633457184 0 0
129 2 0.03728076070547104 0 0
130 2 0.03759683668613434 0 0
131 2 0.03791945055127144 0 0
132 2 0.03834899887442589 0 0
133 2 0.03868905082345009 0 0
134 2 0.03903782367706299 0 0
135 2 0.03939531743526459 0 0
136 2 0.03976152837276459 0 0
137 2 0.04013645648956299 0 0
138 2 0.04052010551095009 0 0
139 2 0.04091247543692589 0 0
140 2 0.04131356254220009 0 0
141 2 0.04172337055206299 0 0
142 2 0.04214189946651459 0 0
143 2 0.04256914556026459 0 0
144 2 0.04300510883331299 0 0
145 2 0.04344979301095009 0 0
146 2 0.04390319809317589 0 0
147 2 0.04434962570667267 0 0
148 2 0.04479605704545975 0 0
149 2 0.04524248465895653 0 0
150 2 0.04568891227245331 0 0
151 2 0.04613533988595009 0 0
152 2 0.04658177122473717 0 0
153 2 0.04702819883823395 0 0
154 2 0.047053392976522446 0 0
155 2 0.047053392976522446 0 0
156 2 0.047053392976522446 0 0
157 2 0.047053392976522446 0 0
158 2 0.047053392976522446 0 0
159 18 0.047053392976522446 0 0
160 18 0.0471012219786644 0 0
161 18 0.047151610255241394 0 0
162 18 0.047151610255241394 0 0
163 18 0.047151610255241394 0 0
164 18 0.047323815524578094 0 0
165 18 0.047502562403678894 0 0
166 18 0.047687847167253494 0 0
167 18 0.047879669815301895 0 0
168 18 0.048078034073114395 0 0
169 18 0.048282939940690994 0 0
170 18 0.048494383692741394 0 0
171 2 0.048712365329265594 0 0
172 2 0.048936888575553894 0 0
173 2 0.049167949706315994 0 0
174 2 0.049405548721551895 0 0
175 2 0.049649689346551895 0 0
176 2 0.049900371581315994 0 0
177 2 0.050157591700553894 0 0
178 2 0.050421349704265594 0 0
179 2 0.050691649317741394 0 0
180 2 0.050968486815690994 0 0
181 2 0.051251862198114395 0 0
182 2 0.051541779190301895 0 0
183 2 0.051838237792253494 0 0
184 2 0.052141234278678894 0 0
185 2 0.052450768649578094 0 0
186 2 0.052766844630241394 0 0
187 2 0.0528658963739872 0 0
188 2 0.0528658963739872 0 0
189 2 0.0528658963739872 0 0
190 2 0.0528658963739872 0 0
191 2 0.0528658963739872 0 0
192 2 0.0528658963739872 0 0
193 2 0.0528658963739872 0 0
194 2 0.0528658963739872 0 0
195 2 0.0528658963739872 0 0
196 2 0.0528658963739872 0 0
197 2 0.0528658963739872 0 0
198 2 0.0528658963739872 0 0
199 18 0.0528658963739872 0 0
200 18 0.0528658963739872 0 0
201 18 0.0528658963739872 0 0
202 18 0.0528658963739872 0 0
203 18 0.0528658963739872 0 0
204 18 0.0530381016433239 0 0
205 18 0.0532168485224247 0 0
206 18 0.0534021332859993 0 0
207 18 0.0535939559340477 0 0
208 18 0.0537923201918602 0 0
209 18 0.0539972260594368 0 0
210 18 0.0542086698114872 0 0
211 2 0.0544266514480114 0 0
212 2 0.0546511746942997 0 0
213 2 0.0548822358250618 0 0
214 2 0.0551198348402977 0 0
215 2 0.0553639754652977 0 0
216 2 0.0556146577000618 0 0
217 2 0.0558718778192997 0 0
218 2 0.0561356358230114 0 0
219 0 0.0564059354364872 0 0
220 0 0.05666642263531685 0 0
221 0 0.05691710487008095 0 0
222 0 0.0571579746901989 0 0
223 0 0.057389035820961 0 0
224 1 0.05761028826236725 0 0
225 1 0.0578184612095356 0 0
226 1 0.05801355466246605 0 0
227 1 0.0581955723464489 0 0
228 1 0.05836450681090355 0 0
229 0 0.0585203655064106 0 0
230 0 0.0586664155125618 0 0
231 0 0.05880265310406685 0 0
232 0 0.05892908200621605 0 0
233 0 0.05892908200621605 0 0
234 0 0.05892908200621605 0 0
235 0 0.05892908200621605 0 0
236 0 0.05892908200621605 0 0
237 0 0.05892908200621605 0 0
238 0 0.05892908200621605 0 0
239 2 0.05892908200621605 0 0
240 2 0.05907513201236725 0 0
241 2 0.05922771990299225 0 0
242 2 0.05938684567809105 0 0
243 2 0.05955251306295395 0 0
244 2 0.05972472205758095 0 0
245 2 0.05990346521139145 0 0
246 18 0.06008874997496605 0 0
247 18 0.06028057634830475 0 0
248 18 0.06047894060611725 0 0
249 18 0.06068384274840355 0 0
250 18 0.06089528650045395 0 0
251 18 0.06111327186226845 0 0
252 18 0.06133779138326645 0 0
253 18 0.06156885251402855 0 0
254 18 0.06180645525455475 0 0
255 18 0.06205059587955475 0 0
256 18 0.06230127438902855 0 0
257 18 0.06255849450826645 0 0
258 18 0.06282225251197815 0 0
259 18 0.06309255212545395 0 0
260 18 0.06336939334869385 0 0
261 18 0.06365276873111725 0 0
262 18 0.06394268572330475 0 0
263 18 0.06423914432525635 0 0
264 18 0.06454213708639145 0 0
265 2 0.06485167145729065 0 0
266 2 0.06516774743795395 0 0
267 2 0.06549036502838135 0 0
268 2 0.0659199059009552 0 0
269 2 0.06625996530056 0 0
270 2 0.0666087344288826 0 0
271 2 0.0669662281870842 0 0
272 2 0.0673324391245842 0 0
273 2 0.0677073672413826 0 0
274 2 0.06809101998806 0 0
275 2 0.0684833824634552 0 0
276 2 0.06888447701931 0 0
277 2 0.0692942813038826 0 0
278 2 0.0697128102183342 0 0
279 2 0.0701400563120842 0 0
280 2 0.0705760195851326 0 0
281 2 0.07102070748806 0 0
282 2 0.0714741051197052 0 0
283 2 0.07192053645849228 0 0
284 2 0.07236696779727936 0 0
285 2 0.07281339168548584 0 0
286 2 0.07325982302427292 0 0
287 2 0.07370625436306 0 0
288 2 0.07415267825126648 0 0
289 2 0.07459910959005356 0 0
290 2 0.07504553347826004 0 0
291 2 0.07549196481704712 0 0
292 2 0.0759383961558342 0 0
293 2 0.07638482004404068 0 0
294 2 0.07683125138282776 0 0
295 2 0.07727768272161484 0 0
296 2 0.07772410660982132 0 0
297 2 0.0781705379486084 0 0
298 0 0.07861696183681488 0 0
299 0 0.07905358821153641 0 0
300 0 0.07948039472103119 0 0
301 1 0.07989739626646042 0 0
302 1 0.08030131459236145 0 0
303 1 0.08069215714931488 0 0
304 1 0.08106992393732071 0 0
305 1 0.08143460750579834 0 0
306 1 0.08178621530532837 0 0
307 1 0.0821247398853302 0 0
308 1 0.08245018869638443 0 0
309 1 0.08276256173849106 0 0
310 1 0.08296363800764084 0 0
311 1 0.08324658125638962 0 0
312 1 0.0835164412856102 0 0
313 1 0.08377322554588318 0 0
314 1 0.08401693403720856 0 0
315 1 0.08424755930900574 0 0
316 1 0.08446510136127472 0 0
317 1 0.0846695676445961 0 0
318 1 0.08486095815896988 0 0
319 1 0.08503927290439606 0 0
320 1 0.08520449697971344 0 0
321 1 0.08535665273666382 0 0
322 1 0.085495725274086 0 0
323 1 0.0853496789932251 0 0
324 1 0.0851970911026001 0 0
325 1 0.085037961602211 0 0
326 1 0.0848722979426384 0 0
327 1 0.0847000852227211 0 0
328 1 0.0845213457942009 0 0
329 1 0.084336057305336 0 0
330 1 0.0842769593000412 0 0
331 1 0.0842769593000412 0 0
332 1 0.0842769593000412 0 0
333 1 0.0842769593000412 0 0
334 1 0.0842769593000412 0 0
335 1 0.0842769593000412 0 0
336 1 0.0842769593000412 0 0
337 1 0.0842769593000412 0 0
338 1 0.0842769593000412 0 0
339 1 0.0842769593000412 0 0
340 1 0.0842769593000412 0 0
341 0 0.0842769593000412 0 0
342 0 0.0842769593000412 0 0
343 0 0.0842769593000412 0 0
344 0 0.0842769593000412 0 0
345 0 0.0842769593000412 0 0
346 0 0.0842769593000412 0 0
347 0 0.0842769593000412 0 0
348 0 0.0842769593000412 0 0
349 0 0.0842769593000412 0 0
350 0 0.0842769593000412 0 0
351 0 0.0842769593000412 0 0
352 0 0.0842769593000412 0 0
353 0 0.0842769593000412 0 0
354 0 0.0842769593000412 0 0
355 0 0.0842769593000412 0 0
356 0 0.0842769593000412 0 0
357 0 0.0842769593000412 0 0
358 0 0.0842769593000412 0 0
359 0 0.0842769593000412 0 0
360 0 0.0842769593000412 0 0
361 0 0.0842769593000412 0 0
362 0 0.0842769593000412 0 0
363 0 0.0842769593000412 0 0
364 0 0.0842769593000412 0 0
365 0 0.0842769593000412 0 0
366 0 0.0842769593000412 0 0
367 0 0.0842769593000412 0 0
368 0 0.0842769593000412 0 0
369 0 0.0842769593000412 0 0
370 0 0.0842769593000412 0 0
371 0 0.0842769593000412 0 0
372 0 0.0842769593000412 0 0
373 0 0.0842769593000412 0 0
374 0 0.0842769593000412 0 0
375 2 0.0842769593000412 0 0
376 2 0.0844230130314827 0 0
377 2 0.0845756009221077 0 0
378 2 0.0847347229719162 0 0
379 2 0.0849003940820694 0 0
380 2 0.0850725993514061 0 0
381 18 0.0852513462305069 0 0
382 18 0.0854366272687912 0 0
383 18 0.0856284573674202 0 0
384 18 0.0858268216252327 0 0
385 18 0.0860317200422287 0 0
386 18 0.0862431675195694 0 0
387 18 0.0864611491560936 0 0
388 18 0.0866856724023819 0 0
389 18 0.0869167298078537 0 0
390 18 0.0871543362736702 0 0
391 18 0.0873984768986702 0 0
392 18 0.0876491516828537 0 0
393 18 0.0879063755273819 0 0
394 18 0.0881701335310936 0 0
395 18 0.0884404331445694 0 0
396 18 0.0887172669172287 0 0
397 18 0.0890006497502327 0 0
398 18 0.0892905667424202 0 0
399 2 0.0895870178937912 0 0
400 2 0.0898900181055069 0 0
401 2 0.0898519903421402 0 1
401 2 0.0898519903421402 0 1
